INSTRUMENT_TYPE=SBE4
SERIALNO=2822
CCALDATE=23-Jan-24
CG=-1.01783492e+001
CH= 1.38737815e+000
CI=-1.31115251e-003
CJ= 1.69169787e-004
CTCOR= 3.25000e-006
CPCOR=-9.57000e-008
