ctd/proc/en719_ctd01_avg.cnv
* Sea-Bird SBE 9 Data File:
* FileName = D:\ctd\raw\EN719_CTD01.hdr
* Software Version Seasave V 7.26.7.121
* Temperature SN = 4333
* Conductivity SN = 2459
* Number of Bytes Per Scan = 37
* Number of Voltage Words = 4
* Number of Scans Averaged by the Deck Unit = 1
* NMEA Latitude = 39 13.22 N
* NMEA Longitude = 063 42.23 W
* NMEA UTC (Time) = Jul 10 2024  14:35:46
* NMEA baud rate = 4800
** Ship: R/V Endeavor
** Cruise: EN719
** Principal Investigator: Chad Smith
** Chief Scientist: Chad Smith
** Project: NESMA24
** Cruise Start Date: 7 July 2024
** Ports: GSO, Narragansett RI to GSO, Narragansett RI
** Station:  CTD-01
** Bottom Depth: 4939
** Operator:  Gavin Dies
# nquan = 27
# nvalues = 1992                        
# units = specified
# name 0 = scan: Scan Count
# name 1 = timeJ: Julian Days
# name 2 = timeS: Time, Elapsed [seconds]
# name 3 = prDM: Pressure, Digiquartz [db]
# name 4 = t090C: Temperature [ITS-90, deg C]
# name 5 = t190C: Temperature, 2 [ITS-90, deg C]
# name 6 = T2-T190C: Temperature Difference, 2 - 1 [ITS-90, deg C]
# name 7 = c0S/m: Conductivity [S/m]
# name 8 = c1S/m: Conductivity, 2 [S/m]
# name 9 = altM: Altimeter [m]
# name 10 = pumps: Pump Status
# name 11 = latitude: Latitude [deg]
# name 12 = longitude: Longitude [deg]
# name 13 = C2-C1S/m: Conductivity Difference, 2 - 1 [S/m]
# name 14 = depSM: Depth [salt water, m]
# name 15 = depSM: Depth [salt water, m], lat = 39.2203
# name 16 = sal00: Salinity, Practical [PSU]
# name 17 = sigma-é00: Density [sigma-theta, kg/m^3]
# name 18 = oxsolMm/Kg: Oxygen Saturation, Garcia & Gordon [umol/kg]
# name 19 = oxsatMm/Kg: Oxygen Saturation, Weiss [umol/kg]
# name 20 = potemp090C: Potential Temperature [ITS-90, deg C]
# name 21 = svCM: Sound Velocity [Chen-Millero, m/s]
# name 22 = svCM1: Sound Velocity, 2 [Chen-Millero, m/s]
# name 23 = dz/dtM: Descent Rate [m/s], WS = 2
# name 24 = gpa: Geopotential Anomaly [J/kg]
# name 25 = nbin: number of scans per bin
# name 26 = flag: flag
# span 0 =      -1640,      84525       
# span 1 = 192.607415, 192.712856       
# span 2 =    -68.356,   3521.837       
# span 3 =      7.054,   2025.054       
# span 4 =     3.6732,    25.7142       
# span 5 =     2.8884,    25.7122       
# span 6 =    -2.6564,     4.5110       
# span 7 =   3.319492,   5.343828       
# span 8 =   3.310537,   5.332487       
# span 9 =     -12.17,     113.32       
# span 10 =          1,          1      
# span 11 =   39.17491,   39.22183      
# span 12 =  -63.72143,  -63.67740      
# span 13 =  -0.531860,   0.010557      
# span 14 =      6.987,   2000.020      
# span 15 =      7.000,   2000.000      
# span 16 =    33.7386,    54.2256      
# span 17 =    22.9011,    58.5599      
# span 18 =  173.47069,  326.11587      
# span 19 =  204.19255,  318.00202      
# span 20 =     3.5077,    25.7127      
# span 21 =    1484.39,    1535.95      
# span 22 =    1484.39,    1535.85      
# span 23 =     -0.753,    133.676      
# span 24 =     -1.154,     10.939      
# span 25 =          1,        816      
# span 26 = 0.0000e+00, 0.0000e+00      
# interval = meters: 1                  
# start_time = Jul 10 2024 14:35:49 [System UTC, header]
# bad_flag = -9.990e-29
*END*
[from data line 1128]
      42922 192.628905   1788.392   1148.864     4.5794     4.5804     0.0010   3.366898   3.358977      15.37          1   39.19651  -63.68824  -0.007924   1136.999   1137.000    35.0962    27.8103  310.23703  310.98323     4.4850    1488.07    1487.96      0.468      0.223         52 0.0000e+00
      42964 192.628925   1790.115   1149.877     4.5786     4.5798     0.0012   3.366870   3.358970      10.93          1   39.19649  -63.68823  -0.007900   1138.004   1138.000    35.0962    27.8104  310.24287  310.98918     4.4841    1488.09    1487.97      0.584      0.227         41 0.0000e+00
      43012 192.628948   1792.122   1150.891     4.5787     4.5798     0.0011   3.366921   3.359009      18.62          1   39.19646  -63.68822  -0.007915   1139.001   1139.000    35.0962    27.8104  310.24229  310.98860     4.4841    1488.10    1487.99      0.488      0.231         50 0.0000e+00
      43054 192.628968   1793.862   1151.904     4.5778     4.5787     0.0009   3.366880   3.358951      43.21          1   39.19643  -63.68820  -0.007920   1140.003   1140.000    35.0961    27.8105  310.24871  310.99513     4.4832    1488.12    1488.00      0.651      0.236         36 0.0000e+00
      43100 192.628991   1795.799   1152.917     4.5755     4.5765     0.0010   3.366704   3.358776       8.26          1   39.19641  -63.68820  -0.007923   1141.004   1141.000    35.0960    27.8107  310.26637  311.01311     4.4807    1488.12    1488.01      0.432      0.240         61 0.0000e+00
      43154 192.629017   1798.051   1153.930     4.5739     4.5749     0.0010   3.366609   3.358676       6.45          1   39.19638  -63.68818  -0.007933   1141.996   1142.000    35.0960    27.8109  310.27775  311.02470     4.4791    1488.13    1488.02      0.642      0.244         38 0.0000e+00
      43184 192.629031   1799.302   1154.943     4.5721     4.5729     0.0008   3.366476   3.358529       0.78          1   39.19637  -63.68817  -0.007931   1143.005   1143.000    35.0959    27.8110  310.29167  311.03888     4.4772    1488.14    1488.03      0.789      0.248         29 0.0000e+00
      43240 192.629058   1801.611   1155.957     4.5678     4.5684     0.0007   3.366112   3.358135       8.48          1   39.19633  -63.68815  -0.007963   1144.003   1144.000    35.0957    27.8113  310.32392  311.07171     4.4729    1488.14    1488.02      0.317      0.252         77 0.0000e+00
      43296 192.629085   1803.957   1156.970     4.5606     4.5616     0.0010   3.365482   3.357533      16.63          1   39.19630  -63.68814  -0.007932   1145.001   1145.000    35.0954    27.8118  310.37735  311.12611     4.4657    1488.13    1488.01      0.659      0.257         37 0.0000e+00
      43329 192.629101   1805.352   1157.983     4.5582     4.5591     0.0010   3.365287   3.357338      20.33          1   39.19629  -63.68813  -0.007932   1146.002   1146.000    35.0952    27.8119  310.39595  311.14504     4.4632    1488.14    1488.02      0.767      0.261         31 0.0000e+00
      43361 192.629117   1806.672   1158.996     4.5544     4.5551     0.0007   3.364975   3.357005      50.78          1   39.19626  -63.68812  -0.007953   1147.007   1147.000    35.0950    27.8123  310.42443  311.17404     4.4593    1488.14    1488.02      0.682      0.265         35 0.0000e+00
      43418 192.629144   1809.060   1160.010     4.5510     4.5518     0.0007   3.364705   3.356723      38.97          1   39.19624  -63.68811  -0.007978   1148.001   1148.000    35.0949    27.8126  310.44954  311.19961     4.4559    1488.14    1488.02      0.345      0.269         71 0.0000e+00
      43468 192.629168   1811.137   1161.023     4.5492     4.5500     0.0008   3.364586   3.356606       9.32          1   39.19621  -63.68809  -0.007974   1149.000   1149.000    35.0949    27.8127  310.46276  311.21307     4.4540    1488.15    1488.03      0.715      0.273         33 0.0000e+00
      43500 192.629183   1812.440   1162.036     4.5463     4.5472     0.0009   3.364337   3.356361      33.48          1   39.19619  -63.68808  -0.007958   1150.005   1150.000    35.0946    27.8128  310.48537  311.23608     4.4510    1488.15    1488.04      0.729      0.278         33 0.0000e+00
      43542 192.629204   1814.197   1163.049     4.5438     4.5447     0.0009   3.364147   3.356173      12.75          1   39.19617  -63.68807  -0.007971   1151.006   1151.000    35.0946    27.8131  310.50415  311.25520     4.4484    1488.16    1488.04      0.459      0.282         56 0.0000e+00
      43610 192.629236   1817.025   1164.063     4.5424     4.5434     0.0010   3.364068   3.356099      11.48          1   39.19614  -63.68806  -0.007967   1151.995   1152.000    35.0945    27.8132  310.51397  311.26520     4.4470    1488.17    1488.05      0.466      0.286         55 0.0000e+00
      43640 192.629251   1818.294   1165.076     4.5382     4.5389     0.0007   3.363687   3.355702      34.00          1   39.19612  -63.68805  -0.007952   1153.002   1153.000    35.0940    27.8133  310.54631  311.29811     4.4427    1488.17    1488.05      0.877      0.290         26 0.0000e+00
      43681 192.629271   1820.018   1166.089     4.5362     4.5370     0.0008   3.363550   3.355562      16.70          1   39.19609  -63.68804  -0.007983   1154.005   1154.000    35.0940    27.8135  310.56119  311.31327     4.4406    1488.18    1488.06      0.448      0.294         68 0.0000e+00
      43741 192.629300   1822.493   1167.103     4.5346     4.5355     0.0009   3.363441   3.355453       0.11          1   39.19607  -63.68802  -0.007982   1154.997   1155.000    35.0939    27.8136  310.57335  311.32565     4.4389    1488.19    1488.07      0.673      0.299         35 0.0000e+00
      43772 192.629315   1823.803   1168.116     4.5331     4.5340     0.0009   3.363344   3.355362      24.48          1   39.19604  -63.68801  -0.007967   1156.007   1156.000    35.0939    27.8138  310.58444  311.33694     4.4374    1488.20    1488.08      0.673      0.303         35 0.0000e+00
      43825 192.629340   1826.000   1169.129     4.5284     4.5292     0.0008   3.362930   3.354944      24.91          1   39.19601  -63.68800  -0.007981   1157.002   1157.000    35.0935    27.8140  310.62043  311.37358     4.4326    1488.20    1488.08      0.384      0.307         63 0.0000e+00
      43876 192.629365   1828.128   1170.142     4.5254     4.5261     0.0007   3.362689   3.354697      29.74          1   39.19599  -63.68798  -0.007981   1158.001   1158.000    35.0933    27.8142  310.64281  311.39636     4.4296    1488.20    1488.08      0.593      0.311         41 0.0000e+00
      43915 192.629384   1829.743   1171.156     4.5240     4.5251     0.0010   3.362609   3.354646      36.27          1   39.19596  -63.68796  -0.007962   1159.004   1159.000    35.0933    27.8144  310.65291  311.40665     4.4281    1488.21    1488.09      0.610      0.315         39 0.0000e+00
      43960 192.629406   1831.636   1172.169     4.5236     4.5245     0.0009   3.362616   3.354633       8.85          1   39.19594  -63.68796  -0.007984   1160.002   1160.000    35.0934    27.8145  310.65619  311.41000     4.4276    1488.23    1488.11      0.496      0.319         51 0.0000e+00
      44010 192.629430   1833.727   1173.182     4.5228     4.5238     0.0009   3.362592   3.354603      11.81          1   39.19591  -63.68794  -0.007987   1161.004   1161.000    35.0934    27.8145  310.66158  311.41548     4.4268    1488.24    1488.12      0.455      0.324         53 0.0000e+00
      44065 192.629456   1835.990   1174.196     4.5216     4.5227     0.0011   3.362521   3.354536      25.72          1   39.19588  -63.68793  -0.007980   1162.001   1162.000    35.0933    27.8147  310.67081  311.42488     4.4254    1488.25    1488.14      0.503      0.328         49 0.0000e+00
      44106 192.629476   1837.720   1175.209     4.5201     4.5212     0.0010   3.362433   3.354440       0.17          1   39.19586  -63.68792  -0.007992   1163.000   1163.000    35.0934    27.8149  310.68168  311.43596     4.4239    1488.26    1488.15      0.665      0.332         36 0.0000e+00
      44141 192.629493   1839.185   1176.222     4.5183     4.5193     0.0010   3.362292   3.354295      28.31          1   39.19584  -63.68791  -0.007990   1164.008   1164.000    35.0932    27.8149  310.69577  311.45029     4.4220    1488.27    1488.15      0.594      0.336         40 0.0000e+00
      44222 192.629532   1842.538   1177.236     4.5173     4.5182     0.0009   3.362245   3.354232      10.97          1   39.19580  -63.68789  -0.008015   1164.996   1165.000    35.0932    27.8150  310.70328  311.45795     4.4209    1488.28    1488.17      0.248      0.340         80 0.0000e+00
      44255 192.629548   1843.909   1178.249     4.5170     4.5180     0.0010   3.362279   3.354274      27.46          1   39.19578  -63.68788  -0.008008   1165.997   1166.000    35.0933    27.8152  310.70475  311.45946     4.4205    1488.30    1488.18      1.047      0.345         22 0.0000e+00
      44277 192.629558   1844.818   1179.262     4.5161     4.5170     0.0009   3.362221   3.354215      24.51          1   39.19576  -63.68788  -0.007999   1167.011   1167.000    35.0931    27.8151  310.71216  311.46698     4.4195    1488.31    1488.19      0.973      0.349         24 0.0000e+00
      44337 192.629587   1847.336   1180.276     4.5154     4.5162     0.0008   3.362196   3.354176      13.17          1   39.19573  -63.68785  -0.008018   1168.004   1168.000    35.0931    27.8152  310.71748  311.47240     4.4187    1488.33    1488.21      0.276      0.353         95 0.0000e+00
      44404 192.629619   1850.122   1181.289     4.5136     4.5146     0.0009   3.362082   3.354068      38.06          1   39.19569  -63.68784  -0.008013   1168.997   1169.000    35.0931    27.8154  310.73063  311.48580     4.4169    1488.34    1488.22      0.738      0.357         33 0.0000e+00
      44431 192.629632   1851.249   1182.302     4.5129     4.5139     0.0010   3.362057   3.354050      -0.00          1   39.19568  -63.68783  -0.008004   1170.000   1170.000    35.0930    27.8154  310.73572  311.49098     4.4161    1488.35    1488.23      0.904      0.361         26 0.0000e+00
      44462 192.629647   1852.531   1183.316     4.5094     4.5104     0.0010   3.361744   3.353749      24.77          1   39.19566  -63.68782  -0.007982   1171.011   1171.000    35.0926    27.8155  310.76286  311.51859     4.4125    1488.35    1488.24      0.595      0.366         44 0.0000e+00
      44541 192.629685   1855.830   1184.329     4.5066     4.5073     0.0007   3.361525   3.353490      24.61          1   39.19562  -63.68780  -0.008028   1171.994   1172.000    35.0925    27.8158  310.78419  311.54032     4.4096    1488.36    1488.24      0.288      0.370         72 0.0000e+00
      44575 192.629702   1857.230   1185.343     4.5033     4.5043     0.0010   3.361256   3.353243      21.17          1   39.19560  -63.68779  -0.008007   1173.000   1173.000    35.0923    27.8159  310.80862  311.56518     4.4063    1488.36    1488.24      0.832      0.374         29 0.0000e+00
      44604 192.629716   1858.457   1186.356     4.5020     4.5031     0.0011   3.361168   3.353163       2.08          1   39.19558  -63.68778  -0.008004   1174.009   1174.000    35.0922    27.8160  310.81900  311.57575     4.4049    1488.37    1488.26      0.674      0.378         35 0.0000e+00
      44667 192.629746   1861.087   1187.369     4.5006     4.5017     0.0011   3.361082   3.353075       0.55          1   39.19555  -63.68776  -0.008004   1174.999   1175.000    35.0921    27.8161  310.82906  311.58598     4.4035    1488.38    1488.26      0.327      0.382         71 0.0000e+00
      44709 192.629767   1862.838   1188.383     4.4981     4.4991     0.0010   3.360880   3.352866      20.95          1   39.19552  -63.68774  -0.007995   1175.999   1176.000    35.0918    27.8162  310.84819  311.60546     4.4009    1488.39    1488.27      0.812      0.386         29 0.0000e+00
      44738 192.629781   1864.062   1189.396     4.4946     4.4952     0.0007   3.360573   3.352543       1.97          1   39.19551  -63.68774  -0.008003   1177.009   1177.000    35.0915    27.8163  310.87536  311.63311     4.3973    1488.39    1488.27      0.685      0.391         34 0.0000e+00
      44813 192.629817   1867.179   1190.410     4.4884     4.4889     0.0005   3.360044   3.351964      42.91          1   39.19546  -63.68772  -0.008077   1177.999   1178.000    35.0913    27.8169  310.92158  311.68018     4.3911    1488.38    1488.26      0.219      0.395         86 0.0000e+00
      44860 192.629839   1869.111   1191.423     4.4854     4.4864     0.0009   3.359799   3.351775      15.82          1   39.19544  -63.68770  -0.008011   1178.998   1179.000    35.0911    27.8170  310.94410  311.70311     4.3880    1488.39    1488.27      0.821      0.399         30 0.0000e+00
      44887 192.629852   1870.230   1192.436     4.4807     4.4814     0.0007   3.359350   3.351314      92.00          1   39.19543  -63.68770  -0.008006   1180.006   1180.000    35.0903    27.8169  310.98075  311.74038     4.3833    1488.38    1488.26      0.851      0.403         27 0.0000e+00
      44932 192.629874   1872.106   1193.450     4.4771     4.4779     0.0008   3.359059   3.351015      28.31          1   39.19541  -63.68768  -0.008035   1181.004   1181.000    35.0902    27.8172  311.00775  311.76788     4.3796    1488.39    1488.27      0.420      0.407         68 0.0000e+00
      44986 192.629900   1874.366   1194.463     4.4753     4.4761     0.0008   3.358927   3.350892       7.08          1   39.19537  -63.68767  -0.008032   1181.997   1182.000    35.0901    27.8173  311.02155  311.78192     4.3777    1488.39    1488.27      0.750      0.412         32 0.0000e+00
      45013 192.629913   1875.503   1195.477     4.4729     4.4734     0.0006   3.358716   3.350662       0.69          1   39.19536  -63.68766  -0.008023   1183.004   1183.000    35.0896    27.8173  311.04054  311.80123     4.3752    1488.40    1488.28      0.871      0.416         26 0.0000e+00
      45065 192.629938   1877.685   1196.490     4.4690     4.4690     0.0001   3.358379   3.350264      12.56          1   39.19533  -63.68764  -0.008105   1184.004   1184.000    35.0893    27.8174  311.07028  311.83151     4.3713    1488.40    1488.28      0.353      0.420         89 0.0000e+00
      45134 192.629972   1880.541   1197.504     4.4660     4.4671     0.0011   3.358127   3.350111       0.11          1   39.19530  -63.68762  -0.008015   1184.996   1185.000    35.0891    27.8176  311.09336  311.85500     4.3682    1488.40    1488.29      0.757      0.424         32 0.0000e+00
      45160 192.629984   1881.628   1198.517     4.4633     4.4638     0.0006   3.357886   3.349840      47.65          1   39.19528  -63.68762  -0.008013   1186.002   1186.000    35.0886    27.8175  311.11441  311.87640     4.3655    1488.41    1488.29      0.934      0.428         25 0.0000e+00
      45187 192.629997   1882.750   1199.530     4.4584     4.4592     0.0008   3.357467   3.349419      35.42          1   39.19526  -63.68760  -0.008026   1187.009   1187.000    35.0883    27.8178  311.15126  311.91393     4.3605    1488.41    1488.29      0.771      0.432         31 0.0000e+00
      45241 192.630023   1885.004   1200.544     4.4520     4.4524     0.0003   3.356917   3.348835      18.61          1   39.19524  -63.68758  -0.008067   1188.001   1188.000    35.0881    27.8183  311.19896  311.96250     4.3541    1488.40    1488.28      0.357      0.437         70 0.0000e+00
      45290 192.630047   1887.040   1201.557     4.4480     4.4492     0.0012   3.356601   3.348589       0.13          1   39.19521  -63.68756  -0.008013   1188.999   1189.000    35.0881    27.8188  311.22879  311.99289     4.3500    1488.40    1488.28      0.785      0.441         30 0.0000e+00
