ctd/proc/EN719_CTD07_avg.cnv
* Sea-Bird SBE 9 Data File:
* FileName = D:\ctd\raw\EN719_CTD07.hdr
* Software Version Seasave V 7.26.7.121
* Temperature SN = 4333
* Conductivity SN = 0864
* Number of Bytes Per Scan = 37
* Number of Voltage Words = 4
* Number of Scans Averaged by the Deck Unit = 1
* NMEA Latitude = 39 16.82 N
* NMEA Longitude = 063 50.90 W
* NMEA UTC (Time) = Jul 21 2024  22:38:16
* NMEA baud rate = 4800
** Ship: R/V Endeavor
** Cruise: EN719
** Principal Investigator: Chad Smith
** Chief Scientist: Chad Smith
** Project: NESMA24
** Cruise Start Date: 7 July 2024
** Ports: GSO, Narragansett RI to GSO, Narragansett RI
** Station:  CTD07
** Bottom Depth: 4932
** Operator:  JMA
# nquan = 27
# nvalues = 1994                        
# units = specified
# name 0 = scan: Scan Count
# name 1 = timeJ: Julian Days
# name 2 = timeS: Time, Elapsed [seconds]
# name 3 = prDM: Pressure, Digiquartz [db]
# name 4 = t090C: Temperature [ITS-90, deg C]
# name 5 = t190C: Temperature, 2 [ITS-90, deg C]
# name 6 = T2-T190C: Temperature Difference, 2 - 1 [ITS-90, deg C]
# name 7 = c0S/m: Conductivity [S/m]
# name 8 = c1S/m: Conductivity, 2 [S/m]
# name 9 = altM: Altimeter [m]
# name 10 = pumps: Pump Status
# name 11 = latitude: Latitude [deg]
# name 12 = longitude: Longitude [deg]
# name 13 = C2-C1S/m: Conductivity Difference, 2 - 1 [S/m]
# name 14 = depSM: Depth [salt water, m]
# name 15 = depSM: Depth [salt water, m], lat = 39.2803
# name 16 = sal00: Salinity, Practical [PSU]
# name 17 = sigma-é00: Density [sigma-theta, kg/m^3]
# name 18 = oxsolMm/Kg: Oxygen Saturation, Garcia & Gordon [umol/kg]
# name 19 = oxsatMm/Kg: Oxygen Saturation, Weiss [umol/kg]
# name 20 = potemp090C: Potential Temperature [ITS-90, deg C]
# name 21 = svCM: Sound Velocity [Chen-Millero, m/s]
# name 22 = svCM1: Sound Velocity, 2 [Chen-Millero, m/s]
# name 23 = dz/dtM: Descent Rate [m/s], WS = 2
# name 24 = gpa: Geopotential Anomaly [J/kg]
# name 25 = nbin: number of scans per bin
# name 26 = flag: flag
# span 0 =       1841,      55182       
# span 1 = 203.944163, 203.969887       
# span 2 =     76.647,   2299.205       
# span 3 =      8.061,   2026.082       
# span 4 =     3.5593,    25.2845       
# span 5 =     3.5609,    25.2838       
# span 6 =    -0.0874,     0.0370       
# span 7 =   3.299925,   5.312954       
# span 8 =   3.300082,   5.313058       
# span 9 =     -21.05,     100.57       
# span 10 =          1,          1      
# span 11 =   39.27992,   39.28040      
# span 12 =  -63.84823,  -63.84346      
# span 13 =  -0.004933,   0.007650      
# span 14 =      8.004,   2001.045      
# span 15 =      8.000,   2001.000      
# span 16 =    33.9588,    35.5454      
# span 17 =    22.8443,    27.8130      
# span 18 =  206.08661,  318.27271      
# span 19 =  205.56472,  319.16067      
# span 20 =     3.3959,    25.2819      
# span 21 =    1482.03,    1535.06      
# span 22 =    1482.04,    1535.06      
# span 23 =     -0.338,      2.151      
# span 24 =      0.393,     13.602      
# span 25 =          5,        650      
# span 26 = 0.0000e+00, 0.0000e+00      
# interval = meters: 1                  
# start_time = Jul 21 2024 22:38:19 [System UTC, header]
# bad_flag = -9.990e-29
*END*
       1841 203.944163     76.647      8.061    25.1522    25.1582     0.0061   5.242526   5.244388      12.21          1   39.28040  -63.84823   0.001999      8.004      8.000    34.4028    22.8443  207.04268  206.51921    25.1504    1534.27    1534.29      0.177      0.393        650 0.0000e+00
       4014 203.945211    167.221      9.069    25.1638    25.1659     0.0022   5.252544   5.251551      -2.23          1   39.28033  -63.84808  -0.000747      8.998      9.000    34.4676    22.8897  206.91613  206.39298    25.1618    1534.38    1534.38      0.597      0.908         44 0.0000e+00
       3653 203.945037    152.183     10.077    25.2192    25.2145    -0.0047   5.271842   5.269418      10.75          1   39.28034  -63.84812  -0.003101     10.009     10.000    34.5674    22.9483  206.59188  206.06904    25.2170    1534.64    1534.61      0.540      0.873         44 0.0000e+00
       3751 203.945084    156.249     11.085    25.2734    25.2753     0.0020   5.295668   5.295329      27.49          1   39.28034  -63.84808  -0.000985     10.996     11.000    34.7014    23.0330  206.22732  205.70502    25.2710    1534.93    1534.93      0.394      0.925         56 0.0000e+00
       3800 203.945107    158.281     12.092    25.2845    25.2838    -0.0007   5.307355   5.307516       0.91          1   39.28034  -63.84808   0.000002     12.001     12.000    34.7787    23.0881  206.08661  205.56472    25.2819    1535.05    1535.06      0.437      0.973         57 0.0000e+00
       3853 203.945133    160.496     13.100    25.2639    25.2642     0.0002   5.308888   5.308947      14.73          1   39.28034  -63.84808   0.000003     13.001     13.000    34.8055    23.1147  206.12171  205.60008    25.2611    1535.05    1535.05      0.448      1.021         53 0.0000e+00
       3912 203.945162    162.963     14.108    25.2392    25.2378    -0.0014   5.312954   5.313058       7.82          1   39.28034  -63.84808  -0.000049     13.997     14.000    34.8541    23.1590  206.14200  205.62078    25.2361    1535.06    1535.06      0.457      1.069         54 0.0000e+00
       3954 203.945182    164.720     15.115    25.1392    25.1304    -0.0088   5.310957   5.310615      14.84          1   39.28034  -63.84808   0.000094     15.002     15.000    34.9161    23.2365  206.40380  205.88347    25.1359    1534.91    1534.89      0.579      1.116         40 0.0000e+00
       4009 203.945208    166.994     16.123    24.9805    24.9706    -0.0099   5.297961   5.297529       0.28          1   39.28034  -63.84808  -0.000018     16.000     16.000    34.9422    23.3045  206.91703  206.39777    24.9770    1534.57    1534.55      0.379      1.162         64 0.0000e+00
       4067 203.945236    169.401     17.131    24.8290    24.8228    -0.0062   5.285976   5.285807       0.53          1   39.28034  -63.84807   0.000024     16.999     17.000    34.9702    23.3717  207.40478  206.88669    24.8253    1534.25    1534.24      0.460      1.208         54 0.0000e+00
       4114 203.945259    171.372     18.139    24.7521    24.7486    -0.0035   5.286844   5.286951       0.67          1   39.28034  -63.84806  -0.000067     18.000     18.000    35.0361    23.4448  207.58381  207.06667    24.7482    1534.15    1534.15      0.564      1.253         41 0.0000e+00
       4171 203.945286    173.736     19.146    24.6639    24.6595    -0.0044   5.288786   5.288573      26.77          1   39.28034  -63.84807  -0.000095     19.000     19.000    35.1191    23.5342  207.78012  207.26417    24.6598    1534.04    1534.03      0.353      1.297         73 0.0000e+00
       4225 203.945312    175.995     20.154    24.2134    24.1836    -0.0298   5.254654   5.254126      39.67          1   39.28034  -63.84807   0.004065     19.994     20.000    35.2160    23.7425  209.23416  208.72301    24.2091    1533.06    1533.01      0.754      1.340         31 0.0000e+00
       4254 203.945327    177.214     21.162    23.3073    23.2671    -0.0401   5.138460   5.137401      29.56          1   39.28034  -63.84806   0.005148     21.007     21.000    35.0487    23.8822  212.72420  212.22396    23.3029    1530.63    1530.55      0.663      1.381         36 0.0000e+00
       4320 203.945358    179.961     22.170    22.0872    21.9998    -0.0874   4.973007   4.964727      23.73          1   39.28034  -63.84806  -0.001509     21.995     22.000    34.7387    23.9956  217.70268  217.22282    22.0828    1527.17    1526.95      0.301      1.421         71 0.0000e+00
       4361 203.945378    181.663     23.177    19.8623    19.7960    -0.0664   4.687421   4.685890      27.54          1   39.28034  -63.84807   0.007650     23.004     23.000    34.2481    24.2240  227.24752  226.82489    19.8581    1520.63    1520.49      0.680      1.460         33 0.0000e+00
       4412 203.945403    183.794     24.185    19.1953    19.1948    -0.0005   4.614612   4.614639      16.60          1   39.28034  -63.84807   0.000208     23.999     24.000    34.1958    24.3580  230.08130  229.67997    19.1909    1518.72    1518.72      0.402      1.496         63 0.0000e+00
       4457 203.945424    185.673     25.193    18.9849    18.9825    -0.0025   4.586699   4.588025      39.84          1   39.28034  -63.84806   0.004668     24.997     25.000    34.1361    24.3658  231.06759  230.67349    18.9805    1518.07    1518.08      0.779      1.532         30 0.0000e+00
       4497 203.945444    187.333     26.201    18.5283    18.5377     0.0094   4.535237   4.537220      19.01          1   39.28034  -63.84806   0.003152     26.003     26.000    34.0816    24.4390  233.11263  232.73528    18.5237    1516.71    1516.75      0.441      1.568         68 0.0000e+00
       4572 203.945480    190.454     27.209    18.1307    18.1446     0.0139   4.488205   4.490182       9.91          1   39.28032  -63.84806   0.003781     26.990     27.000    34.0140    24.4860  234.94529  234.58298    18.1261    1515.50    1515.55      0.545      1.603         45 0.0000e+00
       4598 203.945493    191.559     28.216    17.7931    17.7786    -0.0145   4.448765   4.448759       0.77          1   39.28032  -63.84805   0.003215     28.001     28.000    33.9588    24.5263  236.52519  236.17638    17.7884    1514.47    1514.44      0.859      1.637         27 0.0000e+00
       4630 203.945508    192.893     29.224    17.5870    17.5841    -0.0029   4.433461   4.433366      29.81          1   39.28032  -63.84804   0.000218     29.005     29.000    33.9997    24.6076  237.37696  237.03710    17.5821    1513.92    1513.91      0.614      1.671         42 0.0000e+00
       4688 203.945536    195.272     30.232    17.3767    17.3718    -0.0050   4.414142   4.414206      -0.16          1   39.28033  -63.84804   0.000530     29.999     30.000    34.0096    24.6658  238.30487  237.97417    17.3717    1513.32    1513.31      0.373      1.705         65 0.0000e+00
       4741 203.945561    197.491     31.240    17.2687    17.2685    -0.0002   4.415200   4.415386      12.81          1   39.28032  -63.84804  -0.000378     30.999     31.000    34.1093    24.7681  238.63052  238.30526    17.2636    1513.13    1513.14      0.558      1.737         43 0.0000e+00
       4782 203.945581    199.211     32.247    17.2869    17.2916     0.0048   4.441338   4.441391       0.83          1   39.28032  -63.84804  -0.001402     32.000     32.000    34.3196    24.9250  238.20844  237.88385    17.2815    1513.44    1513.45      0.581      1.769         42 0.0000e+00
       4823 203.945601    200.927     33.255    17.3520    17.3530     0.0009   4.460847   4.460931       0.59          1   39.28032  -63.84804   0.000106     33.000     33.000    34.4325    24.9961  237.73247  237.40579    17.3465    1513.78    1513.79      0.600      1.799         40 0.0000e+00
       4866 203.945622    202.710     34.263    17.2489    17.2454    -0.0035   4.451178   4.451165      24.84          1   39.28032  -63.84805   0.000589     34.003     34.000    34.4364    25.0238  238.19077  237.86870    17.2432    1513.50    1513.49      0.481      1.828         50 0.0000e+00
       4936 203.945655    205.626     35.271    16.8193    16.8136    -0.0057   4.411064   4.411644      33.92          1   39.28032  -63.84804   0.001870     34.994     35.000    34.4546    25.1396  240.11263  239.81029    16.8136    1512.25    1512.24      0.375      1.858         66 0.0000e+00
       4972 203.945673    207.122     36.279    16.5242    16.5188    -0.0053   4.384024   4.384199      48.05          1   39.28032  -63.84804   0.001384     35.995     36.000    34.4710    25.2213  241.44392  241.15569    16.5183    1511.39    1511.38      0.963      1.885         24 0.0000e+00
       4995 203.945684    208.091     37.287    16.4406    16.4375    -0.0031   4.375362   4.375241      21.40          1   39.28032  -63.84802   0.000589     37.006     37.000    34.4665    25.2373  241.83860  241.55436    16.4347    1511.14    1511.14      0.923      1.913         25 0.0000e+00
       5061 203.945716    210.823     38.294    16.3695    16.3859     0.0164   4.367965   4.369606      20.12          1   39.28032  -63.84802   0.001730     38.000     38.000    34.4624    25.2506  242.17605  241.89525    16.3634    1510.94    1510.99      0.248      1.941        103 0.0000e+00
       5127 203.945747    213.565     39.302    16.1975    16.1801    -0.0174   4.349170   4.347624       0.14          1   39.28032  -63.84802  -0.000211     38.994     39.000    34.4446    25.2766  243.00842  242.73595    16.1913    1510.41    1510.36      0.885      1.969         27 0.0000e+00
       5150 203.945759    214.548     40.310    16.0833    16.0776    -0.0057   4.337770   4.337660      24.35          1   39.28032  -63.84802   0.000467     40.002     40.000    34.4421    25.3009  243.54850  243.28172    16.0770    1510.07    1510.06      0.965      1.996         24 0.0000e+00
       5179 203.945772    215.739     41.318    15.9601    15.9575    -0.0025   4.327145   4.327228      36.53          1   39.28032  -63.84802   0.000781     41.007     41.000    34.4543    25.3384  244.10928  243.84884    15.9536    1509.72    1509.72      0.694      2.023         36 0.0000e+00
       5238 203.945801    218.201     42.326    15.7771    15.7766    -0.0005   4.310853   4.310778       9.99          1   39.28032  -63.84802   0.000251     42.001     42.000    34.4679    25.3904  244.95360  244.70266    15.7705    1509.19    1509.19      0.316      2.050         80 0.0000e+00
       5311 203.945836    221.245     43.334    15.5816    15.5767    -0.0050   4.293094   4.293237       0.09          1   39.28032  -63.84803   0.001352     42.993     43.000    34.4792    25.4430  245.86825  245.62766    15.5749    1508.61    1508.60      0.511      2.076         50 0.0000e+00
       5342 203.945851    222.537     44.342    15.2224    15.2174    -0.0049   4.265241   4.265245       0.55          1   39.28032  -63.84801   0.000765     43.996     44.000    34.5432    25.5723  247.48966  247.26887    15.2156    1507.58    1507.57      0.946      2.101         25 0.0000e+00
       5366 203.945863    223.547     45.349    15.1635    15.1626    -0.0009   4.260508   4.260471       0.61          1   39.28032  -63.84801   0.000303     45.009     45.000    34.5519    25.5920  247.76084  247.54335    15.1567    1507.42    1507.42      0.831      2.124         28 0.0000e+00
       5433 203.945895    226.329     46.357    15.1293    15.1407     0.0114   4.257596   4.258635       0.66          1   39.28032  -63.84801   0.001069     45.997     46.000    34.5553    25.6022  247.92138  247.70580    15.1223    1507.33    1507.37      0.226      2.149         84 0.0000e+00
       5480 203.945918    228.291     47.365    15.0600    15.0602     0.0002   4.251588   4.251625       0.63          1   39.28032  -63.84800   0.000291     46.998     47.000    34.5616    25.6223  248.24828  248.03660    15.0529    1507.14    1507.14      0.815      2.173         28 0.0000e+00
       5511 203.945933    229.579     48.373    15.0321    15.0341     0.0019   4.249324   4.249420       0.54          1   39.28032  -63.84800   0.000174     48.005     48.000    34.5652    25.6313  248.37809  248.16798    15.0249    1507.07    1507.08      0.663      2.197         37 0.0000e+00
       5568 203.945960    231.960     49.381    15.0239    15.0254     0.0015   4.248755   4.248746      14.07          1   39.28032  -63.84798   0.000024     48.999     49.000    34.5669    25.6344  248.41535  248.20572    15.0165    1507.06    1507.07      0.345      2.221         73 0.0000e+00
       5623 203.945987    234.262     50.389    14.9904    14.9902    -0.0002   4.245635   4.245612      14.45          1   39.28032  -63.84800   0.000249     49.997     50.000    34.5678    25.6425  248.57758  248.36983    14.9829    1506.98    1506.97      0.649      2.244         37 0.0000e+00
       5656 203.946003    235.640     51.397    14.8327    14.8296    -0.0031   4.230010   4.230286      14.94          1   39.28032  -63.84803   0.001717     51.001     51.000    34.5647    25.6744  249.35726  249.15838    14.8250    1506.49    1506.48      0.715      2.268         33 0.0000e+00
       5696 203.946022    237.281     52.405    14.5170    14.5150    -0.0021   4.200830   4.200955       2.14          1   39.28032  -63.84802   0.000860     52.003     52.000    34.5777    25.7527  250.89719  250.71660    14.5093    1505.51    1505.51      0.513      2.291         49 0.0000e+00
       5756 203.946051    239.776     53.413    14.4081    14.4099     0.0018   4.194304   4.194314      52.51          1   39.28032  -63.84800   0.000017     52.999     53.000    34.6146    25.8045  251.37566  251.20178    14.4002    1505.22    1505.23      0.381      2.313         65 0.0000e+00
       5807 203.946076    241.933     54.421    14.4024    14.4025     0.0001   4.195582   4.195287      38.62          1   39.28032  -63.84799  -0.000345     53.995     54.000    34.6310    25.8185  251.37534  251.20195    14.3944    1505.24    1505.24      0.662      2.335         36 0.0000e+00
       5839 203.946091    243.261     55.428    14.4071    14.4086     0.0014   4.196958   4.196803      21.12          1   39.28032  -63.84798  -0.000321     55.004     55.000    34.6391    25.8237  251.33765  251.16405    14.3990    1505.28    1505.28      0.680      2.357         34 0.0000e+00
       5896 203.946118    245.618     56.436    14.4887    14.4916     0.0030   4.211366   4.211169       8.74          1   39.28032  -63.84798  -0.000763     55.997     56.000    34.6985    25.8521  250.82776  250.64992    14.4804    1505.63    1505.63      0.352      2.379         68 0.0000e+00
       5941 203.946140    247.505     57.444    14.5283    14.5280    -0.0004   4.219742   4.219763      20.11          1   39.28032  -63.84798   0.000447     56.996     57.000    34.7397    25.8754  250.55885  250.37906    14.5199    1505.82    1505.82      0.833      2.401         28 0.0000e+00
       5969 203.946154    248.683     58.452    14.2269    14.2175    -0.0094   4.186565   4.186722      33.28          1   39.28032  -63.84798   0.002453     58.007     58.000    34.7034    25.9117  252.13043  251.96822    14.2184    1504.83    1504.81      0.695      2.422         35 0.0000e+00
       6040 203.946188    251.636     59.460    13.8721    13.8516    -0.0205   4.149559   4.148220       2.73          1   39.28032  -63.84797  -0.001322     58.997     59.000    34.6789    25.9675  253.96618  253.82530    13.8636    1503.67    1503.61      0.246      2.443         88 0.0000e+00
       6092 203.946213    253.781     60.468    13.8596    13.8624     0.0028   4.155592   4.155577       0.44          1   39.28032  -63.84796  -0.000195     59.993     60.000    34.7460    26.0220  253.91213  253.77272    13.8510    1503.72    1503.73      0.914      2.463         26 0.0000e+00
