ctd/proc/en719_ctd01_avg.cnv
* Sea-Bird SBE 9 Data File:
* FileName = D:\ctd\raw\EN719_CTD01.hdr
* Software Version Seasave V 7.26.7.121
* Temperature SN = 4333
* Conductivity SN = 2459
* Number of Bytes Per Scan = 37
* Number of Voltage Words = 4
* Number of Scans Averaged by the Deck Unit = 1
* NMEA Latitude = 39 13.22 N
* NMEA Longitude = 063 42.23 W
* NMEA UTC (Time) = Jul 10 2024  14:35:46
* NMEA baud rate = 4800
** Ship: R/V Endeavor
** Cruise: EN719
** Principal Investigator: Chad Smith
** Chief Scientist: Chad Smith
** Project: NESMA24
** Cruise Start Date: 7 July 2024
** Ports: GSO, Narragansett RI to GSO, Narragansett RI
** Station:  CTD-01
** Bottom Depth: 4939
** Operator:  Gavin Dies
# nquan = 27
# nvalues = 1992                        
# units = specified
# name 0 = scan: Scan Count
# name 1 = timeJ: Julian Days
# name 2 = timeS: Time, Elapsed [seconds]
# name 3 = prDM: Pressure, Digiquartz [db]
# name 4 = t090C: Temperature [ITS-90, deg C]
# name 5 = t190C: Temperature, 2 [ITS-90, deg C]
# name 6 = T2-T190C: Temperature Difference, 2 - 1 [ITS-90, deg C]
# name 7 = c0S/m: Conductivity [S/m]
# name 8 = c1S/m: Conductivity, 2 [S/m]
# name 9 = altM: Altimeter [m]
# name 10 = pumps: Pump Status
# name 11 = latitude: Latitude [deg]
# name 12 = longitude: Longitude [deg]
# name 13 = C2-C1S/m: Conductivity Difference, 2 - 1 [S/m]
# name 14 = depSM: Depth [salt water, m]
# name 15 = depSM: Depth [salt water, m], lat = 39.2203
# name 16 = sal00: Salinity, Practical [PSU]
# name 17 = sigma-é00: Density [sigma-theta, kg/m^3]
# name 18 = oxsolMm/Kg: Oxygen Saturation, Garcia & Gordon [umol/kg]
# name 19 = oxsatMm/Kg: Oxygen Saturation, Weiss [umol/kg]
# name 20 = potemp090C: Potential Temperature [ITS-90, deg C]
# name 21 = svCM: Sound Velocity [Chen-Millero, m/s]
# name 22 = svCM1: Sound Velocity, 2 [Chen-Millero, m/s]
# name 23 = dz/dtM: Descent Rate [m/s], WS = 2
# name 24 = gpa: Geopotential Anomaly [J/kg]
# name 25 = nbin: number of scans per bin
# name 26 = flag: flag
# span 0 =      -1640,      84525       
# span 1 = 192.607415, 192.712856       
# span 2 =    -68.356,   3521.837       
# span 3 =      7.054,   2025.054       
# span 4 =     3.6732,    25.7142       
# span 5 =     2.8884,    25.7122       
# span 6 =    -2.6564,     4.5110       
# span 7 =   3.319492,   5.343828       
# span 8 =   3.310537,   5.332487       
# span 9 =     -12.17,     113.32       
# span 10 =          1,          1      
# span 11 =   39.17491,   39.22183      
# span 12 =  -63.72143,  -63.67740      
# span 13 =  -0.531860,   0.010557      
# span 14 =      6.987,   2000.020      
# span 15 =      7.000,   2000.000      
# span 16 =    33.7386,    54.2256      
# span 17 =    22.9011,    58.5599      
# span 18 =  173.47069,  326.11587      
# span 19 =  204.19255,  318.00202      
# span 20 =     3.5077,    25.7127      
# span 21 =    1484.39,    1535.95      
# span 22 =    1484.39,    1535.85      
# span 23 =     -0.753,    133.676      
# span 24 =     -1.154,     10.939      
# span 25 =          1,        816      
# span 26 = 0.0000e+00, 0.0000e+00      
# interval = meters: 1                  
# start_time = Jul 10 2024 14:35:49 [System UTC, header]
# bad_flag = -9.990e-29
*END*
[from data line 537]
      19482 192.617601    811.707    548.888     7.4427     7.4430     0.0003   3.599324   3.600926      -0.25          1   39.20950  -63.69610   0.001833    543.990    544.000    35.0566    27.4085  290.40586  290.80265     7.3881    1489.46    1489.48      1.139      9.392         21 0.0000e+00
      19500 192.617609    812.450    549.899     7.4266     7.4278     0.0012   3.598001   3.599592       0.62          1   39.20949  -63.69609   0.001664    545.000    545.000    35.0580    27.4119  290.50857  290.90713     7.3719    1489.42    1489.44      1.357      9.399         17 0.0000e+00
      19517 192.617618    813.183    550.909     7.4195     7.4207     0.0012   3.597339   3.598877      33.46          1   39.20948  -63.69608   0.001674    545.994    546.000    35.0574    27.4124  290.55601  290.95531     7.3648    1489.41    1489.43      1.287      9.407         18 0.0000e+00
      19544 192.617631    814.286    551.919     7.3859     7.3848    -0.0011   3.594033   3.595414      30.11          1   39.20946  -63.69607   0.001537    547.013    547.000    35.0549    27.4152  290.78194  291.18481     7.3312    1489.29    1489.31      0.712      9.415         41 0.0000e+00
      19587 192.617651    816.082    552.930     7.3552     7.3539    -0.0014   3.591043   3.592451      -1.65          1   39.20943  -63.69605   0.001608    547.990    548.000    35.0528    27.4180  290.98803  291.39418     7.3006    1489.19    1489.20      0.742      9.422         33 0.0000e+00
      19612 192.617663    817.119    553.940     7.3207     7.3216     0.0010   3.587763   3.589372      29.91          1   39.20942  -63.69604   0.001782    548.996    549.000    35.0514    27.4218  291.21814  291.62800     7.2661    1489.07    1489.10      1.105      9.430         21 0.0000e+00
      19632 192.617673    817.958    554.950     7.2947     7.2941    -0.0006   3.585256   3.586736       0.54          1   39.20942  -63.69604   0.001735    550.003    550.000    35.0498    27.4243  291.39268  291.80533     7.2401    1488.99    1489.00      1.144      9.437         21 0.0000e+00
      19657 192.617685    818.980    555.961     7.2595     7.2585    -0.0010   3.581951   3.583396       0.59          1   39.20940  -63.69602   0.001616    551.010    551.000    35.0489    27.4285  291.62713  292.04359     7.2049    1488.86    1488.88      0.805      9.445         32 0.0000e+00
      19698 192.617705    820.690    556.971     7.2340     7.2342     0.0002   3.579644   3.581169       0.55          1   39.20938  -63.69600   0.001616    551.994    552.000    35.0490    27.4322  291.79537  292.21462     7.1794    1488.78    1488.81      0.609      9.452         40 0.0000e+00
      19727 192.617719    821.932    557.982     7.2150     7.2161     0.0011   3.577965   3.579522      26.65          1   39.20936  -63.69600   0.001644    552.996    553.000    35.0493    27.4352  291.92001  292.34134     7.1604    1488.73    1488.75      1.015      9.460         24 0.0000e+00
      19749 192.617730    822.828    558.992     7.2051     7.2072     0.0021   3.577117   3.578752      19.99          1   39.20936  -63.69598   0.001687    554.002    554.000    35.0496    27.4368  291.98511  292.40753     7.1504    1488.71    1488.74      1.094      9.467         21 0.0000e+00
      19773 192.617741    823.843    560.002     7.1966     7.1974     0.0008   3.576370   3.577887       7.56          1   39.20934  -63.69597   0.001552    555.009    555.000    35.0495    27.4379  292.04130  292.46465     7.1419    1488.69    1488.71      0.842      9.475         30 0.0000e+00
      19813 192.617760    825.480    561.013     7.1898     7.1912     0.0013   3.575774   3.577347      14.25          1   39.20933  -63.69596   0.001607    555.998    556.000    35.0493    27.4387  292.08636  292.51045     7.1350    1488.68    1488.71      0.573      9.482         44 0.0000e+00
      19848 192.617777    826.943    562.023     7.1763     7.1801     0.0038   3.574560   3.576352       0.14          1   39.20931  -63.69594   0.001849    556.995    557.000    35.0492    27.4406  292.17598  292.60155     7.1215    1488.65    1488.68      0.894      9.489         26 0.0000e+00
      19872 192.617789    827.958    563.033     7.1634     7.1633    -0.0001   3.573322   3.574761      22.85          1   39.20929  -63.69593   0.001577    558.003    558.000    35.0483    27.4417  292.26376  292.69073     7.1085    1488.61    1488.63      0.966      9.497         25 0.0000e+00
      19899 192.617802    829.082    564.044     7.1448     7.1429    -0.0019   3.571566   3.572836      11.05          1   39.20928  -63.69592   0.001502    559.004    559.000    35.0473    27.4436  292.38883  292.81783     7.0899    1488.56    1488.57      0.830      9.504         30 0.0000e+00
      19930 192.617817    830.379    565.054     7.0901     7.0867    -0.0034   3.566134   3.567453      10.46          1   39.20927  -63.69591   0.001584    559.997    560.000    35.0428    27.4476  292.76214  293.19708     7.0353    1488.35    1488.36      0.808      9.511         30 0.0000e+00
      19958 192.617830    831.527    566.065     7.0574     7.0585     0.0010   3.563310   3.564849      43.23          1   39.20926  -63.69590   0.001621    561.000    561.000    35.0444    27.4534  292.97583  293.41442     7.0027    1488.25    1488.27      0.928      9.519         26 0.0000e+00
      19984 192.617843    832.622    567.075     7.0447     7.0457     0.0010   3.562169   3.563702       6.51          1   39.20926  -63.69588   0.001596    562.005    562.000    35.0443    27.4552  293.06098  293.50099     6.9899    1488.22    1488.24      0.845      9.526         28 0.0000e+00
      20018 192.617859    834.025    568.085     7.0382     7.0402     0.0020   3.561657   3.563262       0.66          1   39.20923  -63.69587   0.001610    563.002    563.000    35.0448    27.4564  293.10304  293.54377     6.9834    1488.21    1488.23      0.648      9.533         39 0.0000e+00
      20056 192.617877    835.606    569.096     7.0356     7.0371     0.0015   3.561497   3.563046       0.53          1   39.20920  -63.69586   0.001559    563.996    564.000    35.0451    27.4571  293.11952  293.56055     6.9807    1488.21    1488.24      0.749      9.540         33 0.0000e+00
      20083 192.617890    836.732    570.106     7.0343     7.0363     0.0020   3.561456   3.563020      27.20          1   39.20920  -63.69584   0.001571    564.996    565.000    35.0456    27.4576  293.12757  293.56876     6.9792    1488.23    1488.25      1.033      9.547         23 0.0000e+00
      20104 192.617901    837.629    571.117     7.0299     7.0308     0.0010   3.561122   3.562606       0.60          1   39.20918  -63.69584   0.001546    566.001    566.000    35.0459    27.4585  293.15621  293.59789     6.9748    1488.23    1488.25      1.122      9.555         21 0.0000e+00
      20127 192.617912    838.578    572.127     7.0208     7.0221     0.0012   3.560380   3.561903       0.62          1   39.20916  -63.69582   0.001542    567.011    567.000    35.0464    27.4602  293.21522  293.65791     6.9657    1488.21    1488.23      0.892      9.562         27 0.0000e+00
      20170 192.617933    840.379    573.137     7.0097     7.0090    -0.0007   3.559403   3.560780       0.60          1   39.20915  -63.69581   0.001472    567.999    568.000    35.0464    27.4618  293.28924  293.73318     6.9545    1488.18    1488.20      0.468      9.569         54 0.0000e+00
      20211 192.617952    842.077    574.148     6.9863     6.9860    -0.0003   3.557457   3.558829       0.61          1   39.20912  -63.69579   0.001404    568.991    569.000    35.0484    27.4666  293.44163  293.88823     6.9310    1488.11    1488.13      0.934      9.576         26 0.0000e+00
      20232 192.617963    842.961    575.158     6.9795     6.9814     0.0019   3.556931   3.558469      33.61          1   39.20912  -63.69578   0.001556    569.998    570.000    35.0489    27.4679  293.48538  293.93274     6.9242    1488.10    1488.13      1.153      9.583         21 0.0000e+00
      20253 192.617973    843.828    576.169     6.9742     6.9760     0.0018   3.556487   3.558021      45.73          1   39.20910  -63.69578   0.001567    571.008    571.000    35.0490    27.4687  293.52095  293.96891     6.9188    1488.10    1488.12      1.040      9.590         22 0.0000e+00
      20285 192.617988    845.152    577.179     6.9728     6.9747     0.0018   3.556435   3.557956      17.34          1   39.20909  -63.69577   0.001521    572.005    572.000    35.0493    27.4692  293.52945  293.97757     6.9173    1488.11    1488.14      0.628      9.597         44 0.0000e+00
      20327 192.618008    846.905    578.190     6.9728     6.9749     0.0021   3.556509   3.558044      19.31          1   39.20907  -63.69575   0.001528    572.992    573.000    35.0497    27.4695  293.52892  293.97705     6.9172    1488.13    1488.15      0.764      9.605         32 0.0000e+00
      20352 192.618020    847.944    579.200     6.9714     6.9734     0.0020   3.556488   3.558019       0.55          1   39.20906  -63.69574   0.001527    573.998    574.000    35.0504    27.4703  293.53688  293.98519     6.9157    1488.14    1488.17      1.039      9.612         22 0.0000e+00
      20375 192.618031    848.918    580.211     6.9712     6.9735     0.0023   3.556585   3.558126       0.56          1   39.20903  -63.69572   0.001539    575.008    575.000    35.0511    27.4709  293.53612  293.98446     6.9155    1488.15    1488.18      0.913      9.619         27 0.0000e+00
      20409 192.618048    850.329    581.221     6.9697     6.9718     0.0021   3.556523   3.558048       0.60          1   39.20902  -63.69571   0.001534    576.001    576.000    35.0514    27.4714  293.54541  293.99392     6.9139    1488.17    1488.19      0.643      9.626         39 0.0000e+00
      20444 192.618065    851.810    582.232     6.9477     6.9456    -0.0021   3.554252   3.555476       0.55          1   39.20902  -63.69570   0.001437    576.995    577.000    35.0483    27.4720  293.69936  294.15026     6.8918    1488.09    1488.11      0.819      9.633         29 0.0000e+00
      20471 192.618078    852.911    583.242     6.9329     6.9349     0.0019   3.553052   3.554546      10.26          1   39.20899  -63.69569   0.001499    578.003    578.000    35.0496    27.4750  293.79524  294.24783     6.8770    1488.06    1488.08      0.905      9.640         27 0.0000e+00
      20500 192.618092    854.110    584.253     6.9315     6.9334     0.0019   3.552978   3.554467       9.61          1   39.20897  -63.69568   0.001491    579.003    579.000    35.0497    27.4753  293.80447  294.25722     6.8755    1488.07    1488.09      0.768      9.647         32 0.0000e+00
      20534 192.618108    855.543    585.263     6.9273     6.9286     0.0013   3.552652   3.554094      35.14          1   39.20896  -63.69567   0.001467    580.000    580.000    35.0500    27.4761  293.83238  294.28561     6.8712    1488.07    1488.09      0.695      9.654         35 0.0000e+00
      20568 192.618124    856.950    586.274     6.9218     6.9230     0.0012   3.552228   3.553661      18.68          1   39.20894  -63.69565   0.001462    580.999    581.000    35.0504    27.4772  293.86823  294.32209     6.8656    1488.06    1488.09      0.771      9.661         32 0.0000e+00
      20597 192.618139    858.170    587.284     6.9179     6.9201     0.0022   3.552082   3.553587       1.02          1   39.20893  -63.69564   0.001459    581.999    582.000    35.0522    27.4792  293.89025  294.34459     6.8616    1488.07    1488.09      0.871      9.668         27 0.0000e+00
      20624 192.618152    859.301    588.295     6.9207     6.9227     0.0020   3.552729   3.554184      20.63          1   39.20891  -63.69563   0.001454    583.002    583.000    35.0560    27.4819  293.86340  294.31751     6.8643    1488.10    1488.13      0.880      9.675         28 0.0000e+00
      20653 192.618165    860.480    589.305     6.9169     6.9182     0.0014   3.552466   3.553882       0.52          1   39.20890  -63.69562   0.001445    584.001    584.000    35.0565    27.4828  293.88789  294.34244     6.8604    1488.10    1488.13      0.846      9.682         28 0.0000e+00
      20681 192.618179    861.685    590.316     6.9097     6.9111     0.0014   3.551992   3.553401      20.67          1   39.20888  -63.69560   0.001439    585.001    585.000    35.0581    27.4850  293.93251  294.38790     6.8532    1488.09    1488.12      0.823      9.689         30 0.0000e+00
      20713 192.618194    862.999    591.326     6.9039     6.9055     0.0016   3.551576   3.552997       1.57          1   39.20887  -63.69559   0.001437    586.005    586.000    35.0589    27.4864  293.96944  294.42550     6.8473    1488.09    1488.11      0.669      9.696         36 0.0000e+00
      20758 192.618216    864.873    592.337     6.8999     6.9016     0.0016   3.551290   3.552693      29.19          1   39.20884  -63.69557   0.001415    586.996    587.000    35.0593    27.4873  293.99528  294.45179     6.8432    1488.09    1488.11      0.564      9.703         45 0.0000e+00
      20790 192.618232    866.217    593.347     6.8950     6.8966     0.0016   3.550913   3.552300      -0.22          1   39.20883  -63.69556   0.001426    587.993    588.000    35.0597    27.4883  294.02748  294.48456     6.8382    1488.09    1488.11      1.012      9.710         23 0.0000e+00
      20811 192.618242    867.092    594.358     6.8880     6.8893     0.0014   3.550334   3.551701       0.64          1   39.20881  -63.69555   0.001412    589.004    589.000    35.0599    27.4895  294.07405  294.53193     6.8311    1488.08    1488.10      1.115      9.717         21 0.0000e+00
      20835 192.618253    868.082    595.368     6.8817     6.8829     0.0013   3.549883   3.551233      10.45          1   39.20880  -63.69554   0.001382    590.008    590.000    35.0609    27.4911  294.11426  294.57287     6.8248    1488.07    1488.09      0.879      9.724         29 0.0000e+00
      20870 192.618270    869.555    596.379     6.8760     6.8774     0.0014   3.549479   3.550834      10.49          1   39.20879  -63.69553   0.001368    591.001    591.000    35.0617    27.4926  294.15063  294.60990     6.8190    1488.07    1488.09      0.619      9.731         40 0.0000e+00
      20908 192.618289    871.134    597.389     6.8715     6.8731     0.0016   3.549133   3.550475      15.92          1   39.20877  -63.69551   0.001357    591.998    592.000    35.0620    27.4934  294.18000  294.63978     6.8144    1488.07    1488.09      0.722      9.738         33 0.0000e+00
      20939 192.618303    872.411    598.400     6.8689     6.8709     0.0020   3.548967   3.550320      20.55          1   39.20876  -63.69550   0.001360    593.002    593.000    35.0623    27.4940  294.19670  294.65677     6.8118    1488.07    1488.10      0.808      9.744         30 0.0000e+00
      20969 192.618318    873.685    599.410     6.8651     6.8665     0.0014   3.548646   3.549953      37.75          1   39.20874  -63.69548   0.001344    594.001    594.000    35.0622    27.4945  294.22283  294.68334     6.8078    1488.07    1488.10      0.764      9.751         32 0.0000e+00
      21002 192.618334    875.054    600.421     6.8553     6.8562     0.0010   3.547775   3.549047       0.71          1   39.20873  -63.69547   0.001324    595.000    595.000    35.0620    27.4957  294.28875  294.75036     6.7980    1488.05    1488.07      0.738      9.758         33 0.0000e+00
      21034 192.618349    876.371    601.432     6.8381     6.8375    -0.0006   3.546162   3.547332       0.62          1   39.20871  -63.69546   0.001316    595.998    596.000    35.0612    27.4974  294.40599  294.86952     6.7808    1488.00    1488.02      0.823      9.765         29 0.0000e+00
