ctd/proc/en717_03.ros
* Sea-Bird SBE 9 Data File:
* FileName = D:\ctd\raw\EN717_03.hdr
* Software Version Seasave V 7.26.7.121
* Temperature SN = 4695
* Conductivity SN = 0618
* Number of Bytes Per Scan = 40
* Number of Voltage Words = 5
* Number of Scans Averaged by the Deck Unit = 1
* NMEA Latitude = 39 25.85 N
* NMEA Longitude = 071 17.74 W
* NMEA UTC (Time) = Jun 08 2024  18:07:13
* NMEA baud rate = 4800
** Ship: R/V Endeavor
** Cruise: EN717
** Principal Investigator: David Smith
** Chief Scientist: David Smith
** Project: RITAS
** Cruise Start Date: 07 June 2024
** Ports: from and to GSO, Narragansett, RI
** Station:  03
** Bottom Depth (m): 2471
** Operator:
# nquan = 25
# nvalues = 1176                                  
# units = specified
# name 0 = scan: Scan Count
# name 1 = timeJ: Julian Days
# name 2 = timeS: Time, Elapsed [seconds]
# name 3 = prDM: Pressure, Digiquartz [db]
# name 4 = t090C: Temperature [ITS-90, deg C]
# name 5 = t190C: Temperature, 2 [ITS-90, deg C]
# name 6 = T2-T190C: Temperature Difference, 2 - 1 [ITS-90, deg C]
# name 7 = c0S/m: Conductivity [S/m]
# name 8 = c1S/m: Conductivity, 2 [S/m]
# name 9 = CStarAt0: Beam Attenuation, WET Labs C-Star [1/m]
# name 10 = CStarTr0: Beam Transmission, WET Labs C-Star [%]
# name 11 = flECO-AFL: Fluorescence, WET Labs ECO-AFL/FL [mg/m^3]
# name 12 = altM: Altimeter [m]
# name 13 = sbeox0V: Oxygen raw, SBE 43 [V]
# name 14 = sbeox1V: Oxygen raw, SBE 43, 2 [V]
# name 15 = par: PAR/Irradiance, Biospherical/Licor [umol photons/m^2/sec]
# name 16 = cpar: CPAR/Corrected Irradiance [%]
# name 17 = spar: SPAR, Biospherical/Licor [umol photons/m^2/sec]
# name 18 = pumps: Pump Status
# name 19 = latitude: Latitude [deg]
# name 20 = longitude: Longitude [deg]
# name 21 = C2-C1S/m: Conductivity Difference, 2 - 1 [S/m]
# name 22 = depSM: Depth [salt water, m]
# name 23 = nbf: Bottles Fired
# name 24 = flag:  0.000e+00
# interval = seconds: 0.0416667
# start_time = Jun 08 2024 18:07:15 [System UTC, header]
# bad_flag = -9.990e-29
*END*
[from data line 870]
     179075 160.841394   7461.417      3.457    15.6037    15.5985    -0.0052   3.990903   3.990341     0.6955    84.0398     0.1395       0.32     3.8970     2.7265 1.0000e-12 4.3889e-14 2.2785e+03          1   39.40752  -71.29574  -0.000562      3.431         18  0.000e+00
     179076 160.841394   7461.458      3.515    15.6037    15.5981    -0.0056   3.991058   3.990400     0.6966    84.0161     0.1395       0.32     3.8970     2.7265 1.0000e-12 4.3889e-14 2.2785e+03          1   39.40752  -71.29574  -0.000658      3.488         18  0.000e+00
     179077 160.841395   7461.500      3.391    15.6047    15.5988    -0.0059   3.991093   3.990341     0.6966    84.0161     0.1395       0.34     3.8970     2.7252 1.0000e-12 4.3889e-14 2.2785e+03          1   39.40752  -71.29574  -0.000752      3.365         18  0.000e+00
     179078 160.841395   7461.542      3.457    15.6034    15.6009    -0.0025   3.991125   3.990439     0.6966    84.0161     0.1395       0.34     3.8970     2.7265 1.0000e-12 4.3889e-14 2.2785e+03          1   39.40752  -71.29574  -0.000686      3.431         18  0.000e+00
     179079 160.841396   7461.583      3.515    15.6106    15.6042    -0.0065   3.991217   3.990622     0.6966    84.0161     0.1395       0.34     3.8970     2.7265 1.0000e-12 4.3889e-14 2.2785e+03          1   39.40752  -71.29574  -0.000595      3.488         18  0.000e+00
     179080 160.841396   7461.625      3.391    15.6011    15.6064     0.0052   3.990540   3.990856     0.6966    84.0161     0.1395       0.32     3.8970     2.7277 1.0000e-12 4.3889e-14 2.2785e+03          1   39.40752  -71.29574   0.000316      3.365         18  0.000e+00
     179081 160.841397   7461.667      3.457    15.5922    15.6047     0.0124   3.990114   3.990974     0.6966    84.0161     0.1395       0.34     3.8970     2.7277 1.0000e-12 4.3889e-14 2.2785e+03          1   39.40752  -71.29574   0.000859      3.431         18  0.000e+00
     179082 160.841397   7461.708      3.457    15.5970    15.6009     0.0038   3.990213   3.990922     0.6955    84.0398     0.1395       0.29     3.8970     2.7277 1.0000e-12 4.3889e-14 2.2785e+03          1   39.40752  -71.29574   0.000708      3.431         18  0.000e+00
     179083 160.841398   7461.750      3.407    15.5955    15.5980     0.0025   3.990276   3.990589     0.6966    84.0161     0.1395       0.29     3.8970     2.7277 1.0000e-12 4.3889e-14 2.2785e+03          1   39.40752  -71.29574   0.000313      3.381         18  0.000e+00
     179084 160.841398   7461.792      3.457    15.5994    15.5968    -0.0026   3.990614   3.990192     0.6966    84.0161     0.1395       0.29     3.8982     2.7277 1.0000e-12 4.3889e-14 2.2785e+03          1   39.40752  -71.29574  -0.000423      3.431         18  0.000e+00
     179085 160.841399   7461.833      3.391    15.6029    15.5976    -0.0052   3.990759   3.990100     0.6955    84.0398     0.1395       0.29     3.8970     2.7289 1.0000e-12 4.3889e-14 2.2785e+03          1   39.40752  -71.29574  -0.000659      3.365         18  0.000e+00
     179086 160.841399   7461.875      3.391    15.6031    15.6018    -0.0014   3.990826   3.990231     0.6966    84.0161     0.1395       0.29     3.8982     2.7289 1.0000e-12 4.3889e-14 2.2785e+03          1   39.40752  -71.29574  -0.000595      3.365         18  0.000e+00
     179197 160.841453   7466.500      3.151    15.6342    15.6034    -0.0307   3.993700   3.990889     0.6955    84.0398     0.1322       0.59     3.8982     2.7228 1.0000e-12 4.3889e-14 2.2785e+03          1   39.40750  -71.29576  -0.002811      3.127         19  0.000e+00
     179198 160.841453   7466.542      3.267    15.6358    15.6023    -0.0336   3.993735   3.990798     0.6966    84.0161     0.1322       0.61     3.8970     2.7228 1.0000e-12 4.3889e-14 2.2785e+03          1   39.40750  -71.29576  -0.002937      3.242         19  0.000e+00
     179199 160.841454   7466.583      3.151    15.6386    15.6005    -0.0381   3.993985   3.990680     0.6966    84.0161     0.1322       0.61     3.8982     2.7228 1.0000e-12 4.3889e-14 2.2785e+03          1   39.40750  -71.29576  -0.003305      3.127         19  0.000e+00
     179200 160.841454   7466.625      3.209    15.6421    15.5997    -0.0423   3.994129   3.990517     0.6955    84.0398     0.1322       0.61     3.8982     2.7228 1.0000e-12 4.3889e-14 2.2785e+03          1   39.40750  -71.29576  -0.003612      3.185         19  0.000e+00
     179201 160.841454   7466.667      3.027    15.6425    15.6005    -0.0419   3.993939   3.990400     0.6955    84.0398     0.1322       0.63     3.8982     2.7216 1.0000e-12 4.3889e-14 2.2785e+03          1   39.40750  -71.29576  -0.003539      3.004         19  0.000e+00
     179202 160.841455   7466.708      3.151    15.6390    15.6019    -0.0370   3.993738   3.990517     0.6955    84.0398     0.1322      50.43     3.8982     2.7216 1.0000e-12 4.3889e-14 2.2785e+03          1   39.40750  -71.29576  -0.003221      3.127         19  0.000e+00
     179203 160.841455   7466.750      3.085    15.6367    15.6034    -0.0333   3.993210   3.990713     0.6955    84.0398     0.1322      90.60     3.8994     2.7215 1.0000e-12 4.3889e-14 2.2785e+03          1   39.40750  -71.29576  -0.002497      3.062         19  0.000e+00
     179204 160.841456   7466.792      3.151    15.6236    15.6043    -0.0192   3.992358   3.990902     0.6955    84.0398     0.1322      98.61     3.8982     2.7215 1.0000e-12 4.3889e-14 2.2785e+03          1   39.40748  -71.29576  -0.001456      3.127         19  0.000e+00
     179205 160.841456   7466.833      3.027    15.6129    15.6055    -0.0074   3.991706   3.990960     0.6955    84.0398     0.1322      96.75     3.8994     2.7215 1.0000e-12 4.3889e-14 2.2785e+03          1   39.40748  -71.29576  -0.000746      3.004         19  0.000e+00
     179206 160.841457   7466.875      3.085    15.6093    15.6062    -0.0031   3.991393   3.991006     0.6955    84.0398     0.1322      95.16     3.8994     2.7215 1.0000e-12 4.3889e-14 2.2785e+03          1   39.40748  -71.29576  -0.000387      3.062         19  0.000e+00
     179207 160.841457   7466.917      3.027    15.6092    15.6069    -0.0023   3.991185   3.991065     0.6944    84.0635     0.1322      94.65     3.8994     2.7215 1.0000e-12 4.3889e-14 2.2785e+03          1   39.40748  -71.29576  -0.000120      3.004         19  0.000e+00
     179208 160.841458   7466.958      3.027    15.6087    15.6084    -0.0003   3.991033   3.991182     0.6944    84.0635     0.1322      42.64     3.8994     2.7203 1.0000e-12 4.3889e-14 2.2785e+03          1   39.40748  -71.29576   0.000149      3.004         19  0.000e+00
     179209 160.841458   7467.000      3.035    15.6083    15.6099     0.0016   3.990952   3.991273     0.6955    84.0398     0.1322       3.81     3.8994     2.7191 1.0000e-12 4.3889e-14 2.2785e+03          1   39.40748  -71.29576   0.000321      3.012         19  0.000e+00
     179210 160.841459   7467.042      3.027    15.6063    15.6118     0.0056   3.990928   3.991462     0.6955    84.0398     0.1322       0.00     3.8994     2.7191 1.0000e-12 4.3889e-14 2.2785e+03          1   39.40748  -71.29576   0.000535      3.004         19  0.000e+00
     179211 160.841459   7467.083      2.961    15.6058    15.6139     0.0081   3.991118   3.991619     0.6944    84.0635     0.1322       0.00     3.9006     2.7191 1.0000e-12 4.3889e-14 2.2785e+03          1   39.40748  -71.29576   0.000501      2.938         19  0.000e+00
     179212 160.841460   7467.125      2.961    15.6094    15.6149     0.0055   3.991424   3.991919     0.6955    84.0398     0.1175       0.00     3.8994     2.7191 1.0000e-12 4.3889e-14 2.2785e+03          1   39.40748  -71.29576   0.000494      2.938         19  0.000e+00
     179213 160.841460   7467.167      3.027    15.6136    15.6158     0.0022   3.991699   3.992036     0.6955    84.0398     0.1102       0.27     3.8994     2.7191 1.0000e-12 4.3889e-14 2.2785e+03          1   39.40748  -71.29576   0.000337      3.004         19  0.000e+00
     179214 160.841461   7467.208      2.903    15.6143    15.6166     0.0023   3.991787   3.992003     0.6955    84.0398     0.1102       0.27     3.8994     2.7191 1.0000e-12 4.3889e-14 2.2785e+03          1   39.40748  -71.29576   0.000216      2.881         19  0.000e+00
     179215 160.841461   7467.250      3.027    15.6133    15.6175     0.0042   3.991808   3.992088     0.6955    84.0398     0.1102       0.20     3.8994     2.7191 1.0000e-12 4.3889e-14 2.2785e+03          1   39.40748  -71.29576   0.000280      3.004         19  0.000e+00
     179216 160.841462   7467.292      2.961    15.6124    15.6180     0.0056   3.991752   3.992068     0.6955    84.0398     0.1102       0.17     3.8994     2.7179 1.0000e-12 4.3889e-14 2.2785e+03          1   39.40748  -71.29576   0.000317      2.938         19  0.000e+00
     179217 160.841462   7467.333      2.903    15.6120    15.6182     0.0062   3.991780   3.992192     0.6955    84.0398     0.1102       0.20     3.8994     2.7179 1.0000e-12 4.3889e-14 2.2785e+03          1   39.40748  -71.29576   0.000412      2.881         19  0.000e+00
     179218 160.841463   7467.375      2.961    15.6128    15.6183     0.0056   3.991829   3.992140     0.6955    84.0398     0.1102       0.20     3.8994     2.7179 1.0000e-12 4.3889e-14 2.2785e+03          1   39.40748  -71.29576   0.000311      2.938         19  0.000e+00
     179219 160.841463   7467.417      2.961    15.6134    15.6188     0.0053   3.991945   3.992127     0.6955    84.0398     0.1102       0.20     3.8982     2.7179 1.0000e-12 4.3889e-14 2.2785e+03          1   39.40748  -71.29576   0.000182      2.938         19  0.000e+00
     179220 160.841464   7467.458      2.961    15.6143    15.6194     0.0050   3.991910   3.992036     0.6944    84.0635     0.1102       0.22     3.9006     2.7179 1.0000e-12 4.3889e-14 2.2785e+03          1   39.40748  -71.29576   0.000126      2.938         19  0.000e+00
     179221 160.841464   7467.500      2.961    15.6139    15.6202     0.0063   3.991900   3.992127     0.6944    84.0635     0.1102       0.27     3.8994     2.7179 1.0000e-12 4.3889e-14 2.2785e+03          1   39.40748  -71.29576   0.000227      2.938         19  0.000e+00
     179222 160.841465   7467.542      2.961    15.6157    15.6207     0.0051   3.991984   3.992140     0.6944    84.0635     0.1102       0.27     3.8994     2.7191 1.0000e-12 4.3889e-14 2.2785e+03          1   39.40748  -71.29576   0.000156      2.938         19  0.000e+00
     179223 160.841465   7467.583      2.961    15.6171    15.6212     0.0042   3.992079   3.992212     0.6966    84.0161     0.1102       0.27     3.8982     2.7179 1.0000e-12 4.3889e-14 2.2785e+03          1   39.40748  -71.29576   0.000133      2.938         19  0.000e+00
     179224 160.841466   7467.625      3.027    15.6188    15.6199     0.0011   3.992231   3.992192     0.6955    84.0398     0.1102       0.27     3.8982     2.7179 1.0000e-12 4.3889e-14 2.2785e+03          1   39.40748  -71.29576  -0.000038      3.004         19  0.000e+00
     179225 160.841466   7467.667      2.961    15.6203    15.6192    -0.0011   3.992350   3.992108     0.6955    84.0398     0.1102       0.27     3.8982     2.7179 1.0000e-12 4.3889e-14 2.2785e+03          1   39.40748  -71.29576  -0.000243      2.938         19  0.000e+00
     179226 160.841467   7467.708      2.961    15.6205    15.6177    -0.0028   3.992421   3.992023     0.6955    84.0398     0.1102       0.22     3.8982     2.7179 1.0000e-12 4.3889e-14 2.2785e+03          1   39.40748  -71.29576  -0.000398      2.938         19  0.000e+00
     179227 160.841467   7467.750      2.961    15.6215    15.6170    -0.0045   3.992565   3.992068     0.6955    84.0398     0.1102       0.20     3.8994     2.7191 1.0000e-12 4.3889e-14 2.2785e+03          1   39.40748  -71.29576  -0.000497      2.938         19  0.000e+00
     179228 160.841467   7467.792      3.027    15.6227    15.6166    -0.0061   3.992618   3.992088     0.6955    84.0398     0.1102       0.20     3.9006     2.7191 1.0000e-12 4.3889e-14 2.2785e+03          1   39.40748  -71.29576  -0.000530      3.004         19  0.000e+00
     179229 160.841468   7467.833      2.961    15.6234    15.6177    -0.0057   3.992667   3.992068     0.6955    84.0398     0.1102       0.20     3.8994     2.7191 1.0000e-12 4.3889e-14 2.2785e+03          1   39.40748  -71.29576  -0.000599      2.938         19  0.000e+00
     179230 160.841468   7467.875      2.911    15.6242    15.6175    -0.0068   3.992812   3.992055     0.6966    84.0161     0.1102       0.20     3.8969     2.7191 1.0000e-12 4.3889e-14 2.2785e+03          1   39.40748  -71.29576  -0.000756      2.889         19  0.000e+00
     179231 160.841469   7467.917      3.085    15.6265    15.6156    -0.0108   3.992956   3.992036     0.6955    84.0398     0.1102       0.20     3.8982     2.7191 1.0000e-12 4.3889e-14 2.2785e+03          1   39.40748  -71.29576  -0.000920      3.062         19  0.000e+00
     179232 160.841469   7467.958      2.961    15.6297    15.6149    -0.0148   3.993013   3.991984     0.6955    84.0398     0.1102       0.20     3.8982     2.7191 1.0000e-12 4.3889e-14 2.2785e+03          1   39.40748  -71.29576  -0.001029      2.938         19  0.000e+00
     179233 160.841470   7468.000      3.027    15.6289    15.6144    -0.0145   3.992872   3.991964     0.6955    84.0398     0.1102       0.20     3.8982     2.7191 1.0000e-12 4.3889e-14 2.2785e+03          1   39.40748  -71.29576  -0.000908      3.004         19  0.000e+00
     179234 160.841470   7468.042      3.027    15.6242    15.6146    -0.0097   3.992720   3.991964     0.6944    84.0635     0.1102       0.20     3.8982     2.7191 1.0000e-12 4.3889e-14 2.2785e+03          1   39.40748  -71.29576  -0.000756      3.004         19  0.000e+00
     179235 160.841471   7468.083      3.027    15.6237    15.6149    -0.0088   3.992477   3.991879     0.6944    84.0635     0.1102       0.20     3.9006     2.7203 1.0000e-12 4.3889e-14 2.2785e+03          1   39.40748  -71.29576  -0.000598      3.004         19  0.000e+00
     179236 160.841471   7468.125      3.027    15.6126    15.6166     0.0040   3.991914   3.991827     0.6933    84.0871     0.1102       0.20     3.8982     2.7203 1.0000e-12 4.3889e-14 2.2785e+03          1   39.40748  -71.29576  -0.000087      3.004         19  0.000e+00
     179237 160.841472   7468.167      3.027    15.6079    15.6187     0.0108   3.991692   3.991984     0.6955    84.0398     0.1248       0.20     3.8982     2.7203 1.0000e-12 4.3889e-14 2.2785e+03          1   39.40748  -71.29576   0.000292      3.004         19  0.000e+00
     179238 160.841472   7468.208      3.027    15.6114    15.6195     0.0081   3.991812   3.992068     0.6955    84.0398     0.1322       0.22     3.8982     2.7203 1.0000e-12 4.3889e-14 2.2785e+03          1   39.40748  -71.29576   0.000257      3.004         19  0.000e+00
     179239 160.841473   7468.250      3.027    15.6138    15.6199     0.0061   3.992051   3.992231     0.6944    84.0635     0.1322       0.22     3.8994     2.7203 1.0000e-12 4.3889e-14 2.2785e+03          1   39.40748  -71.29576   0.000180      3.004         19  0.000e+00
     179240 160.841473   7468.292      3.027    15.6157    15.6194     0.0037   3.992266   3.992244     0.6955    84.0398     0.1322       0.24     3.8982     2.7203 1.0000e-12 4.3889e-14 2.2785e+03          1   39.40748  -71.29576  -0.000022      3.004         19  0.000e+00
     179241 160.841474   7468.333      3.027    15.6174    15.6197     0.0023   3.992432   3.992297     0.6933    84.0871     0.1322       0.24     3.8982     2.7203 1.0000e-12 4.3889e-14 2.2785e+03          1   39.40748  -71.29576  -0.000135      3.004         19  0.000e+00
