ctd/proc/EN719_CTD03_avg.cnv
* Sea-Bird SBE 9 Data File:
* FileName = D:\ctd\raw\EN719_CTD03.hdr
* Software Version Seasave V 7.26.7.121
* Temperature SN = 4333
* Conductivity SN = 0864
* Number of Bytes Per Scan = 37
* Number of Voltage Words = 4
* Number of Scans Averaged by the Deck Unit = 1
* NMEA Latitude = 38 13.58 N
* NMEA Longitude = 063 48.11 W
* NMEA UTC (Time) = Jul 11 2024  23:25:02
* NMEA baud rate = 4800
** Ship: R/V Endeavor
** Cruise: EN719
** Principal Investigator: Chad Smith
** Chief Scientist: Chad Smith
** Project: NESMA24
** Cruise Start Date: 7 July 2024
** Ports: GSO, Narragansett RI to GSO, Narragansett RI
** Station:
** Bottom Depth: 4984
** Operator:  jAdams
# nquan = 27
# nvalues = 1494                        
# units = specified
# name 0 = scan: Scan Count
# name 1 = timeJ: Julian Days
# name 2 = timeS: Time, Elapsed [seconds]
# name 3 = prDM: Pressure, Digiquartz [db]
# name 4 = t090C: Temperature [ITS-90, deg C]
# name 5 = t190C: Temperature, 2 [ITS-90, deg C]
# name 6 = T2-T190C: Temperature Difference, 2 - 1 [ITS-90, deg C]
# name 7 = c0S/m: Conductivity [S/m]
# name 8 = c1S/m: Conductivity, 2 [S/m]
# name 9 = altM: Altimeter [m]
# name 10 = pumps: Pump Status
# name 11 = latitude: Latitude [deg]
# name 12 = longitude: Longitude [deg]
# name 13 = C2-C1S/m: Conductivity Difference, 2 - 1 [S/m]
# name 14 = depSM: Depth [salt water, m]
# name 15 = depSM: Depth [salt water, m], lat = 38.2263
# name 16 = sal00: Salinity, Practical [PSU]
# name 17 = sigma-é00: Density [sigma-theta, kg/m^3]
# name 18 = oxsolMm/Kg: Oxygen Saturation, Garcia & Gordon [umol/kg]
# name 19 = oxsatMm/Kg: Oxygen Saturation, Weiss [umol/kg]
# name 20 = potemp090C: Potential Temperature [ITS-90, deg C]
# name 21 = svCM: Sound Velocity [Chen-Millero, m/s]
# name 22 = svCM1: Sound Velocity, 2 [Chen-Millero, m/s]
# name 23 = dz/dtM: Descent Rate [m/s], WS = 2
# name 24 = gpa: Geopotential Anomaly [J/kg]
# name 25 = nbin: number of scans per bin
# name 26 = flag: flag
# span 0 =       -537,      45069       
# span 1 = 193.975481, 193.997475       
# span 2 =    -22.431,   1877.825       
# span 3 =      7.053,   1516.839       
# span 4 =     4.1781,    28.2814       
# span 5 =     4.1790,    28.2825       
# span 6 =    -0.0523,     2.9969       
# span 7 =   3.336014,   5.858303       
# span 8 =   3.336119,   5.858300       
# span 9 =     -26.45,     123.42       
# span 10 =          1,          1      
# span 11 =   38.21486,   38.22635      
# span 12 =  -63.80209,  -63.77961      
# span 13 =  -0.003028,   0.005035      
# span 14 =      6.981,   1500.013      
# span 15 =      7.000,   1500.000      
# span 16 =    34.9765,    36.9346      
# span 17 =    23.3806,    27.7619      
# span 18 =  194.21379,  313.50762      
# span 19 =  193.71592,  314.30613      
# span 20 =     4.0544,    28.2772      
# span 21 =    1488.29,    1543.93      
# span 22 =    1488.30,    1543.92      
# span 23 =     -4.814,    373.785      
# span 24 =     -0.109,     20.784      
# span 25 =          1,        555      
# span 26 = 0.0000e+00, 0.0000e+00      
# interval = meters: 1                  
# start_time = Jul 11 2024 23:25:04 [System UTC, header]
# bad_flag = -9.990e-29
*END*
[from data line 162]
       7971 193.979584    332.074    170.348    20.9565    20.9556    -0.0009   5.115468   5.115583       0.76          1   38.22449  -63.79805   0.000248    169.001    169.000    36.7635    25.8581  219.11737  218.67679    20.9237    1528.89    1528.89      0.737      5.910         33 0.0000e+00
       8003 193.979600    333.407    171.356    20.9181    20.9134    -0.0047   5.110969   5.110906       0.66          1   38.22448  -63.79802   0.000506    169.995    170.000    36.7599    25.8659  219.27180  218.83225    20.8851    1528.80    1528.79      0.870      5.932         29 0.0000e+00
       8027 193.979611    334.417    172.365    20.8393    20.8349    -0.0043   5.102470   5.102463       7.35          1   38.22448  -63.79802   0.000296    170.994    171.000    36.7587    25.8866  219.57996  219.14258    20.8062    1528.60    1528.60      1.149      5.954         21 0.0000e+00
       8046 193.979620    335.209    173.373    20.8131    20.8123    -0.0008   5.099861   5.100061      27.29          1   38.22448  -63.79800   0.000416    171.994    172.000    36.7598    25.8946  219.68019  219.24354    20.7799    1528.55    1528.55      1.363      5.976         17 0.0000e+00
       8063 193.979629    335.903    174.382    20.7864    20.7846    -0.0019   5.096745   5.097012       0.27          1   38.22447  -63.79800   0.000721    173.001    173.000    36.7572    25.9000  219.78814  219.35223    20.7530    1528.49    1528.49      1.429      5.998         16 0.0000e+00
       8080 193.979637    336.619    175.390    20.7614    20.7607    -0.0007   5.094287   5.094493       7.02          1   38.22446  -63.79799   0.000287    174.010    174.000    36.7585    25.9078  219.88380  219.44860    20.7278    1528.44    1528.44      1.254      6.020         19 0.0000e+00
       8105 193.979649    337.658    176.398    20.7421    20.7402    -0.0019   5.092081   5.092121      22.99          1   38.22445  -63.79797   0.000210    175.007    175.000    36.7569    25.9119  219.96152  219.52686    20.7083    1528.41    1528.40      0.812      6.041         33 0.0000e+00
       8141 193.979666    339.148    177.407    20.7198    20.7192    -0.0006   5.089695   5.089865      41.98          1   38.22447  -63.79796   0.000324    175.995    176.000    36.7564    25.9176  220.04925  219.61521    20.6859    1528.36    1528.36      0.735      6.063         33 0.0000e+00
       8168 193.979679    340.308    178.415    20.6752    20.6723    -0.0030   5.084521   5.084594      24.94          1   38.22446  -63.79796   0.000488    176.995    177.000    36.7526    25.9268  220.22930  219.79651    20.6412    1528.25    1528.25      1.010      6.085         24 0.0000e+00
       8190 193.979690    341.206    179.424    20.6394    20.6366    -0.0028   5.080675   5.080684       4.47          1   38.22444  -63.79794   0.000339    177.999    178.000    36.7519    25.9361  220.37065  219.93888    20.6052    1528.17    1528.17      1.170      6.106         21 0.0000e+00
       8210 193.979700    342.038    180.432    20.6016    20.5995    -0.0021   5.076561   5.076647      49.69          1   38.22446  -63.79794   0.000331    179.000    179.000    36.7508    25.9455  220.52060  220.08992    20.5672    1528.09    1528.08      1.211      6.128         19 0.0000e+00
       8230 193.979709    342.877    181.440    20.5729    20.5698    -0.0031   5.073299   5.073351       1.47          1   38.22446  -63.79793   0.000623    180.003    180.000    36.7488    25.9518  220.63647  220.20661    20.5383    1528.02    1528.02      1.141      6.149         21 0.0000e+00
       8253 193.979720    343.841    182.449    20.5222    20.5207    -0.0015   5.067948   5.068056       0.65          1   38.22445  -63.79791   0.000211    181.004    181.000    36.7487    25.9655  220.83580  220.40743    20.4875    1527.90    1527.90      0.961      6.170         26 0.0000e+00
       8281 193.979734    344.984    183.457    20.5069    20.5063    -0.0006   5.066309   5.066449       0.55          1   38.22445  -63.79790   0.000296    181.999    182.000    36.7482    25.9693  220.89674  220.46882    20.4720    1527.88    1527.88      0.888      6.192         28 0.0000e+00
       8307 193.979746    346.075    184.466    20.4897    20.4897    -0.0000   5.064470   5.064619      14.87          1   38.22446  -63.79788   0.000203    182.998    183.000    36.7477    25.9736  220.96507  220.53764    20.4547    1527.85    1527.85      0.981      6.213         24 0.0000e+00
       8330 193.979758    347.060    185.474    20.4846    20.4848     0.0002   5.063963   5.064113      42.83          1   38.22446  -63.79788   0.000176    184.001    184.000    36.7476    25.9750  220.98522  220.55795    20.4494    1527.85    1527.85      1.004      6.234         24 0.0000e+00
       8356 193.979770    348.104    186.483    20.4809    20.4810     0.0001   5.063636   5.063765      36.42          1   38.22444  -63.79786   0.000171    185.001    185.000    36.7478    25.9761  220.99949  220.57233    20.4455    1527.86    1527.86      0.949      6.255         26 0.0000e+00
       8381 193.979782    349.154    187.491    20.4709    20.4696    -0.0013   5.062443   5.062454       0.20          1   38.22442  -63.79784   0.000163    185.996    186.000    36.7464    25.9778  221.04111  220.61423    20.4353    1527.85    1527.84      1.037      6.276         24 0.0000e+00
       8402 193.979792    350.056    188.500    20.4486    20.4454    -0.0032   5.059839   5.059738       0.50          1   38.22444  -63.79784   0.000153    186.995    187.000    36.7441    25.9821  221.13240  220.70617    20.4129    1527.80    1527.79      1.206      6.298         19 0.0000e+00
       8421 193.979801    350.840    189.508    20.4284    20.4268    -0.0016   5.057924   5.058006       0.46          1   38.22443  -63.79783   0.000235    188.000    188.000    36.7456    25.9888  221.21005  220.78444    20.3924    1527.76    1527.76      1.261      6.318         19 0.0000e+00
       8441 193.979811    351.669    190.517    20.4047    20.4040    -0.0007   5.055740   5.055913       0.65          1   38.22441  -63.79782   0.000331    189.008    189.000    36.7479    25.9970  221.29999  220.87510    20.3687    1527.72    1527.72      1.074      6.340         22 0.0000e+00
       8471 193.979825    352.906    191.525    20.3908    20.3911     0.0003   5.054509   5.054657       0.61          1   38.22440  -63.79781   0.000158    190.005    190.000    36.7496    26.0021  221.35270  220.92824    20.3545    1527.70    1527.70      0.693      6.360         39 0.0000e+00
       8509 193.979844    354.489    192.534    20.3813    20.3804    -0.0010   5.053415   5.053455      35.25          1   38.22438  -63.79778   0.000221    190.991    191.000    36.7485    26.0039  221.39173  220.96754    20.3449    1527.69    1527.69      0.806      6.381         31 0.0000e+00
       8532 193.979855    355.474    193.542    20.3487    20.3461    -0.0026   5.049089   5.049090       0.02          1   38.22438  -63.79778   0.000400    191.990    192.000    36.7411    26.0070  221.53168  221.10843    20.3121    1527.61    1527.60      1.249      6.402         19 0.0000e+00
       8549 193.979863    356.181    194.551    20.3235    20.3224    -0.0012   5.046254   5.046381       0.48          1   38.22436  -63.79776   0.000333    192.996    193.000    36.7394    26.0125  221.63391  221.21142    20.2868    1527.55    1527.55      1.460      6.423         16 0.0000e+00
       8565 193.979871    356.842    195.559    20.3110    20.3107    -0.0003   5.044913   5.045082      35.42          1   38.22436  -63.79776   0.000254    194.007    194.000    36.7389    26.0156  221.68425  221.26214    20.2741    1527.53    1527.54      1.400      6.444         16 0.0000e+00
       8585 193.979881    357.678    196.568    20.3055    20.3059     0.0004   5.044364   5.044529       2.82          1   38.22436  -63.79775   0.000204    195.013    195.000    36.7388    26.0170  221.70623  221.28428    20.2684    1527.54    1527.54      1.009      6.465         26 0.0000e+00
       8619 193.979897    359.079    197.576    20.2980    20.2982     0.0003   5.043530   5.043688      11.64          1   38.22435  -63.79773   0.000219    195.997    196.000    36.7382    26.0186  221.73700  221.31527    20.2607    1527.53    1527.53      0.680      6.486         37 0.0000e+00
       8649 193.979911    360.343    198.585    20.2807    20.2801    -0.0005   5.041586   5.041706       8.62          1   38.22434  -63.79772   0.000299    196.993    197.000    36.7369    26.0223  221.80745  221.38624    20.2432    1527.50    1527.50      1.009      6.506         24 0.0000e+00
       8670 193.979921    361.221    199.593    20.2606    20.2598    -0.0008   5.039404   5.039524       0.82          1   38.22434  -63.79770   0.000350    197.999    198.000    36.7361    26.0271  221.88829  221.46769    20.2230    1527.46    1527.46      1.180      6.527         20 0.0000e+00
       8690 193.979931    362.056    200.602    20.2246    20.2226    -0.0020   5.035108   5.035239      37.02          1   38.22434  -63.79770   0.000585    199.002    199.000    36.7318    26.0335  222.03770  221.61819    20.1868    1527.37    1527.37      1.181      6.547         20 0.0000e+00
       8711 193.979941    362.937    201.610    20.1911    20.1902    -0.0009   5.031578   5.031669       2.22          1   38.22437  -63.79770   0.000311    200.002    200.000    36.7316    26.0424  222.17124  221.75277    20.1532    1527.30    1527.30      1.103      6.568         22 0.0000e+00
       8735 193.979953    363.902    202.619    20.1645    20.1633    -0.0012   5.028788   5.028838       0.74          1   38.22437  -63.79769   0.000128    201.003    201.000    36.7315    26.0495  222.27742  221.85977    20.1264    1527.24    1527.24      0.982      6.589         25 0.0000e+00
       8762 193.979966    365.026    203.627    20.1564    20.1564    -0.0000   5.028095   5.028220      21.25          1   38.22436  -63.79767   0.000234    202.001    202.000    36.7325    26.0524  222.30821  221.89082    20.1181    1527.24    1527.24      0.856      6.609         29 0.0000e+00
       8790 193.979979    366.214    204.636    20.1395    20.1400     0.0005   5.026473   5.026613       0.39          1   38.22434  -63.79766   0.000153    202.996    203.000    36.7335    26.0577  222.37392  221.95707    20.1011    1527.21    1527.21      0.912      6.630         27 0.0000e+00
       8815 193.979991    367.235    205.645    20.1391    20.1399     0.0009   5.026799   5.026956      16.38          1   38.22434  -63.79764   0.000146    203.997    204.000    36.7362    26.0600  222.37178  221.95496    20.1005    1527.23    1527.23      1.059      6.650         22 0.0000e+00
       8836 193.980002    368.140    206.653    20.1354    20.1346    -0.0009   5.026644   5.026678      12.14          1   38.22434  -63.79764   0.000061    205.001    205.000    36.7377    26.0622  222.38396  221.96726    20.0967    1527.24    1527.23      1.105      6.671         22 0.0000e+00
       8859 193.980013    369.079    207.662    20.1327    20.1335     0.0008   5.026542   5.026723       1.22          1   38.22432  -63.79762   0.000160    206.004    206.000    36.7389    26.0639  222.39324  221.97664    20.0937    1527.25    1527.25      1.010      6.691         24 0.0000e+00
       8885 193.980025    370.157    208.670    20.1340    20.1345     0.0005   5.027759   5.027810      34.24          1   38.22432  -63.79760  -0.000107    206.999    207.000    36.7474    26.0700  222.37533  221.95874    20.0948    1527.28    1527.28      0.918      6.711         27 0.0000e+00
       8911 193.980038    371.240    209.679    20.1424    20.1432     0.0008   5.029414   5.029544       0.24          1   38.22432  -63.79760   0.000096    207.997    208.000    36.7533    26.0724  222.33303  221.91621    20.1031    1527.32    1527.33      0.976      6.732         24 0.0000e+00
       8935 193.980049    372.234    210.687    20.1482    20.1489     0.0007   5.030838   5.030933       0.49          1   38.22430  -63.79758   0.000014    209.000    209.000    36.7596    26.0757  222.30071  221.88375    20.1086    1527.36    1527.37      1.026      6.752         24 0.0000e+00
       8958 193.980060    373.205    211.696    20.1359    20.1352    -0.0006   5.029855   5.029941       0.73          1   38.22430  -63.79756   0.000220    209.998    210.000    36.7619    26.0808  222.34634  221.92978    20.0961    1527.35    1527.35      1.069      6.772         23 0.0000e+00
       8980 193.980071    374.118    212.705    20.1190    20.1185    -0.0005   5.028077   5.028191      43.59          1   38.22430  -63.79756   0.000258    210.999    211.000    36.7616    26.0851  222.41397  221.99794    20.0791    1527.32    1527.32      1.119      6.793         21 0.0000e+00
       9001 193.980081    375.017    213.713    20.0915    20.0903    -0.0012   5.024870   5.024986      12.12          1   38.22428  -63.79754   0.000410    212.004    212.000    36.7589    26.0904  222.52796  222.11278    20.0514    1527.26    1527.26      1.068      6.813         22 0.0000e+00
       9026 193.980093    376.055    214.722    20.0668    20.0664    -0.0003   5.022053   5.022194      22.22          1   38.22428  -63.79754   0.000311    213.005    213.000    36.7569    26.0955  222.62967  222.21525    20.0266    1527.20    1527.20      0.876      6.833         29 0.0000e+00
       9058 193.980108    377.360    215.730    20.0374    20.0371    -0.0002   5.018368   5.018538      19.15          1   38.22428  -63.79752   0.000422    213.998    214.000    36.7518    26.0995  222.75467  222.34116    19.9970    1527.13    1527.14      0.780      6.853         32 0.0000e+00
       9086 193.980122    378.534    216.739    20.0159    20.0160     0.0002   5.016147   5.016262       0.21          1   38.22428  -63.79752   0.000107    214.992    215.000    36.7519    26.1054  222.84067  222.42784    19.9753    1527.09    1527.09      1.048      6.873         23 0.0000e+00
       9106 193.980132    379.367    217.748    19.9969    19.9952    -0.0017   5.013975   5.014115       0.82          1   38.22430  -63.79750   0.000503    215.995    216.000    36.7502    26.1092  222.91927  222.50704    19.9562    1527.05    1527.05      1.313      6.893         18 0.0000e+00
       9123 193.980140    380.082    218.756    19.9752    19.9748    -0.0004   5.011644   5.011792      29.58          1   38.22428  -63.79750   0.000305    217.003    217.000    36.7496    26.1145  223.00701  222.59547    19.9344    1527.01    1527.01      1.360      6.913         17 0.0000e+00
       9142 193.980149    380.857    219.765    19.9623    19.9622    -0.0001   5.010077   5.010215       6.99          1   38.22428  -63.79749   0.000269    218.011    218.000    36.7476    26.1164  223.06183  222.65069    19.9213    1526.99    1526.99      1.154      6.933         21 0.0000e+00
       9168 193.980161    381.954    220.773    19.9444    19.9447     0.0003   5.007741   5.007936       0.82          1   38.22427  -63.79747   0.000374    219.004    219.000    36.7435    26.1181  223.13957  222.72899    19.9032    1526.95    1526.95      0.809      6.953         32 0.0000e+00
       9201 193.980177    383.313    221.782    19.9125    19.9125    -0.0000   5.003575   5.003759       0.69          1   38.22428  -63.79746   0.000412    219.996    220.000    36.7367    26.1214  223.27795  222.86835    19.8712    1526.87    1526.88      0.802      6.973         30 0.0000e+00
