ctd/proc/EN719_CTD02_avg.cnv
* Sea-Bird SBE 9 Data File:
* FileName = D:\ctd\raw\EN719_CTD02.hdr
* Software Version Seasave V 7.26.7.121
* Temperature SN = 4333
* Conductivity SN = 0864
* Number of Bytes Per Scan = 37
* Number of Voltage Words = 4
* Number of Scans Averaged by the Deck Unit = 1
* NMEA Latitude = 38 45.76 N
* NMEA Longitude = 063 44.17 W
* NMEA UTC (Time) = Jul 11 2024  18:38:19
* NMEA baud rate = 4800
** Ship: R/V Endeavor
** Cruise: EN719
** Principal Investigator: Chad Smith
** Chief Scientist: Chad Smith
** Project: NESMA24
** Cruise Start Date: 7 July 2024
** Ports: GSO, Narragansett RI to GSO, Narragansett RI
** Station:  CTD_02
** Bottom Depth: 4516
** Operator:  LGB
# nquan = 27
# nvalues = 1588                        
# units = specified
# name 0 = scan: Scan Count
# name 1 = timeJ: Julian Days
# name 2 = timeS: Time, Elapsed [seconds]
# name 3 = prDM: Pressure, Digiquartz [db]
# name 4 = t090C: Temperature [ITS-90, deg C]
# name 5 = t190C: Temperature, 2 [ITS-90, deg C]
# name 6 = T2-T190C: Temperature Difference, 2 - 1 [ITS-90, deg C]
# name 7 = c0S/m: Conductivity [S/m]
# name 8 = c1S/m: Conductivity, 2 [S/m]
# name 9 = altM: Altimeter [m]
# name 10 = pumps: Pump Status
# name 11 = latitude: Latitude [deg]
# name 12 = longitude: Longitude [deg]
# name 13 = C2-C1S/m: Conductivity Difference, 2 - 1 [S/m]
# name 14 = depSM: Depth [salt water, m]
# name 15 = depSM: Depth [salt water, m], lat = 38.7627
# name 16 = sal00: Salinity, Practical [PSU]
# name 17 = sigma-é00: Density [sigma-theta, kg/m^3]
# name 18 = oxsolMm/Kg: Oxygen Saturation, Garcia & Gordon [umol/kg]
# name 19 = oxsatMm/Kg: Oxygen Saturation, Weiss [umol/kg]
# name 20 = potemp090C: Potential Temperature [ITS-90, deg C]
# name 21 = svCM: Sound Velocity [Chen-Millero, m/s]
# name 22 = svCM1: Sound Velocity, 2 [Chen-Millero, m/s]
# name 23 = dz/dtM: Descent Rate [m/s], WS = 2
# name 24 = gpa: Geopotential Anomaly [J/kg]
# name 25 = nbin: number of scans per bin
# name 26 = flag: flag
# span 0 =        326,      63034       
# span 1 = 191.043003, 196.697855       
# span 2 =     13.548,   2626.395       
# span 3 =     13.099,   2024.970       
# span 4 =     3.7597,    26.0666       
# span 5 =     3.7605,    26.0676       
# span 6 =    -4.2970,     0.0446       
# span 7 =   3.166529,   5.795858       
# span 8 =   3.317258,   5.656762       
# span 9 =     -10.52,     100.26       
# span 10 =          1,          1      
# span 11 =   38.21572,   39.34690      
# span 12 =  -64.69685,  -62.83688      
# span 13 =  -2.333861,   0.295294      
# span 14 =     12.122,   2000.026      
# span 15 =     13.000,   2000.000      
# span 16 =    28.0656,    90.2365      
# span 17 =    20.0352,    87.6064      
# span 18 =   89.34927,  316.71452      
# span 19 =  199.22810,  317.57300      
# span 20 =     3.5945,    26.0621      
# span 21 =    1470.17,    1630.75      
# span 22 =    1487.45,    1561.07      
# span 23 =     -2.145,    270.942      
# span 24 =      0.058,    170.218      
# span 25 =          1,        343      
# span 26 = 0.0000e+00, 0.0000e+00      
# interval = meters: 1                  
# start_time = Jul 11 2024 18:38:23 [System UTC, header]
# bad_flag = -9.990e-29
*END*
[from data line 108]
      20190 193.786391    841.215    525.631    12.5960    12.5328    -0.0632   4.143252   4.136628      21.70          1   38.75766  -63.72795  -0.006350    521.005    521.000    35.6014    26.9542  258.94232  258.89566    12.5239    1508.25    1508.03      0.896    169.586         28 0.0000e+00
      20220 193.786406    842.476    526.641    12.5646    12.5132    -0.0513   4.139914   4.134539      19.31          1   38.75766  -63.72794  -0.005272    521.999    522.000    35.5986    26.9582  259.11461  259.07014    12.4924    1508.16    1507.98      0.802    169.598         31 0.0000e+00
      20248 193.786419    843.630    527.651    12.5420    12.4959    -0.0461   4.137245   4.132551      -0.04          1   38.75766  -63.72794  -0.004518    522.992    523.000    35.5938    26.9590  259.24342  259.20049    12.4698    1508.09    1507.93      1.038    169.611         23 0.0000e+00
      20269 193.786429    844.493    528.661    12.5034    12.4790    -0.0244   4.132923   4.130668       0.79          1   38.75765  -63.72793  -0.002033    524.002    524.000    35.5880    26.9621  259.45876  259.41850    12.4312    1507.97    1507.89      1.163    169.623         20 0.0000e+00
      20290 193.786440    845.395    529.671    12.4708    12.4158    -0.0549   4.129081   4.123433       0.53          1   38.75764  -63.72791  -0.005122    525.006    525.000    35.5814    26.9634  259.64493  259.60691    12.3986    1507.87    1507.68      1.010    169.636         25 0.0000e+00
      20319 193.786453    846.564    530.682    12.4320    12.3765    -0.0555   4.125353   4.119254       0.81          1   38.75763  -63.72790  -0.005881    526.001    526.000    35.5816    26.9711  259.85119  259.81594    12.3598    1507.76    1507.56      0.811    169.648         31 0.0000e+00
      20348 193.786468    847.798    531.692    12.4168    12.3522    -0.0647   4.123453   4.116554       0.56          1   38.75762  -63.72788  -0.006672    526.992    527.000    35.5771    26.9707  259.94037  259.90615    12.3445    1507.72    1507.49      0.970    169.661         26 0.0000e+00
      20370 193.786478    848.690    532.702    12.3679    12.3278    -0.0401   4.117289   4.113754       0.47          1   38.75762  -63.72786  -0.003260    527.992    528.000    35.5634    26.9696  260.22735  260.19647    12.2956    1507.55    1507.42      1.285    169.673         18 0.0000e+00
      20387 193.786486    849.402    533.712    12.3252    12.2819    -0.0433   4.112878   4.108338      35.02          1   38.75761  -63.72786  -0.003785    529.004    529.000    35.5607    26.9758  260.46112  260.43329    12.2530    1507.42    1507.27      1.334    169.685         17 0.0000e+00
      20409 193.786497    850.320    534.722    12.2650    12.2249    -0.0401   4.106188   4.102318       4.61          1   38.75760  -63.72785  -0.003605    530.015    530.000    35.5523    26.9810  260.79930  260.77572    12.1929    1507.22    1507.09      0.858    169.698         32 0.0000e+00
      20451 193.786517    852.081    535.733    12.2385    12.1978    -0.0406   4.104011   4.099420      18.79          1   38.75760  -63.72784  -0.004492    530.987    531.000    35.5560    26.9890  260.93541  260.91379    12.1663    1507.15    1507.01      0.658    169.710         38 0.0000e+00
      20476 193.786529    853.112    536.743    12.1980    12.1609    -0.0371   4.098331   4.095135      30.64          1   38.75758  -63.72782  -0.002910    531.991    532.000    35.5387    26.9834  261.18504  261.16615    12.1259    1507.01    1506.89      1.225    169.722         19 0.0000e+00
      20493 193.786537    853.835    537.753    12.1582    12.1512    -0.0069   4.094645   4.094301       1.29          1   38.75758  -63.72782  -0.000415    532.999    533.000    35.5402    26.9923  261.39704  261.38107    12.0860    1506.90    1506.88      1.407    169.734         17 0.0000e+00
      20510 193.786546    854.534    538.763    12.1500    12.1343    -0.0157   4.094145   4.092193       0.56          1   38.75758  -63.72781  -0.001608    534.007    534.000    35.5427    26.9958  261.43654  261.42120    12.0778    1506.89    1506.83      1.332    169.746         17 0.0000e+00
      20531 193.786556    855.407    539.773    12.1227    12.0850    -0.0377   4.090607   4.086827       0.52          1   38.75757  -63.72780  -0.003370    535.010    535.000    35.5338    26.9941  261.60068  261.58724    12.0504    1506.80    1506.67      0.991    169.759         26 0.0000e+00
      20562 193.786571    856.728    540.784    12.0953    12.0291    -0.0662   4.088104   4.080941      13.46          1   38.75756  -63.72780  -0.006855    536.000    536.000    35.5349    27.0003  261.74644  261.73502    12.0230    1506.73    1506.49      0.719    169.771         36 0.0000e+00
      20594 193.786586    858.041    541.794    12.0432    11.9895    -0.0537   4.081352   4.076617      23.38          1   38.75756  -63.72778  -0.004323    536.993    537.000    35.5182    26.9973  262.05971  262.05192    11.9710    1506.55    1506.37      0.927    169.783         26 0.0000e+00
      20617 193.786597    858.992    542.804    11.9699    11.9309    -0.0390   4.073740   4.070208       0.40          1   38.75756  -63.72778  -0.003089    537.998    538.000    35.5131    27.0074  262.46697  262.46454    11.8978    1506.31    1506.18      1.132    169.795         20 0.0000e+00
      20638 193.786607    859.856    543.814    11.9198    11.8899    -0.0299   4.068699   4.065833       1.07          1   38.75754  -63.72776  -0.002557    539.004    539.000    35.5110    27.0154  262.74345  262.74471    11.8478    1506.15    1506.05      1.101    169.807         22 0.0000e+00
      20662 193.786619    860.874    544.825    11.8819    11.8535    -0.0284   4.064770   4.061985      59.44          1   38.75754  -63.72774  -0.002636    540.004    540.000    35.5083    27.0205  262.95552  262.95958    11.8099    1506.03    1505.93      0.921    169.819         28 0.0000e+00
      20690 193.786632    862.022    545.835    11.8559    11.8288    -0.0271   4.062022   4.059284      41.61          1   38.75754  -63.72774  -0.002619    540.995    541.000    35.5057    27.0234  263.10230  263.10828    11.7838    1505.96    1505.86      0.971    169.831         25 0.0000e+00
      20712 193.786643    862.948    546.845    11.8274    11.8173    -0.0101   4.058982   4.058155       6.11          1   38.75752  -63.72772  -0.000853    541.997    542.000    35.5026    27.0264  263.26372  263.27179    11.7553    1505.87    1505.84      1.161    169.843         20 0.0000e+00
      20732 193.786653    863.795    547.856    11.8153    11.8104    -0.0049   4.057987   4.057432      27.51          1   38.75752  -63.72772  -0.000497    543.009    543.000    35.5039    27.0298  263.32731  263.33631    11.7432    1505.85    1505.83      1.047    169.854         22 0.0000e+00
      20763 193.786667    865.071    548.866    11.8033    11.7848    -0.0185   4.056608   4.054691       0.50          1   38.75752  -63.72770  -0.001841    544.001    544.000    35.5014    27.0301  263.39767  263.40754    11.7310    1505.82    1505.76      0.713    169.866         38 0.0000e+00
      20794 193.786683    866.390    549.876    11.7838    11.7723    -0.0116   4.054595   4.053342       4.23          1   38.75751  -63.72769  -0.001162    544.993    545.000    35.4998    27.0325  263.50730  263.51861    11.7115    1505.77    1505.73      0.979    169.878         24 0.0000e+00
      20816 193.786693    867.285    550.886    11.7619    11.7415    -0.0204   4.051862   4.049803      27.02          1   38.75750  -63.72768  -0.001760    545.999    546.000    35.4935    27.0318  263.63953  263.65242    11.6895    1505.70    1505.63      1.161    169.890         20 0.0000e+00
      20836 193.786703    868.143    551.896    11.7280    11.6516    -0.0764   4.047460   4.038779       4.07          1   38.75750  -63.72768  -0.007132    547.003    547.000    35.4822    27.0294  263.84661  263.86193    11.6556    1505.59    1505.31      1.154    169.902         22 0.0000e+00
      20858 193.786713    869.036    552.907    11.6071    11.5617    -0.0454   4.032525   4.029498      53.41          1   38.75750  -63.72766  -0.002879    548.000    548.000    35.4502    27.0272  264.57194  264.59604    11.5351    1505.15    1505.01      1.125    169.913         21 0.0000e+00
      20880 193.786724    869.940    553.917    11.5642    11.5554    -0.0088   4.029732   4.028807      27.49          1   38.75748  -63.72766  -0.000925    549.002    549.000    35.4632    27.0454  264.78438  264.81193    11.4922    1505.04    1505.01      1.086    169.925         22 0.0000e+00
      20903 193.786735    870.919    554.927    11.5544    11.5231    -0.0314   4.028566   4.024751      24.11          1   38.75748  -63.72764  -0.003094    550.004    550.000    35.4606    27.0452  264.84333  264.87159    11.4823    1505.02    1504.90      0.962    169.937         26 0.0000e+00
      20932 193.786749    872.107    555.938    11.4689    11.4132    -0.0557   4.017960   4.012832      19.36          1   38.75748  -63.72763  -0.004613    551.005    551.000    35.4372    27.0430  265.36128  265.39584    11.3970    1504.71    1504.52      0.745    169.948         33 0.0000e+00
      20970 193.786768    873.724    556.948    11.3692    11.3475    -0.0216   4.007625   4.005735      -0.48          1   38.75748  -63.72762  -0.001646    551.995    552.000    35.4300    27.0558  265.92905  265.97124    11.2976    1504.37    1504.30      0.665    169.960         38 0.0000e+00
      20999 193.786781    874.912    557.958    11.3171    11.2552    -0.0620   4.000810   3.994806      29.80          1   38.75748  -63.72762  -0.004769    552.987    553.000    35.4119    27.0513  266.25372  266.29974    11.2456    1504.19    1503.97      1.173    169.972         21 0.0000e+00
      21016 193.786790    875.635    558.969    11.2225    11.1850    -0.0376   3.990336   3.987716      29.16          1   38.75747  -63.72762  -0.002301    553.996    554.000    35.3981    27.0580  266.80894  266.86221    11.1513    1503.86    1503.74      1.447    169.983         16 0.0000e+00
      21032 193.786797    876.292    559.979    11.1835    11.1528    -0.0307   3.986829   3.984151      31.67          1   38.75746  -63.72762  -0.002314    555.007    555.000    35.4002    27.0668  267.02371  267.08009    11.1123    1503.74    1503.64      1.408    169.994         16 0.0000e+00
      21052 193.786807    877.130    560.989    11.1467    11.1272    -0.0195   3.983219   3.981511       2.69          1   38.75746  -63.72760  -0.001550    556.013    556.000    35.3992    27.0728  267.23264  267.29193    11.0755    1503.63    1503.56      1.003    170.006         26 0.0000e+00
      21085 193.786823    878.487    562.000    11.1270    11.1065    -0.0205   3.981497   3.979409      18.72          1   38.75745  -63.72758  -0.002041    556.996    557.000    35.4005    27.0774  267.34079  267.40166    11.0557    1503.58    1503.51      0.740    170.017         34 0.0000e+00
      21113 193.786836    879.647    563.010    11.1029    11.0895    -0.0134   3.978738   3.977496      20.51          1   38.75744  -63.72757  -0.001111    557.995    558.000    35.3958    27.0781  267.48567  267.54840    11.0316    1503.50    1503.46      1.018    170.029         23 0.0000e+00
      21135 193.786847    880.572    564.020    11.0824    11.0734    -0.0090   3.976686   3.975861      32.38          1   38.75744  -63.72756  -0.000761    559.003    559.000    35.3945    27.0809  267.60326  267.66760    11.0111    1503.45    1503.42      1.036    170.040         23 0.0000e+00
      21160 193.786859    881.626    565.031    11.0577    11.0408    -0.0169   3.973902   3.972286       0.46          1   38.75744  -63.72755  -0.001356    560.001    560.000    35.3901    27.0819  267.75111  267.81736    10.9863    1503.37    1503.31      0.928    170.051         27 0.0000e+00
      21186 193.786872    882.710    566.041    11.0219    11.0096    -0.0123   3.970141   3.969008       0.63          1   38.75743  -63.72754  -0.000985    560.996    561.000    35.3865    27.0857  267.95991  268.02898    10.9505    1503.26    1503.22      1.007    170.062         24 0.0000e+00
      21208 193.786882    883.638    567.051    11.0003    10.9940    -0.0063   3.968008   3.967458       0.53          1   38.75742  -63.72753  -0.000519    561.998    562.000    35.3856    27.0889  268.08397  268.15476    10.9289    1503.20    1503.18      1.150    170.074         21 0.0000e+00
      21228 193.786892    884.479    568.062    10.9898    10.9854    -0.0044   3.967060   3.966555       0.53          1   38.75742  -63.72752  -0.000446    563.003    563.000    35.3858    27.0909  268.14301  268.21465    10.9183    1503.18    1503.16      1.161    170.085         20 0.0000e+00
      21251 193.786903    885.421    569.072    10.9775    10.9672    -0.0104   3.965676   3.964567      22.00          1   38.75741  -63.72751  -0.000913    564.009    564.000    35.3833    27.0913  268.21725  268.28985    10.9059    1503.15    1503.11      0.921    170.096         27 0.0000e+00
      21289 193.786921    887.004    570.083    10.9311    10.9122    -0.0189   3.960370   3.958717       2.74          1   38.75740  -63.72748  -0.001446    564.999    565.000    35.3745    27.0928  268.49709  268.57330    10.8596    1502.99    1502.93      0.566    170.107         47 0.0000e+00
      21325 193.786939    888.511    571.093    10.8942    10.8915    -0.0027   3.956779   3.956586      50.57          1   38.75739  -63.72747  -0.000150    565.988    566.000    35.3736    27.0988  268.70804  268.78723    10.8227    1502.88    1502.87      1.049    170.118         23 0.0000e+00
      21344 193.786948    889.288    572.103    10.8855    10.8793    -0.0061   3.955989   3.955299      28.28          1   38.75738  -63.72746  -0.000581    566.991    567.000    35.3736    27.1004  268.75750  268.83740    10.8139    1502.87    1502.84      1.433    170.129         16 0.0000e+00
      21359 193.786955    889.928    573.114    10.8760    10.8658    -0.0102   3.954881   3.953866       0.01          1   38.75738  -63.72746  -0.000877    568.000    568.000    35.3713    27.1003  268.81621  268.89685    10.8043    1502.85    1502.81      1.541    170.140         15 0.0000e+00
      21375 193.786963    890.586    574.124    10.8640    10.8541    -0.0099   3.953649   3.952651       8.66          1   38.75738  -63.72745  -0.000835    569.015    569.000    35.3700    27.1015  268.88666  268.96824    10.7922    1502.82    1502.79      1.333    170.152         18 0.0000e+00
      21403 193.786976    891.764    575.135    10.8442    10.8321    -0.0121   3.951558   3.950376      23.09          1   38.75737  -63.72744  -0.001093    570.009    570.000    35.3677    27.1032  269.00369  269.08686    10.7724    1502.76    1502.72      0.690    170.163         44 0.0000e+00
      21447 193.786998    893.587    576.145    10.8183    10.8115    -0.0069   3.948905   3.948155      -1.26          1   38.75736  -63.72742  -0.000647    570.987    571.000    35.3656    27.1062  269.15500  269.24024    10.7465    1502.69    1502.66      0.804    170.174         31 0.0000e+00
      21469 193.787008    894.499    577.155    10.8035    10.7974    -0.0060   3.947292   3.946666       0.91          1   38.75736  -63.72741  -0.000536    571.992    572.000    35.3633    27.1071  269.24419  269.33062    10.7316    1502.65    1502.63      1.271    170.185         18 0.0000e+00
      21486 193.787016    895.211    578.166    10.7944    10.7836    -0.0108   3.946391   3.945009      35.80          1   38.75736  -63.72740  -0.001015    573.003    573.000    35.3626    27.1082  269.29747  269.38463    10.7224    1502.63    1502.59      1.368    170.196         17 0.0000e+00
