ctd/proc/EN719_CTD08_avg.cnv
* Sea-Bird SBE 9 Data File:
* FileName = D:\ctd\raw\EN719_CTD08.hdr
* Software Version Seasave V 7.26.7.121
* Temperature SN = 4333
* Conductivity SN = 0864
* Number of Bytes Per Scan = 37
* Number of Voltage Words = 4
* Number of Scans Averaged by the Deck Unit = 1
* NMEA Latitude = 38 54.40 N
* NMEA Longitude = 063 50.75 W
* NMEA UTC (Time) = Jul 22 2024  11:12:19
* NMEA baud rate = 4800
** Ship: R/V Endeavor
** Cruise: EN719
** Principal Investigator: Chad Smith
** Chief Scientist: Chad Smith
** Project: NESMA24
** Cruise Start Date: 7 July 2024
** Ports: GSO, Narragansett RI to GSO, Narragansett RI
** Station:  CTD08
** Bottom Depth: 3072
** Operator:  JC
# nquan = 27
# nvalues = 1989                        
# units = specified
# name 0 = scan: Scan Count
# name 1 = timeJ: Julian Days
# name 2 = timeS: Time, Elapsed [seconds]
# name 3 = prDM: Pressure, Digiquartz [db]
# name 4 = t090C: Temperature [ITS-90, deg C]
# name 5 = t190C: Temperature, 2 [ITS-90, deg C]
# name 6 = T2-T190C: Temperature Difference, 2 - 1 [ITS-90, deg C]
# name 7 = c0S/m: Conductivity [S/m]
# name 8 = c1S/m: Conductivity, 2 [S/m]
# name 9 = altM: Altimeter [m]
# name 10 = pumps: Pump Status
# name 11 = latitude: Latitude [deg]
# name 12 = longitude: Longitude [deg]
# name 13 = C2-C1S/m: Conductivity Difference, 2 - 1 [S/m]
# name 14 = depSM: Depth [salt water, m]
# name 15 = depSM: Depth [salt water, m], lat = 38.9067
# name 16 = sal00: Salinity, Practical [PSU]
# name 17 = sigma-é00: Density [sigma-theta, kg/m^3]
# name 18 = oxsolMm/Kg: Oxygen Saturation, Garcia & Gordon [umol/kg]
# name 19 = oxsatMm/Kg: Oxygen Saturation, Weiss [umol/kg]
# name 20 = potemp090C: Potential Temperature [ITS-90, deg C]
# name 21 = svCM: Sound Velocity [Chen-Millero, m/s]
# name 22 = svCM1: Sound Velocity, 2 [Chen-Millero, m/s]
# name 23 = dz/dtM: Descent Rate [m/s], WS = 2
# name 24 = gpa: Geopotential Anomaly [J/kg]
# name 25 = nbin: number of scans per bin
# name 26 = flag: flag
# span 0 =       1171,      57487       
# span 1 = 204.467485, 204.494644       
# span 2 =     48.743,   2395.267       
# span 3 =     12.092,   2024.996       
# span 4 =     3.5015,    22.5042       
# span 5 =     3.5023,    22.4240       
# span 6 =    -0.2766,     0.0225       
# span 7 =   3.294241,   4.677880       
# span 8 =   3.294401,   4.672101       
# span 9 =      -7.05,     100.11       
# span 10 =          1,          1      
# span 11 =   38.90689,   38.91161      
# span 12 =  -63.85758,  -63.84613      
# span 13 =  -0.029784,   0.002015      
# span 14 =     12.000,   2000.005      
# span 15 =     12.000,   2000.000      
# span 16 =    32.1303,    35.0639      
# span 17 =    21.8995,    27.8173      
# span 18 =  219.84105,  318.72392      
# span 19 =  219.33790,  319.62050      
# span 20 =     3.3391,    22.5017      
# span 21 =    1478.76,    1525.25      
# span 22 =    1478.77,    1525.07      
# span 23 =     -0.265,      1.605      
# span 24 =      0.243,     13.604      
# span 25 =         15,       1315      
# span 26 = 0.0000e+00, 0.0000e+00      
# interval = meters: 1                  
# start_time = Jul 22 2024 11:12:22 [System UTC, header]
# bad_flag = -9.990e-29
*END*
[from data line 1665]
      47914 204.490028   1996.389   1696.650     3.7445     3.7451     0.0006   3.303380   3.303464       0.76          1   38.91064  -63.85608   0.000079   1676.996   1677.000    34.9609    27.7952  316.83785  317.69847     3.6094    1493.56    1493.56      1.185     12.106         20 0.0000e+00
      47934 204.490037   1997.218   1697.666     3.7445     3.7453     0.0008   3.303419   3.303530       0.55          1   38.91064  -63.85608   0.000104   1678.005   1678.000    34.9609    27.7952  316.83803  317.69866     3.6093    1493.57    1493.58      1.149     12.110         20 0.0000e+00
      47958 204.490049   1998.210   1698.681     3.7449     3.7457     0.0008   3.303499   3.303595      21.48          1   38.91064  -63.85608   0.000089   1679.003   1679.000    34.9610    27.7953  316.83512  317.69569     3.6095    1493.59    1493.60      0.934     12.115         28 0.0000e+00
      47986 204.490062   1999.376   1699.697     3.7456     3.7465     0.0009   3.303607   3.303721      23.16          1   38.91064  -63.85610   0.000108   1679.994   1680.000    34.9610    27.7952  316.82931  317.68978     3.6102    1493.61    1493.62      0.941     12.120         26 0.0000e+00
      48009 204.490073   2000.350   1700.713     3.7459     3.7467     0.0008   3.303675   3.303775      41.69          1   38.91064  -63.85610   0.000098   1680.998   1681.000    34.9610    27.7952  316.82729  317.68772     3.6103    1493.63    1493.64      1.076     12.124         22 0.0000e+00
      48033 204.490085   2001.314   1701.729     3.7457     3.7465     0.0008   3.303693   3.303792      12.90          1   38.91066  -63.85610   0.000099   1682.008   1682.000    34.9609    27.7951  316.82885  317.68930     3.6101    1493.65    1493.65      0.915     12.129         26 0.0000e+00
      48067 204.490101   2002.739   1702.745     3.7451     3.7459     0.0008   3.303681   3.303778       0.17          1   38.91066  -63.85610   0.000098   1682.996   1683.000    34.9610    27.7952  316.83350  317.69404     3.6094    1493.66    1493.67      0.681     12.133         38 0.0000e+00
      48097 204.490116   2004.003   1703.760     3.7453     3.7461     0.0008   3.303756   3.303855       0.74          1   38.91066  -63.85610   0.000091   1683.991   1684.000    34.9612    27.7954  316.83166  317.69218     3.6095    1493.68    1493.68      1.054     12.138         23 0.0000e+00
      48117 204.490125   2004.835   1704.776     3.7452     3.7458     0.0006   3.303780   3.303871      33.30          1   38.91066  -63.85610   0.000093   1684.994   1685.000    34.9610    27.7952  316.83230  317.69282     3.6093    1493.70    1493.70      1.306     12.143         18 0.0000e+00
      48135 204.490134   2005.564   1705.792     3.7445     3.7454     0.0009   3.303761   3.303876       1.89          1   38.91066  -63.85610   0.000109   1685.998   1686.000    34.9610    27.7953  316.83770  317.69832     3.6085    1493.71    1493.72      1.381     12.147         18 0.0000e+00
      48152 204.490142   2006.301   1706.808     3.7438     3.7447     0.0009   3.303726   3.303849      32.80          1   38.91066  -63.85610   0.000131   1687.006   1687.000    34.9608    27.7953  316.84334  317.70406     3.6078    1493.72    1493.73      1.306     12.152         18 0.0000e+00
      48172 204.490152   2007.142   1707.824     3.7427     3.7438     0.0010   3.303676   3.303805       1.67          1   38.91066  -63.85612   0.000128   1688.005   1688.000    34.9609    27.7955  316.85166  317.71255     3.6066    1493.74    1493.74      1.098     12.157         23 0.0000e+00
      48198 204.490165   2008.223   1708.840     3.7424     3.7434     0.0010   3.303686   3.303813      43.47          1   38.91066  -63.85612   0.000130   1689.002   1689.000    34.9609    27.7954  316.85412  317.71505     3.6062    1493.75    1493.76      0.851     12.161         29 0.0000e+00
      48230 204.490180   2009.525   1709.856     3.7417     3.7425     0.0008   3.303674   3.303760      20.28          1   38.91066  -63.85612   0.000085   1689.999   1690.000    34.9609    27.7956  316.85915  317.72019     3.6054    1493.77    1493.77      0.780     12.166         32 0.0000e+00
      48260 204.490194   2010.796   1710.871     3.7416     3.7424     0.0008   3.303705   3.303801      20.22          1   38.91066  -63.85612   0.000094   1691.000   1691.000    34.9609    27.7956  316.86020  317.72126     3.6052    1493.78    1493.79      0.805     12.171         30 0.0000e+00
      48290 204.490209   2012.051   1711.887     3.7410     3.7417     0.0008   3.303690   3.303783       0.51          1   38.91067  -63.85613   0.000095   1691.998   1692.000    34.9610    27.7957  316.86506  317.72620     3.6045    1493.80    1493.80      0.845     12.175         29 0.0000e+00
      48317 204.490222   2013.171   1712.903     3.7406     3.7416     0.0009   3.303694   3.303811      27.09          1   38.91068  -63.85614   0.000118   1692.996   1693.000    34.9608    27.7957  316.86779  317.72898     3.6041    1493.81    1493.82      1.006     12.180         24 0.0000e+00
      48339 204.490233   2014.101   1713.919     3.7399     3.7407     0.0008   3.303661   3.303783       0.07          1   38.91068  -63.85614   0.000126   1693.998   1694.000    34.9608    27.7957  316.87387  317.73517     3.6032    1493.83    1493.83      1.143     12.185         21 0.0000e+00
      48360 204.490243   2014.957   1714.935     3.7377     3.7382     0.0005   3.303480   3.303583       0.63          1   38.91068  -63.85614   0.000129   1694.997   1695.000    34.9605    27.7957  316.89152  317.75314     3.6010    1493.84    1493.84      1.210     12.189         20 0.0000e+00
      48380 204.490252   2015.782   1715.951     3.7347     3.7354     0.0007   3.303279   3.303378      30.73          1   38.91068  -63.85614   0.000105   1696.000   1696.000    34.9607    27.7962  316.91363  317.77570     3.5979    1493.84    1493.84      1.208     12.194         20 0.0000e+00
      48401 204.490262   2016.649   1716.966     3.7335     3.7342     0.0007   3.303213   3.303311       0.39          1   38.91068  -63.85615   0.000108   1697.004   1697.000    34.9607    27.7963  316.92259  317.78482     3.5967    1493.85    1493.86      1.113     12.198         22 0.0000e+00
      48424 204.490273   2017.618   1717.982     3.7319     3.7326     0.0007   3.303109   3.303200       0.54          1   38.91068  -63.85616   0.000100   1697.999   1698.000    34.9606    27.7964  316.93499  317.79746     3.5950    1493.86    1493.87      1.027     12.203         24 0.0000e+00
      48448 204.490285   2018.622   1718.998     3.7304     3.7311     0.0007   3.303016   3.303114      45.39          1   38.91068  -63.85616   0.000101   1699.001   1699.000    34.9607    27.7966  316.94676  317.80946     3.5934    1493.87    1493.88      0.969     12.208         25 0.0000e+00
      48477 204.490299   2019.823   1720.014     3.7294     3.7303     0.0009   3.302959   3.303064       4.96          1   38.91068  -63.85616   0.000108   1700.004   1700.000    34.9606    27.7967  316.95493  317.81777     3.5923    1493.88    1493.89      0.736     12.212         35 0.0000e+00
      48513 204.490316   2021.321   1721.030     3.7289     3.7297     0.0009   3.302958   3.303063      58.34          1   38.91068  -63.85616   0.000105   1700.993   1701.000    34.9606    27.7967  316.95846  317.82138     3.5917    1493.90    1493.90      0.783     12.217         32 0.0000e+00
      48539 204.490329   2022.408   1722.046     3.7278     3.7286     0.0008   3.302902   3.303018      28.32          1   38.91070  -63.85616   0.000114   1701.996   1702.000    34.9606    27.7968  316.96699  317.83007     3.5905    1493.91    1493.92      1.046     12.222         22 0.0000e+00
      48561 204.490339   2023.321   1723.062     3.7274     3.7281     0.0007   3.302911   3.303008       0.36          1   38.91070  -63.85616   0.000101   1703.000   1703.000    34.9606    27.7969  316.97001  317.83315     3.5900    1493.93    1493.93      1.102     12.226         22 0.0000e+00
      48583 204.490350   2024.264   1724.078     3.7260     3.7264     0.0005   3.302815   3.302898      25.28          1   38.91070  -63.85618   0.000096   1704.000   1704.000    34.9605    27.7969  316.98110  317.84444     3.5886    1493.94    1493.94      1.059     12.231         24 0.0000e+00
      48606 204.490361   2025.229   1725.094     3.7236     3.7243     0.0007   3.302645   3.302750       0.73          1   38.91070  -63.85618   0.000119   1704.998   1705.000    34.9605    27.7972  316.99943  317.86313     3.5861    1493.95    1493.95      1.099     12.236         22 0.0000e+00
      48628 204.490372   2026.111   1726.110     3.7217     3.7226     0.0009   3.302527   3.302640       0.62          1   38.91070  -63.85618   0.000115   1705.997   1706.000    34.9606    27.7974  317.01349  317.87746     3.5842    1493.96    1493.96      1.172     12.240         20 0.0000e+00
      48648 204.490382   2026.974   1727.125     3.7201     3.7208     0.0007   3.302427   3.302526      27.58          1   38.91070  -63.85618   0.000107   1707.004   1707.000    34.9606    27.7976  317.02583  317.89004     3.5825    1493.96    1493.97      1.125     12.245         22 0.0000e+00
      48672 204.490393   2027.939   1728.141     3.7196     3.7203     0.0007   3.302430   3.302521       1.12          1   38.91070  -63.85618   0.000092   1708.002   1708.000    34.9607    27.7977  317.02948  317.89376     3.5819    1493.98    1493.98      0.995     12.249         25 0.0000e+00
      48698 204.490405   2029.033   1729.157     3.7193     3.7202     0.0009   3.302443   3.302552       0.69          1   38.91070  -63.85619   0.000106   1709.002   1709.000    34.9607    27.7978  317.03182  317.89615     3.5815    1494.00    1494.00      0.879     12.254         28 0.0000e+00
      48728 204.490420   2030.275   1730.173     3.7193     3.7201     0.0008   3.302484   3.302575      38.10          1   38.91072  -63.85620   0.000091   1710.001   1710.000    34.9606    27.7978  317.03178  317.89611     3.5814    1494.01    1494.02      0.775     12.259         31 0.0000e+00
      48760 204.490435   2031.619   1731.189     3.7187     3.7196     0.0009   3.302477   3.302577       7.10          1   38.91072  -63.85620   0.000098   1710.998   1711.000    34.9607    27.7979  317.03642  317.90084     3.5807    1494.03    1494.03      0.789     12.263         32 0.0000e+00
      48788 204.490449   2032.811   1732.205     3.7186     3.7194     0.0008   3.302496   3.302614      52.57          1   38.91072  -63.85620   0.000116   1711.995   1712.000    34.9606    27.7978  317.03758  317.90201     3.5805    1494.04    1494.05      0.957     12.268         25 0.0000e+00
      48812 204.490460   2033.775   1733.221     3.7184     3.7192     0.0008   3.302527   3.302632      40.85          1   38.91072  -63.85620   0.000103   1712.995   1713.000    34.9606    27.7979  317.03879  317.90325     3.5802    1494.06    1494.06      1.130     12.273         22 0.0000e+00
      48832 204.490470   2034.624   1734.237     3.7185     3.7193     0.0008   3.302586   3.302678       0.63          1   38.91072  -63.85620   0.000090   1713.999   1714.000    34.9607    27.7979  317.03766  317.90211     3.5803    1494.08    1494.08      1.229     12.277         19 0.0000e+00
      48851 204.490479   2035.432   1735.253     3.7180     3.7191     0.0011   3.302568   3.302701       0.58          1   38.91072  -63.85620   0.000137   1715.001   1715.000    34.9606    27.7979  317.04212  317.90664     3.5797    1494.09    1494.10      1.229     12.282         20 0.0000e+00
      48872 204.490489   2036.288   1736.269     3.7172     3.7180     0.0008   3.302544   3.302652      52.03          1   38.91072  -63.85622   0.000108   1716.003   1716.000    34.9606    27.7980  317.04808  317.91272     3.5788    1494.11    1494.11      1.109     12.287         22 0.0000e+00
      48896 204.490501   2037.305   1737.285     3.7159     3.7166     0.0007   3.302455   3.302566       1.86          1   38.91074  -63.85622   0.000117   1717.004   1717.000    34.9604    27.7980  317.05832  317.92314     3.5774    1494.12    1494.12      0.916     12.291         27 0.0000e+00
      48925 204.490515   2038.520   1738.301     3.7150     3.7159     0.0008   3.302426   3.302544      20.67          1   38.91074  -63.85622   0.000116   1717.998   1718.000    34.9605    27.7982  317.06489  317.92984     3.5764    1494.13    1494.14      0.842     12.296         30 0.0000e+00
      48953 204.490528   2039.658   1739.317     3.7151     3.7160     0.0009   3.302471   3.302596       1.46          1   38.91074  -63.85623   0.000121   1718.997   1719.000    34.9605    27.7982  317.06463  317.92957     3.5764    1494.15    1494.15      0.951     12.300         25 0.0000e+00
      48978 204.490540   2040.699   1740.333     3.7151     3.7160     0.0009   3.302523   3.302636      22.24          1   38.91075  -63.85624   0.000109   1720.002   1720.000    34.9606    27.7982  317.06401  317.92895     3.5764    1494.17    1494.17      0.933     12.305         26 0.0000e+00
      49006 204.490554   2041.863   1741.349     3.7155     3.7166     0.0011   3.302602   3.302729      25.21          1   38.91076  -63.85624   0.000121   1720.999   1721.000    34.9606    27.7982  317.06098  317.92586     3.5766    1494.18    1494.19      0.867     12.310         29 0.0000e+00
      49033 204.490567   2042.982   1742.365     3.7142     3.7155     0.0013   3.302502   3.302667      25.83          1   38.91076  -63.85624   0.000174   1721.994   1722.000    34.9603    27.7981  317.07175  317.93683     3.5752    1494.20    1494.20      1.005     12.314         24 0.0000e+00
      49055 204.490578   2043.912   1743.381     3.7128     3.7139     0.0012   3.302415   3.302565      43.34          1   38.91076  -63.85625   0.000155   1722.997   1723.000    34.9603    27.7983  317.08278  317.94806     3.5737    1494.21    1494.21      1.157     12.319         21 0.0000e+00
      49075 204.490587   2044.749   1744.397     3.7110     3.7121     0.0010   3.302301   3.302436      10.99          1   38.91076  -63.85626   0.000146   1723.999   1724.000    34.9603    27.7984  317.09613  317.96167     3.5719    1494.21    1494.22      1.224     12.324         19 0.0000e+00
      49095 204.490597   2045.579   1745.413     3.7100     3.7109     0.0009   3.302256   3.302369       0.79          1   38.91076  -63.85626   0.000116   1725.004   1725.000    34.9603    27.7986  317.10377  317.96946     3.5708    1494.23    1494.23      1.150     12.328         21 0.0000e+00
      49119 204.490609   2046.580   1746.429     3.7098     3.7107     0.0009   3.302277   3.302390      23.79          1   38.91076  -63.85626   0.000110   1726.006   1726.000    34.9604    27.7986  317.10571  317.97143     3.5705    1494.24    1494.25      0.887     12.333         29 0.0000e+00
      49151 204.490624   2047.923   1747.445     3.7110     3.7120     0.0011   3.302430   3.302551      35.27          1   38.91076  -63.85626   0.000109   1726.996   1727.000    34.9604    27.7986  317.09638  317.96194     3.5716    1494.27    1494.27      0.775     12.337         32 0.0000e+00
      49179 204.490638   2049.096   1748.461     3.7095     3.7108     0.0013   3.302325   3.302484       0.07          1   38.91078  -63.85628   0.000175   1727.997   1728.000    34.9603    27.7986  317.10818  317.97395     3.5700    1494.28    1494.28      0.947     12.342         25 0.0000e+00
      49204 204.490650   2050.117   1749.477     3.7086     3.7093     0.0008   3.302294   3.302395      25.68          1   38.91078  -63.85628   0.000102   1728.999   1729.000    34.9604    27.7988  317.11503  317.98094     3.5690    1494.29    1494.29      1.010     12.347         24 0.0000e+00
