ctd/proc/EN719_CTD09_avg.cnv
* Sea-Bird SBE 9 Data File:
* FileName = D:\ctd\raw\EN719_CTD09.hdr
* Software Version Seasave V 7.26.7.121
* Temperature SN = 4333
* Conductivity SN = 0864
* Number of Bytes Per Scan = 37
* Number of Voltage Words = 4
* Number of Scans Averaged by the Deck Unit = 1
* NMEA Latitude = 39 10.21 N
* NMEA Longitude = 063 36.93 W
* NMEA UTC (Time) = Jul 23 2024  00:01:35
* NMEA baud rate = 4800
** Ship: R/V Endeavor
** Cruise: EN719
** Principal Investigator: Chad Smith
** Chief Scientist: Chad Smith
** Project: NESMA24
** Cruise Start Date: 7 July 2024
** Ports: GSO, Narragansett RI to GSO, Narragansett RI
** Station:  CTD09
** Bottom Depth: 4956
** Operator:  JA
# nquan = 27
# nvalues = 1994                        
# units = specified
# name 0 = scan: Scan Count
# name 1 = timeJ: Julian Days
# name 2 = timeS: Time, Elapsed [seconds]
# name 3 = prDM: Pressure, Digiquartz [db]
# name 4 = t090C: Temperature [ITS-90, deg C]
# name 5 = t190C: Temperature, 2 [ITS-90, deg C]
# name 6 = T2-T190C: Temperature Difference, 2 - 1 [ITS-90, deg C]
# name 7 = c0S/m: Conductivity [S/m]
# name 8 = c1S/m: Conductivity, 2 [S/m]
# name 9 = altM: Altimeter [m]
# name 10 = pumps: Pump Status
# name 11 = latitude: Latitude [deg]
# name 12 = longitude: Longitude [deg]
# name 13 = C2-C1S/m: Conductivity Difference, 2 - 1 [S/m]
# name 14 = depSM: Depth [salt water, m]
# name 15 = depSM: Depth [salt water, m], lat = 39.1702
# name 16 = sal00: Salinity, Practical [PSU]
# name 17 = sigma-é00: Density [sigma-theta, kg/m^3]
# name 18 = oxsolMm/Kg: Oxygen Saturation, Garcia & Gordon [umol/kg]
# name 19 = oxsatMm/Kg: Oxygen Saturation, Weiss [umol/kg]
# name 20 = potemp090C: Potential Temperature [ITS-90, deg C]
# name 21 = svCM: Sound Velocity [Chen-Millero, m/s]
# name 22 = svCM1: Sound Velocity, 2 [Chen-Millero, m/s]
# name 23 = dz/dtM: Descent Rate [m/s], WS = 2
# name 24 = gpa: Geopotential Anomaly [J/kg]
# name 25 = nbin: number of scans per bin
# name 26 = flag: flag
# span 0 =       -940,      56822       
# span 1 = 205.000681, 205.028536       
# span 2 =    -39.190,   2367.543       
# span 3 =      7.053,   2025.045       
# span 4 =     3.5274,    22.6172       
# span 5 =     3.5281,    22.6396       
# span 6 =    -0.0861,     0.0651       
# span 7 =   3.296305,   4.697410       
# span 8 =   3.296423,   4.695050       
# span 9 =      -3.82,      86.72       
# span 10 =          1,          1      
# span 11 =   39.17009,   39.17312      
# span 12 =  -63.62818,  -63.61526      
# span 13 =  -0.007885,   0.010440      
# span 14 =      6.993,   1999.997      
# span 15 =      7.000,   2000.000      
# span 16 =    32.0428,    35.4406      
# span 17 =    21.8626,    27.8131      
# span 18 =  219.31784,  318.52919      
# span 19 =  218.81328,  319.42181      
# span 20 =     3.3647,    22.6156      
# span 21 =    1475.40,    1525.53      
# span 22 =    1475.40,    1525.51      
# span 23 =     -0.039,      1.578      
# span 24 =     -0.206,     13.593      
# span 25 =         15,        176      
# span 26 = 0.0000e+00, 0.0000e+00      
# interval = meters: 1                  
# start_time = Jul 23 2024 00:01:38 [System UTC, header]
# bad_flag = -9.990e-29
*END*
[from data line 1772]
      50114 205.025301   2088.025   1800.327     3.7384     3.7395     0.0011   3.307158   3.307291      43.71          1   39.17284  -63.62684   0.000133   1779.002   1779.000    34.9619    27.7975  316.88261  317.74417     3.5937    1495.27    1495.27      0.935     12.556         26 0.0000e+00
      50142 205.025315   2089.220   1801.344     3.7381     3.7391     0.0010   3.307179   3.307320       0.88          1   39.17284  -63.62686   0.000138   1780.001   1780.000    34.9619    27.7976  316.88461  317.74622     3.5933    1495.28    1495.29      0.800     12.560         32 0.0000e+00
      50173 205.025330   2090.496   1802.360     3.7380     3.7392     0.0011   3.307218   3.307362      45.77          1   39.17284  -63.62686   0.000138   1780.993   1781.000    34.9619    27.7976  316.88495  317.74656     3.5932    1495.30    1495.31      0.913     12.565         27 0.0000e+00
      50196 205.025341   2091.464   1803.376     3.7382     3.7392     0.0010   3.307282   3.307427      -0.72          1   39.17284  -63.62686   0.000145   1781.995   1782.000    34.9619    27.7976  316.88326  317.74484     3.5933    1495.32    1495.32      1.171     12.570         20 0.0000e+00
      50215 205.025350   2092.267   1804.393     3.7380     3.7390     0.0010   3.307287   3.307445       0.73          1   39.17284  -63.62686   0.000158   1783.000   1783.000    34.9618    27.7976  316.88573  317.74735     3.5929    1495.34    1495.34      1.261     12.574         19 0.0000e+00
      50235 205.025360   2093.085   1805.409     3.7371     3.7381     0.0010   3.307262   3.307400      13.93          1   39.17284  -63.62686   0.000140   1784.006   1784.000    34.9619    27.7977  316.89187  317.75361     3.5920    1495.35    1495.35      1.130     12.579         22 0.0000e+00
      50261 205.025372   2094.161   1806.425     3.7372     3.7383     0.0011   3.307310   3.307449      10.44          1   39.17284  -63.62688   0.000138   1785.005   1785.000    34.9619    27.7977  316.89127  317.75300     3.5920    1495.37    1495.37      0.818     12.584         31 0.0000e+00
      50296 205.025389   2095.620   1807.441     3.7373     3.7376     0.0003   3.307356   3.307433       0.82          1   39.17284  -63.62688   0.000077   1785.998   1786.000    34.9619    27.7977  316.89072  317.75244     3.5920    1495.38    1495.39      0.689     12.589         36 0.0000e+00
      50329 205.025405   2096.982   1808.458     3.7368     3.7379     0.0010   3.307358   3.307488      21.68          1   39.17284  -63.62688   0.000132   1786.996   1787.000    34.9619    27.7978  316.89439  317.75619     3.5914    1495.40    1495.40      0.844     12.593         29 0.0000e+00
      50355 205.025417   2098.066   1809.474     3.7366     3.7376     0.0010   3.307379   3.307507      12.87          1   39.17284  -63.62690   0.000120   1787.997   1788.000    34.9619    27.7978  316.89595  317.75777     3.5911    1495.42    1495.42      1.024     12.598         24 0.0000e+00
      50377 205.025428   2098.991   1810.490     3.7361     3.7369     0.0008   3.307354   3.307488      14.83          1   39.17284  -63.62690   0.000153   1788.997   1789.000    34.9617    27.7977  316.90042  317.76231     3.5905    1495.43    1495.43      1.141     12.603         21 0.0000e+00
      50398 205.025438   2099.855   1811.507     3.7341     3.7351     0.0010   3.307227   3.307376       0.64          1   39.17284  -63.62690   0.000149   1790.000   1790.000    34.9617    27.7979  316.91543  317.77761     3.5884    1495.44    1495.44      1.182     12.608         20 0.0000e+00
      50418 205.025448   2100.714   1812.523     3.7334     3.7341     0.0007   3.307182   3.307312      29.70          1   39.17284  -63.62690   0.000137   1791.000   1791.000    34.9615    27.7978  316.92159  317.78387     3.5876    1495.45    1495.46      1.172     12.612         21 0.0000e+00
      50439 205.025458   2101.592   1813.540     3.7319     3.7326     0.0008   3.307077   3.307217       1.16          1   39.17284  -63.62691   0.000155   1792.001   1792.000    34.9614    27.7979  316.93365  317.79615     3.5861    1495.46    1495.47      1.131     12.617         22 0.0000e+00
      50462 205.025469   2102.523   1814.556     3.7296     3.7307     0.0011   3.306918   3.307065       0.56          1   39.17284  -63.62692   0.000147   1793.004   1793.000    34.9614    27.7981  316.95082  317.81366     3.5837    1495.47    1495.48      1.014     12.622         23 0.0000e+00
      50490 205.025483   2103.703   1815.572     3.7294     3.7305     0.0011   3.306954   3.307083      16.76          1   39.17285  -63.62692   0.000128   1794.004   1794.000    34.9615    27.7982  316.95189  317.81476     3.5835    1495.49    1495.49      0.747     12.626         35 0.0000e+00
      50526 205.025500   2105.224   1816.589     3.7283     3.7291     0.0008   3.306873   3.306999       0.16          1   39.17286  -63.62692   0.000134   1794.995   1795.000    34.9613    27.7982  316.96131  317.82433     3.5822    1495.50    1495.50      0.730     12.631         34 0.0000e+00
      50555 205.025514   2106.422   1817.605     3.7259     3.7269     0.0010   3.306682   3.306824      23.78          1   39.17286  -63.62694   0.000154   1795.997   1796.000    34.9610    27.7982  316.98015  317.84352     3.5798    1495.50    1495.51      0.952     12.636         25 0.0000e+00
      50579 205.025526   2107.415   1818.621     3.7235     3.7245     0.0010   3.306503   3.306647      48.81          1   39.17286  -63.62694   0.000154   1796.998   1797.000    34.9609    27.7984  316.99868  317.86239     3.5773    1495.51    1495.52      1.063     12.640         23 0.0000e+00
      50601 205.025536   2108.347   1819.638     3.7223     3.7232     0.0009   3.306429   3.306548      59.36          1   39.17286  -63.62694   0.000131   1798.001   1798.000    34.9608    27.7985  317.00818  317.87208     3.5760    1495.52    1495.53      1.074     12.645         22 0.0000e+00
      50625 205.025548   2109.318   1820.654     3.7210     3.7221     0.0010   3.306355   3.306490       0.19          1   39.17286  -63.62694   0.000131   1799.000   1799.000    34.9608    27.7986  317.01807  317.88215     3.5747    1495.54    1495.54      1.029     12.650         24 0.0000e+00
      50648 205.025559   2110.309   1821.671     3.7211     3.7223     0.0012   3.306418   3.306566      27.19          1   39.17286  -63.62694   0.000146   1799.997   1800.000    34.9610    27.7987  317.01701  317.88108     3.5747    1495.55    1495.56      1.079     12.655         23 0.0000e+00
      50670 205.025569   2111.200   1822.687     3.7211     3.7221     0.0009   3.306460   3.306601      20.41          1   39.17286  -63.62696   0.000138   1800.999   1801.000    34.9610    27.7987  317.01684  317.88091     3.5746    1495.57    1495.57      1.163     12.659         20 0.0000e+00
      50691 205.025580   2112.077   1823.703     3.7210     3.7220     0.0010   3.306489   3.306619       8.64          1   39.17286  -63.62696   0.000128   1802.005   1802.000    34.9610    27.7988  317.01802  317.88211     3.5743    1495.59    1495.59      1.044     12.664         23 0.0000e+00
      50720 205.025594   2113.307   1824.720     3.7206     3.7217     0.0012   3.306501   3.306647      16.46          1   39.17286  -63.62696   0.000145   1803.003   1803.000    34.9611    27.7989  317.02096  317.88512     3.5739    1495.60    1495.61      0.719     12.669         37 0.0000e+00
      50755 205.025611   2114.769   1825.736     3.7207     3.7217     0.0009   3.306564   3.306678      34.35          1   39.17286  -63.62697   0.000115   1803.995   1804.000    34.9612    27.7989  317.01952  317.88366     3.5739    1495.62    1495.62      0.807     12.673         30 0.0000e+00
      50782 205.025624   2115.882   1826.753     3.7200     3.7211     0.0011   3.306539   3.306674       8.46          1   39.17286  -63.62698   0.000131   1804.997   1805.000    34.9611    27.7989  317.02493  317.88917     3.5731    1495.63    1495.64      0.976     12.678         25 0.0000e+00
      50806 205.025635   2116.865   1827.769     3.7201     3.7211     0.0010   3.306587   3.306720       0.56          1   39.17286  -63.62698   0.000129   1805.997   1806.000    34.9611    27.7990  317.02443  317.88866     3.5731    1495.65    1495.66      1.097     12.683         22 0.0000e+00
      50827 205.025645   2117.744   1828.785     3.7200     3.7209     0.0009   3.306613   3.306749       0.53          1   39.17286  -63.62698   0.000141   1806.997   1807.000    34.9611    27.7990  317.02559  317.88983     3.5729    1495.67    1495.67      1.206     12.688         20 0.0000e+00
      50846 205.025655   2118.555   1829.802     3.7182     3.7189     0.0007   3.306490   3.306613      63.76          1   39.17286  -63.62698   0.000132   1808.000   1808.000    34.9610    27.7991  317.03939  317.90390     3.5710    1495.68    1495.68      1.242     12.692         19 0.0000e+00
      50866 205.025664   2119.390   1830.818     3.7169     3.7177     0.0008   3.306419   3.306544      46.99          1   39.17286  -63.62700   0.000130   1809.005   1809.000    34.9610    27.7992  317.04910  317.91380     3.5697    1495.69    1495.69      1.105     12.697         22 0.0000e+00
      50894 205.025678   2120.540   1831.835     3.7158     3.7169     0.0010   3.306368   3.306501      14.66          1   39.17286  -63.62700   0.000134   1810.005   1810.000    34.9611    27.7994  317.05729  317.92214     3.5685    1495.70    1495.71      0.748     12.702         35 0.0000e+00
      50930 205.025695   2122.055   1832.851     3.7155     3.7166     0.0011   3.306379   3.306526      27.46          1   39.17286  -63.62700   0.000148   1810.994   1811.000    34.9611    27.7995  317.05999  317.92490     3.5681    1495.72    1495.72      0.771     12.706         32 0.0000e+00
      50957 205.025708   2123.160   1833.868     3.7145     3.7155     0.0010   3.306333   3.306467      -0.10          1   39.17286  -63.62702   0.000142   1811.994   1812.000    34.9611    27.7996  317.06773  317.93279     3.5669    1495.73    1495.73      1.053     12.711         23 0.0000e+00
      50978 205.025718   2124.037   1834.884     3.7128     3.7136     0.0008   3.306228   3.306360       1.49          1   39.17288  -63.62702   0.000143   1812.998   1813.000    34.9611    27.7997  317.08026  317.94556     3.5653    1495.74    1495.75      1.186     12.716         20 0.0000e+00
      50998 205.025728   2124.889   1835.900     3.7112     3.7121     0.0009   3.306113   3.306246      44.43          1   39.17288  -63.62702   0.000144   1814.005   1814.000    34.9610    27.7998  317.09303  317.95857     3.5636    1495.75    1495.76      1.105     12.721         22 0.0000e+00
      51023 205.025740   2125.929   1836.917     3.7099     3.7110     0.0011   3.306045   3.306180      36.02          1   39.17288  -63.62702   0.000134   1815.003   1815.000    34.9611    27.8000  317.10294  317.96867     3.5622    1495.76    1495.77      0.903     12.725         28 0.0000e+00
      51051 205.025753   2127.104   1837.933     3.7086     3.7099     0.0012   3.305966   3.306108      15.06          1   39.17288  -63.62704   0.000148   1815.997   1816.000    34.9610    27.8001  317.11288  317.97880     3.5608    1495.77    1495.78      0.906     12.730         27 0.0000e+00
      51077 205.025766   2128.180   1838.950     3.7076     3.7088     0.0012   3.305925   3.306059      69.73          1   39.17288  -63.62704   0.000135   1817.002   1817.000    34.9611    27.8003  317.12035  317.98641     3.5597    1495.79    1495.79      0.911     12.735         26 0.0000e+00
      51106 205.025780   2129.372   1839.966     3.7069     3.7078     0.0009   3.305890   3.306011      22.74          1   39.17288  -63.62704   0.000130   1817.998   1818.000    34.9609    27.8002  317.12629  317.99246     3.5589    1495.80    1495.80      0.852     12.739         30 0.0000e+00
      51133 205.025793   2130.496   1840.983     3.7051     3.7061     0.0011   3.305775   3.305900      22.28          1   39.17288  -63.62704   0.000127   1818.994   1819.000    34.9610    27.8005  317.14001  318.00644     3.5571    1495.81    1495.81      1.040     12.744         23 0.0000e+00
      51154 205.025803   2131.369   1841.999     3.7045     3.7053     0.0008   3.305757   3.305888       0.20          1   39.17288  -63.62706   0.000134   1819.996   1820.000    34.9609    27.8004  317.14463  318.01115     3.5564    1495.82    1495.83      1.241     12.749         20 0.0000e+00
      51172 205.025812   2132.143   1843.016     3.7038     3.7046     0.0008   3.305741   3.305874       0.62          1   39.17288  -63.62706   0.000134   1821.001   1821.000    34.9609    27.8006  317.14987  318.01649     3.5556    1495.84    1495.84      1.293     12.754         18 0.0000e+00
      51192 205.025821   2132.949   1844.032     3.7031     3.7040     0.0009   3.305711   3.305851      23.92          1   39.17288  -63.62706   0.000139   1822.007   1822.000    34.9609    27.8006  317.15580  318.02254     3.5548    1495.85    1495.86      1.133     12.758         21 0.0000e+00
      51219 205.025835   2134.102   1845.049     3.7019     3.7028     0.0009   3.305648   3.305782      35.23          1   39.17288  -63.62706   0.000142   1823.006   1823.000    34.9609    27.8007  317.16463  318.03153     3.5535    1495.86    1495.87      0.734     12.763         37 0.0000e+00
      51260 205.025854   2135.776   1846.065     3.7005     3.7012     0.0007   3.305572   3.305696      32.26          1   39.17288  -63.62708   0.000124   1823.995   1824.000    34.9609    27.8009  317.17504  318.04215     3.5521    1495.88    1495.88      0.663     12.768         37 0.0000e+00
      51290 205.025868   2137.030   1847.082     3.6999     3.7009     0.0011   3.305556   3.305695       8.07          1   39.17288  -63.62708   0.000140   1824.992   1825.000    34.9609    27.8010  317.18012  318.04732     3.5513    1495.89    1495.89      0.994     12.772         25 0.0000e+00
      51311 205.025879   2137.926   1848.098     3.6994     3.7002     0.0008   3.305558   3.305682      22.21          1   39.17288  -63.62709   0.000123   1825.995   1826.000    34.9610    27.8011  317.18347  318.05074     3.5508    1495.90    1495.91      1.253     12.777         19 0.0000e+00
      51329 205.025887   2138.674   1849.115     3.6986     3.6993     0.0007   3.305511   3.305644       0.38          1   39.17288  -63.62710   0.000139   1826.996   1827.000    34.9608    27.8010  317.19026  318.05765     3.5499    1495.92    1495.92      1.392     12.782         17 0.0000e+00
      51346 205.025896   2139.384   1850.131     3.6976     3.6982     0.0006   3.305465   3.305575      11.74          1   39.17288  -63.62710   0.000128   1828.003   1828.000    34.9608    27.8011  317.19774  318.06527     3.5488    1495.93    1495.94      1.365     12.787         18 0.0000e+00
      51365 205.025905   2140.176   1851.148     3.6949     3.6956     0.0007   3.305248   3.305372      19.25          1   39.17288  -63.62710   0.000134   1829.008   1829.000    34.9606    27.8013  317.21911  318.08704     3.5461    1495.94    1495.94      1.155     12.791         21 0.0000e+00
      51391 205.025917   2141.248   1852.164     3.6943     3.6951     0.0008   3.305244   3.305367      20.04          1   39.17288  -63.62710   0.000125   1830.005   1830.000    34.9607    27.8014  317.22375  318.09178     3.5453    1495.95    1495.96      0.819     12.796         31 0.0000e+00
      51427 205.025935   2142.756   1853.181     3.6932     3.6941     0.0009   3.305191   3.305322      16.19          1   39.17288  -63.62711   0.000132   1831.000   1831.000    34.9608    27.8016  317.23195  318.10014     3.5442    1495.96    1495.97      0.633     12.801         39 0.0000e+00
