ctd/proc/EN719_CTD06_avg.cnv
* Sea-Bird SBE 9 Data File:
* FileName = D:\ctd\raw\EN719_CTD06.hdr
* Software Version Seasave V 7.26.7.121
* Temperature SN = 4333
* Conductivity SN = 0864
* Number of Bytes Per Scan = 37
* Number of Voltage Words = 4
* Number of Scans Averaged by the Deck Unit = 1
* NMEA Latitude = 38 19.90 N
* NMEA Longitude = 062 43.32 W
* NMEA UTC (Time) = Jul 14 2024  12:38:36
* NMEA baud rate = 4800
** Ship: R/V Endeavor
** Cruise: EN719
** Principal Investigator: Chad Smith
** Chief Scientist: Chad Smith
** Project: NESMA24
** Cruise Start Date: 7 July 2024
** Ports: GSO, Narragansett RI to GSO, Narragansett RI
** Station:  CTD 06
** Bottom Depth: 4508
** Operator:  JMA
# nquan = 27
# nvalues = 1987                        
# units = specified
# name 0 = scan: Scan Count
# name 1 = timeJ: Julian Days
# name 2 = timeS: Time, Elapsed [seconds]
# name 3 = prDM: Pressure, Digiquartz [db]
# name 4 = t090C: Temperature [ITS-90, deg C]
# name 5 = t190C: Temperature, 2 [ITS-90, deg C]
# name 6 = T2-T190C: Temperature Difference, 2 - 1 [ITS-90, deg C]
# name 7 = c0S/m: Conductivity [S/m]
# name 8 = c1S/m: Conductivity, 2 [S/m]
# name 9 = altM: Altimeter [m]
# name 10 = pumps: Pump Status
# name 11 = latitude: Latitude [deg]
# name 12 = longitude: Longitude [deg]
# name 13 = C2-C1S/m: Conductivity Difference, 2 - 1 [S/m]
# name 14 = depSM: Depth [salt water, m]
# name 15 = depSM: Depth [salt water, m], lat = 38.3317
# name 16 = sal00: Salinity, Practical [PSU]
# name 17 = sigma-é00: Density [sigma-theta, kg/m^3]
# name 18 = oxsolMm/Kg: Oxygen Saturation, Garcia & Gordon [umol/kg]
# name 19 = oxsatMm/Kg: Oxygen Saturation, Weiss [umol/kg]
# name 20 = potemp090C: Potential Temperature [ITS-90, deg C]
# name 21 = svCM: Sound Velocity [Chen-Millero, m/s]
# name 22 = svCM1: Sound Velocity, 2 [Chen-Millero, m/s]
# name 23 = dz/dtM: Descent Rate [m/s], WS = 2
# name 24 = gpa: Geopotential Anomaly [J/kg]
# name 25 = nbin: number of scans per bin
# name 26 = flag: flag
# span 0 =        716,      55387       
# span 1 = 196.527174, 196.553539       
# span 2 =     29.810,   2307.763       
# span 3 =     12.091,   2022.857       
# span 4 =     3.6833,    27.8089       
# span 5 =     3.6837,    27.8089       
# span 6 =    -0.2186,     0.0525       
# span 7 =   3.310470,   5.775046       
# span 8 =   3.310562,   5.774953       
# span 9 =      -5.18,      90.92       
# span 10 =          1,          1      
# span 11 =   38.32538,   38.33167      
# span 12 =  -62.72205,  -62.71288      
# span 13 =  -0.022895,   0.006088      
# span 14 =     12.001,   1998.015      
# span 15 =     12.000,   1998.000      
# span 16 =    34.9551,    36.8537      
# span 17 =    23.2430,    27.8005      
# span 18 =  196.04820,  317.31883      
# span 19 =  195.54267,  318.18832      
# span 20 =     3.5183,    27.8045      
# span 21 =    1488.16,    1542.54      
# span 22 =    1488.14,    1542.52      
# span 23 =      0.056,      1.773      
# span 24 =      0.177,     20.222      
# span 25 =         13,        804      
# span 26 = 0.0000e+00, 0.0000e+00      
# interval = meters: 1                  
# start_time = Jul 14 2024 12:38:38 [System UTC, header]
# bad_flag = -9.990e-29
*END*
[from data line 323]
      14269 196.533709    594.483    337.812    18.2991    18.2931    -0.0060   4.815359   4.814837      26.30          1   38.33014  -62.72008  -0.000445    334.994    335.000    36.5365    26.3895  230.25632  229.90420    18.2396    1524.02    1524.00      1.041      8.213         23 0.0000e+00
      14290 196.533720    595.367    338.821    18.2910    18.2875    -0.0035   4.814496   4.814190      31.32          1   38.33014  -62.72008  -0.000233    336.004    336.000    36.5359    26.3912  230.29170  229.93990    18.2314    1524.01    1524.00      1.088      8.231         21 0.0000e+00
      14314 196.533731    596.373    339.830    18.2831    18.2780    -0.0051   4.813542   4.813116       0.73          1   38.33014  -62.72008  -0.000349    337.003    337.000    36.5344    26.3920  230.32755  229.97606    18.2233    1524.00    1523.99      0.928      8.249         27 0.0000e+00
      14342 196.533745    597.547    340.839    18.2726    18.2700    -0.0026   4.812351   4.812186      19.25          1   38.33013  -62.72006  -0.000128    337.999    338.000    36.5332    26.3938  230.37415  230.02308    18.2127    1523.99    1523.98      0.866      8.267         29 0.0000e+00
      14369 196.533758    598.654    341.848    18.2671    18.2591    -0.0079   4.811669   4.810779      30.09          1   38.33011  -62.72006  -0.000671    338.996    339.000    36.5319    26.3942  230.39972  230.04886    18.2070    1523.99    1523.96      1.005      8.284         24 0.0000e+00
      14391 196.533768    599.578    342.858    18.2492    18.2405    -0.0087   4.809205   4.808627      14.39          1   38.33010  -62.72006  -0.000514    339.997    340.000    36.5264    26.3945  230.48443  230.13426    18.1890    1523.95    1523.92      1.142      8.302         21 0.0000e+00
      14411 196.533778    600.436    343.867    18.2393    18.2368    -0.0025   4.808390   4.808226       0.99          1   38.33010  -62.72006  -0.000131    341.002    341.000    36.5279    26.3982  230.52457  230.17482    18.1789    1523.94    1523.93      1.113      8.320         21 0.0000e+00
      14436 196.533790    601.465    344.876    18.2341    18.2313    -0.0028   4.807833   4.807646       0.61          1   38.33008  -62.72004  -0.000160    342.009    342.000    36.5273    26.3991  230.54739  230.19784    18.1736    1523.94    1523.93      0.828      8.337         30 0.0000e+00
      14474 196.533808    603.034    345.885    18.2287    18.2280    -0.0006   4.807334   4.807346      44.47          1   38.33007  -62.72004   0.000019    342.997    343.000    36.5276    26.4007  230.57035  230.22102    18.1679    1523.94    1523.94      0.634      8.355         40 0.0000e+00
      14506 196.533824    604.363    346.895    18.2258    18.2231    -0.0028   4.807027   4.806782      10.75          1   38.33006  -62.72004  -0.000193    343.992    344.000    36.5270    26.4010  230.58313  230.23391    18.1650    1523.95    1523.94      0.989      8.373         24 0.0000e+00
      14527 196.533834    605.238    347.904    18.2201    18.2151    -0.0049   4.806245   4.805777       0.59          1   38.33006  -62.72004  -0.000351    344.995    345.000    36.5251    26.4011  230.61082  230.26183    18.1590    1523.95    1523.93      1.231      8.390         20 0.0000e+00
      14545 196.533843    606.009    348.913    18.2112    18.2072    -0.0040   4.805168   4.804854      33.11          1   38.33006  -62.72002  -0.000258    345.998    346.000    36.5235    26.4021  230.65141  230.30277    18.1499    1523.93    1523.92      1.322      8.408         18 0.0000e+00
      14563 196.533851    606.762    349.922    18.2056    18.2001    -0.0056   4.804536   4.803953       1.04          1   38.33006  -62.72002  -0.000456    347.005    347.000    36.5226    26.4028  230.67637  230.32795    18.1443    1523.93    1523.92      1.256      8.426         18 0.0000e+00
      14586 196.533862    607.701    350.932    18.1938    18.1861    -0.0077   4.802997   4.802251       1.76          1   38.33005  -62.72002  -0.000607    348.012    348.000    36.5197    26.4035  230.73171  230.38376    18.1322    1523.91    1523.89      0.862      8.443         30 0.0000e+00
      14631 196.533884    609.593    351.941    18.1703    18.1665    -0.0038   4.800172   4.799893      22.41          1   38.33005  -62.72002  -0.000246    348.993    349.000    36.5160    26.4067  230.83780  230.49078    18.1086    1523.86    1523.85      0.510      8.461         48 0.0000e+00
      14662 196.533899    610.880    352.950    18.1657    18.1623    -0.0035   4.799716   4.799385      40.65          1   38.33006  -62.72002  -0.000264    349.988    350.000    36.5158    26.4077  230.85758  230.51074    18.1039    1523.86    1523.85      1.186      8.478         20 0.0000e+00
      14679 196.533907    611.588    353.960    18.1605    18.1561    -0.0044   4.799037   4.798701       0.41          1   38.33006  -62.72002  -0.000218    350.996    351.000    36.5143    26.4079  230.88246  230.53583    18.0985    1523.86    1523.85      1.420      8.496         17 0.0000e+00
      14695 196.533915    612.270    354.969    18.1522    18.1340    -0.0183   4.797934   4.795883       0.74          1   38.33006  -62.72002  -0.001650    352.011    352.000    36.5118    26.4081  230.92159  230.57529    18.0901    1523.85    1523.80      1.328      8.514         17 0.0000e+00
      14718 196.533926    613.221    355.978    18.1213    18.1075    -0.0138   4.794016   4.792671      24.24          1   38.33005  -62.72002  -0.001139    353.011    353.000    36.5055    26.4110  231.06407  230.71900    18.0590    1523.77    1523.73      0.871      8.531         31 0.0000e+00
      14755 196.533944    614.770    356.988    18.0915    18.0797    -0.0118   4.790329   4.789210      -0.92          1   38.33006  -62.72000  -0.000951    353.994    354.000    36.5001    26.4143  231.20023  230.85635    18.0292    1523.69    1523.66      0.686      8.549         36 0.0000e+00
      14784 196.533958    615.951    357.997    18.0719    18.0632    -0.0087   4.787956   4.787160      27.77          1   38.33007  -62.72000  -0.000678    354.996    355.000    36.4968    26.4167  231.28949  230.94640    18.0094    1523.65    1523.63      0.986      8.567         24 0.0000e+00
      14807 196.533969    616.907    359.006    18.0597    18.0521    -0.0076   4.786488   4.785776      18.72          1   38.33007  -62.72000  -0.000597    356.001    356.000    36.4947    26.4182  231.34507  231.00247    17.9971    1523.63    1523.61      1.056      8.584         23 0.0000e+00
      14830 196.533980    617.865    360.015    18.0450    18.0345    -0.0105   4.784541   4.783579      26.46          1   38.33006  -62.72000  -0.000802    356.999    357.000    36.4908    26.4189  231.41454  231.07253    17.9822    1523.60    1523.57      1.066      8.602         23 0.0000e+00
      14852 196.533991    618.795    361.025    18.0294    18.0236    -0.0058   4.782727   4.782246      18.79          1   38.33006  -62.72000  -0.000399    358.000    358.000    36.4887    26.4212  231.48473  231.14336    17.9665    1523.57    1523.55      1.097      8.619         21 0.0000e+00
      14874 196.534001    619.720    362.034    18.0197    18.0112    -0.0086   4.781510   4.780689      59.63          1   38.33005  -62.72000  -0.000651    359.003    359.000    36.4865    26.4220  231.52969  231.18871    17.9567    1523.55    1523.53      1.033      8.637         24 0.0000e+00
      14900 196.534014    620.777    363.044    18.0013    17.9916    -0.0096   4.779159   4.778351      19.67          1   38.33004  -62.71999  -0.000669    360.002    360.000    36.4824    26.4234  231.61552  231.27528    17.9381    1523.51    1523.49      0.903      8.654         27 0.0000e+00
      14928 196.534028    621.975    364.053    17.9835    17.9765    -0.0070   4.777147   4.776537      19.47          1   38.33004  -62.71998  -0.000504    361.002    361.000    36.4806    26.4265  231.69493  231.35542    17.9202    1523.48    1523.46      0.790      8.672         31 0.0000e+00
      14960 196.534043    623.304    365.062    17.9669    17.9575    -0.0094   4.775042   4.774178       1.81          1   38.33004  -62.71998  -0.000723    361.995    362.000    36.4770    26.4279  231.77216  231.43332    17.9035    1523.44    1523.41      0.840      8.689         30 0.0000e+00
      14985 196.534055    624.346    366.072    17.9518    17.9429    -0.0089   4.773172   4.772336       0.71          1   38.33004  -62.71998  -0.000695    362.994    363.000    36.4741    26.4294  231.84210  231.50388    17.8881    1523.41    1523.38      1.113      8.706         21 0.0000e+00
      15005 196.534065    625.176    367.081    17.9371    17.9253    -0.0118   4.771310   4.770165       0.66          1   38.33002  -62.71998  -0.000946    364.003    364.000    36.4707    26.4305  231.91035  231.57272    17.8734    1523.38    1523.35      1.177      8.724         20 0.0000e+00
      15027 196.534075    626.082    368.090    17.9157    17.8965    -0.0192   4.768400   4.766553      26.96          1   38.33002  -62.71998  -0.001531    365.006    365.000    36.4645    26.4311  232.01282  231.67606    17.8518    1523.33    1523.27      1.007      8.741         24 0.0000e+00
      15055 196.534089    627.251    369.100    17.8832    17.8731    -0.0101   4.764598   4.763745      27.83          1   38.33004  -62.71998  -0.000703    366.001    366.000    36.4604    26.4360  232.15961  231.82419    17.8192    1523.24    1523.22      0.806      8.759         31 0.0000e+00
      15085 196.534103    628.504    370.109    17.8646    17.8577    -0.0069   4.762481   4.761866      10.39          1   38.33004  -62.71998  -0.000490    366.995    367.000    36.4584    26.4391  232.24308  231.90844    17.8005    1523.20    1523.18      0.905      8.776         27 0.0000e+00
      15109 196.534114    629.490    371.118    17.8500    17.8307    -0.0193   4.760293   4.758367      28.15          1   38.33002  -62.71996  -0.001590    367.996    368.000    36.4523    26.4380  232.31612  231.98206    17.7858    1523.17    1523.12      1.120      8.794         22 0.0000e+00
      15129 196.534124    630.334    372.128    17.8206    17.8064    -0.0142   4.756710   4.755468      18.36          1   38.33002  -62.71996  -0.001036    369.002    369.000    36.4473    26.4415  232.45129  232.11845    17.7563    1523.10    1523.06      1.171      8.811         20 0.0000e+00
      15151 196.534135    631.236    373.137    17.8007    17.7942    -0.0065   4.754604   4.754130      21.53          1   38.33002  -62.71996  -0.000423    370.007    370.000    36.4466    26.4459  232.53881  232.20682    17.7362    1523.06    1523.04      0.999      8.828         24 0.0000e+00
      15180 196.534149    632.452    374.147    17.7870    17.7775    -0.0094   4.752954   4.752010      20.39          1   38.33003  -62.71996  -0.000752    371.001    371.000    36.4442    26.4475  232.60194  232.27052    17.7224    1523.03    1523.00      0.771      8.846         33 0.0000e+00
      15210 196.534163    633.725    375.156    17.7627    17.7461    -0.0166   4.749605   4.748115      22.92          1   38.33004  -62.71996  -0.001292    371.996    372.000    36.4367    26.4477  232.71922  232.38880    17.6980    1522.96    1522.92      0.903      8.863         27 0.0000e+00
      15235 196.534175    634.744    376.165    17.7396    17.7302    -0.0094   4.746999   4.746166       0.62          1   38.33004  -62.71995  -0.000680    373.001    373.000    36.4345    26.4518  232.82326  232.49382    17.6747    1522.91    1522.88      0.996      8.880         23 0.0000e+00
      15260 196.534187    635.775    377.175    17.7219    17.7149    -0.0069   4.744867   4.744314      10.86          1   38.33003  -62.71994  -0.000432    373.999    374.000    36.4316    26.4539  232.90490  232.57620    17.6569    1522.87    1522.86      0.978      8.897         26 0.0000e+00
      15284 196.534199    636.785    378.184    17.7061    17.6797    -0.0264   4.742565   4.739679      44.43          1   38.33002  -62.71994  -0.002294    374.995    375.000    36.4255    26.4532  232.98332  232.65527    17.6410    1522.84    1522.76      1.084      8.915         22 0.0000e+00
      15305 196.534209    637.647    379.194    17.6614    17.6389    -0.0225   4.736735   4.735022      44.84          1   38.33003  -62.71994  -0.001527    375.998    376.000    36.4147    26.4559  233.19492  232.86873    17.5963    1522.71    1522.65      1.217      8.932         20 0.0000e+00
      15324 196.534218    638.449    380.203    17.6371    17.6230    -0.0142   4.734431   4.732923      11.71          1   38.33004  -62.71994  -0.001171    377.004    377.000    36.4161    26.4629  233.29852  232.97339    17.5719    1522.66    1522.61      1.190      8.949         19 0.0000e+00
      15347 196.534229    639.423    381.212    17.6001    17.5745    -0.0256   4.729358   4.726991      43.62          1   38.33002  -62.71993  -0.002002    378.010    378.000    36.4049    26.4635  233.47779  233.15421    17.5348    1522.55    1522.48      0.843      8.966         30 0.0000e+00
      15390 196.534250    641.229    382.222    17.5503    17.5427    -0.0076   4.723854   4.723197       6.87          1   38.33001  -62.71992  -0.000546    378.995    379.000    36.4015    26.4730  233.70099  233.37958    17.4849    1522.42    1522.40      0.536      8.983         47 0.0000e+00
      15422 196.534266    642.562    383.231    17.5299    17.5139    -0.0160   4.721005   4.719709       0.35          1   38.33000  -62.71992  -0.001140    379.987    380.000    36.3947    26.4728  233.80117  233.48060    17.4644    1522.37    1522.32      1.126      9.000         22 0.0000e+00
      15440 196.534274    643.308    384.241    17.5116    17.4996    -0.0120   4.719035   4.717870       0.54          1   38.33000  -62.71992  -0.000883    380.995    381.000    36.3937    26.4766  233.88320  233.56345    17.4459    1522.33    1522.29      1.410      9.017         16 0.0000e+00
      15457 196.534282    643.982    385.250    17.4930    17.4672    -0.0257   4.716536   4.713815       0.57          1   38.32998  -62.71992  -0.002220    382.007    382.000    36.3884    26.4770  233.97334  233.65437    17.4272    1522.28    1522.21      1.397      9.035         17 0.0000e+00
      15476 196.534291    644.779    386.260    17.4563    17.4364    -0.0199   4.712019   4.710310      22.66          1   38.32999  -62.71991  -0.001477    383.012    383.000    36.3817    26.4809  234.14514  233.82775    17.3904    1522.18    1522.13      1.079      9.052         23 0.0000e+00
      15507 196.534307    646.083    387.269    17.4266    17.4208    -0.0058   4.708979   4.708581      14.87          1   38.33001  -62.71990  -0.000351    384.001    384.000    36.3815    26.4880  234.27566  233.95960    17.3607    1522.11    1522.10      0.682      9.068         38 0.0000e+00
      15541 196.534323    647.506    388.278    17.4116    17.4082    -0.0034   4.707211   4.707093      29.74          1   38.33000  -62.71990  -0.000096    384.993    385.000    36.3792    26.4899  234.34529  234.02988    17.3456    1522.08    1522.08      0.899      9.085         27 0.0000e+00
      15564 196.534334    648.459    389.288    17.4071    17.4018    -0.0053   4.706839   4.706213      19.53          1   38.33000  -62.71990  -0.000408    385.998    386.000    36.3797    26.4914  234.36458  234.04938    17.3409    1522.09    1522.07      1.102      9.102         21 0.0000e+00
