ctd/proc/EN719_CTD07_avg.cnv
* Sea-Bird SBE 9 Data File:
* FileName = D:\ctd\raw\EN719_CTD07.hdr
* Software Version Seasave V 7.26.7.121
* Temperature SN = 4333
* Conductivity SN = 0864
* Number of Bytes Per Scan = 37
* Number of Voltage Words = 4
* Number of Scans Averaged by the Deck Unit = 1
* NMEA Latitude = 39 16.82 N
* NMEA Longitude = 063 50.90 W
* NMEA UTC (Time) = Jul 21 2024  22:38:16
* NMEA baud rate = 4800
** Ship: R/V Endeavor
** Cruise: EN719
** Principal Investigator: Chad Smith
** Chief Scientist: Chad Smith
** Project: NESMA24
** Cruise Start Date: 7 July 2024
** Ports: GSO, Narragansett RI to GSO, Narragansett RI
** Station:  CTD07
** Bottom Depth: 4932
** Operator:  JMA
# nquan = 27
# nvalues = 1994                        
# units = specified
# name 0 = scan: Scan Count
# name 1 = timeJ: Julian Days
# name 2 = timeS: Time, Elapsed [seconds]
# name 3 = prDM: Pressure, Digiquartz [db]
# name 4 = t090C: Temperature [ITS-90, deg C]
# name 5 = t190C: Temperature, 2 [ITS-90, deg C]
# name 6 = T2-T190C: Temperature Difference, 2 - 1 [ITS-90, deg C]
# name 7 = c0S/m: Conductivity [S/m]
# name 8 = c1S/m: Conductivity, 2 [S/m]
# name 9 = altM: Altimeter [m]
# name 10 = pumps: Pump Status
# name 11 = latitude: Latitude [deg]
# name 12 = longitude: Longitude [deg]
# name 13 = C2-C1S/m: Conductivity Difference, 2 - 1 [S/m]
# name 14 = depSM: Depth [salt water, m]
# name 15 = depSM: Depth [salt water, m], lat = 39.2803
# name 16 = sal00: Salinity, Practical [PSU]
# name 17 = sigma-é00: Density [sigma-theta, kg/m^3]
# name 18 = oxsolMm/Kg: Oxygen Saturation, Garcia & Gordon [umol/kg]
# name 19 = oxsatMm/Kg: Oxygen Saturation, Weiss [umol/kg]
# name 20 = potemp090C: Potential Temperature [ITS-90, deg C]
# name 21 = svCM: Sound Velocity [Chen-Millero, m/s]
# name 22 = svCM1: Sound Velocity, 2 [Chen-Millero, m/s]
# name 23 = dz/dtM: Descent Rate [m/s], WS = 2
# name 24 = gpa: Geopotential Anomaly [J/kg]
# name 25 = nbin: number of scans per bin
# name 26 = flag: flag
# span 0 =       1841,      55182       
# span 1 = 203.944163, 203.969887       
# span 2 =     76.647,   2299.205       
# span 3 =      8.061,   2026.082       
# span 4 =     3.5593,    25.2845       
# span 5 =     3.5609,    25.2838       
# span 6 =    -0.0874,     0.0370       
# span 7 =   3.299925,   5.312954       
# span 8 =   3.300082,   5.313058       
# span 9 =     -21.05,     100.57       
# span 10 =          1,          1      
# span 11 =   39.27992,   39.28040      
# span 12 =  -63.84823,  -63.84346      
# span 13 =  -0.004933,   0.007650      
# span 14 =      8.004,   2001.045      
# span 15 =      8.000,   2001.000      
# span 16 =    33.9588,    35.5454      
# span 17 =    22.8443,    27.8130      
# span 18 =  206.08661,  318.27271      
# span 19 =  205.56472,  319.16067      
# span 20 =     3.3959,    25.2819      
# span 21 =    1482.03,    1535.06      
# span 22 =    1482.04,    1535.06      
# span 23 =     -0.338,      2.151      
# span 24 =      0.393,     13.602      
# span 25 =          5,        650      
# span 26 = 0.0000e+00, 0.0000e+00      
# interval = meters: 1                  
# start_time = Jul 21 2024 22:38:19 [System UTC, header]
# bad_flag = -9.990e-29
*END*
[from data line 967]
      29630 203.957564   1234.560    984.794     4.3993     4.4002     0.0009   3.334154   3.334171      26.25          1   39.28020  -63.84594   0.000026    974.993    975.000    34.9861    27.7409  311.83009  312.59783     4.3211    1484.47    1484.47      1.052      8.823         23 0.0000e+00
      29651 203.957574   1235.407    985.806     4.3982     4.3995     0.0013   3.334109   3.334159       0.34          1   39.28020  -63.84594   0.000045    975.995    976.000    34.9863    27.7411  311.83821  312.60611     4.3199    1484.48    1484.48      1.271      8.827         18 0.0000e+00
      29669 203.957583   1236.166    986.819     4.3984     4.3997     0.0013   3.334173   3.334222      32.08          1   39.28020  -63.84592   0.000048    977.004    977.000    34.9863    27.7412  311.83679  312.60468     4.3200    1484.50    1484.50      1.262      8.832         19 0.0000e+00
      29690 203.957593   1237.048    987.831     4.3947     4.3955     0.0008   3.333806   3.333824      18.09          1   39.28020  -63.84592   0.000051    978.009    978.000    34.9854    27.7409  311.86658  312.63495     4.3162    1484.50    1484.50      1.001      8.836         25 0.0000e+00
      29721 203.957608   1238.329    988.844     4.3923     4.3937     0.0014   3.333647   3.333717       5.49          1   39.28020  -63.84592   0.000068    979.000    979.000    34.9855    27.7412  311.88382  312.65253     4.3138    1484.51    1484.51      0.713      8.841         35 0.0000e+00
      29755 203.957624   1239.747    989.856     4.3914     4.3923     0.0009   3.333588   3.333603      14.54          1   39.28018  -63.84592   0.000032    979.997    980.000    34.9853    27.7411  311.89127  312.66009     4.3128    1484.52    1484.52      0.784      8.846         31 0.0000e+00
      29783 203.957638   1240.917    990.869     4.3882     4.3893     0.0011   3.333312   3.333345       7.45          1   39.28018  -63.84592   0.000051    980.997    981.000    34.9849    27.7412  311.91595  312.68521     4.3096    1484.52    1484.52      0.957      8.850         26 0.0000e+00
      29806 203.957649   1241.888    991.881     4.3848     4.3863     0.0015   3.333009   3.333093      30.07          1   39.28018  -63.84591   0.000103    981.995    982.000    34.9845    27.7412  311.94262  312.71234     4.3061    1484.52    1484.53      1.149      8.855         21 0.0000e+00
      29826 203.957659   1242.701    992.894     4.3808     4.3821     0.0014   3.332637   3.332711      33.82          1   39.28018  -63.84590   0.000088    982.994    983.000    34.9838    27.7411  311.97399  312.74425     4.3020    1484.52    1484.53      1.329      8.860         18 0.0000e+00
      29843 203.957667   1243.419    993.906     4.3774     4.3787     0.0014   3.332337   3.332416      35.84          1   39.28018  -63.84590   0.000124    983.999    984.000    34.9833    27.7411  312.00016  312.77087     4.2986    1484.52    1484.53      1.411      8.864         17 0.0000e+00
      29860 203.957675   1244.131    994.919     4.3757     4.3768     0.0012   3.332225   3.332261      33.79          1   39.28018  -63.84590   0.000042    985.007    985.000    34.9833    27.7413  312.01315  312.78410     4.2968    1484.53    1484.54      1.327      8.869         18 0.0000e+00
      29881 203.957685   1244.982    995.931     4.3745     4.3757     0.0012   3.332161   3.332213      50.02          1   39.28018  -63.84590   0.000056    986.010    986.000    34.9833    27.7414  312.02176  312.79287     4.2955    1484.54    1484.55      1.031      8.873         24 0.0000e+00
      29911 203.957699   1246.231    996.944     4.3736     4.3749     0.0012   3.332123   3.332163      19.09          1   39.28018  -63.84590   0.000044    987.000    987.000    34.9832    27.7415  312.02843  312.79966     4.2946    1484.56    1484.56      0.753      8.878         34 0.0000e+00
      29942 203.957715   1247.549    997.956     4.3722     4.3735     0.0013   3.332011   3.332075      40.08          1   39.28018  -63.84590   0.000073    987.999    988.000    34.9830    27.7414  312.03992  312.81134     4.2931    1484.57    1484.57      0.809      8.883         30 0.0000e+00
      29971 203.957729   1248.762    998.969     4.3711     4.3724     0.0013   3.331950   3.332000      13.72          1   39.28018  -63.84590   0.000046    988.998    989.000    34.9829    27.7415  312.04831  312.81989     4.2919    1484.58    1484.59      0.868      8.887         28 0.0000e+00
      29998 203.957742   1249.871    999.981     4.3705     4.3719     0.0014   3.331935   3.331992      25.65          1   39.28018  -63.84590   0.000063    989.995    990.000    34.9828    27.7415  312.05283  312.82448     4.2912    1484.60    1484.60      1.005      8.892         24 0.0000e+00
      30020 203.957752   1250.791   1000.994     4.3699     4.3711     0.0013   3.331929   3.331972      30.54          1   39.28018  -63.84589   0.000042    990.997    991.000    34.9829    27.7416  312.05737  312.82912     4.2905    1484.61    1484.61      1.193      8.897         20 0.0000e+00
      30039 203.957761   1251.586   1002.006     4.3680     4.3690     0.0011   3.331753   3.331794      32.94          1   39.28018  -63.84588   0.000073    992.000    992.000    34.9823    27.7414  312.07274  312.84473     4.2885    1484.62    1484.62      1.268      8.901         19 0.0000e+00
      30058 203.957771   1252.392   1003.019     4.3627     4.3637     0.0010   3.331278   3.331321      46.27          1   39.28018  -63.84588   0.000075    993.005    993.000    34.9817    27.7415  312.11319  312.88590     4.2832    1484.61    1484.62      1.183      8.906         20 0.0000e+00
      30081 203.957782   1253.328   1004.031     4.3598     4.3611     0.0014   3.331046   3.331121      22.72          1   39.28018  -63.84590   0.000093    994.005    994.000    34.9817    27.7418  312.13562  312.90874     4.2802    1484.62    1484.62      0.989      8.910         25 0.0000e+00
      30109 203.957795   1254.485   1005.044     4.3567     4.3581     0.0014   3.330807   3.330865       4.23          1   39.28018  -63.84590   0.000067    995.002    995.000    34.9816    27.7421  312.15883  312.93238     4.2771    1484.62    1484.63      0.829      8.915         30 0.0000e+00
      30138 203.957809   1255.722   1006.056     4.3548     4.3562     0.0014   3.330664   3.330723      22.15          1   39.28018  -63.84589   0.000076    995.997    996.000    34.9814    27.7421  312.17337  312.94717     4.2751    1484.63    1484.63      0.870      8.920         28 0.0000e+00
      30164 203.957822   1256.799   1007.068     4.3525     4.3538     0.0013   3.330493   3.330533      -0.06          1   39.28018  -63.84588   0.000043    996.996    997.000    34.9813    27.7423  312.19081  312.96494     4.2727    1484.64    1484.64      1.016      8.924         24 0.0000e+00
      30187 203.957833   1257.734   1008.081     4.3521     4.3534     0.0013   3.330505   3.330548       0.50          1   39.28018  -63.84588   0.000042    998.000    998.000    34.9814    27.7424  312.19365  312.96782     4.2722    1484.65    1484.66      1.109      8.929         22 0.0000e+00
      30208 203.957843   1258.633   1009.094     4.3514     4.3526     0.0012   3.330484   3.330514      27.07          1   39.28018  -63.84588   0.000033    999.001    999.000    34.9813    27.7424  312.19877  312.97304     4.2715    1484.67    1484.67      1.115      8.934         22 0.0000e+00
      30230 203.957854   1259.557   1010.106     4.3483     4.3497     0.0014   3.330187   3.330268      22.87          1   39.28018  -63.84588   0.000110   1000.003   1000.000    34.9806    27.7423  312.22391  312.99860     4.2683    1484.67    1484.67      1.053      8.938         23 0.0000e+00
      30255 203.957865   1260.572   1011.119     4.3453     4.3464     0.0011   3.329962   3.329995      17.43          1   39.28018  -63.84588   0.000044   1001.000   1001.000    34.9806    27.7426  312.24608  313.02118     4.2652    1484.67    1484.68      0.961      8.943         25 0.0000e+00
      30281 203.957878   1261.654   1012.131     4.3439     4.3450     0.0011   3.329880   3.329923      30.34          1   39.28018  -63.84588   0.000051   1002.000   1002.000    34.9806    27.7428  312.25671  313.03202     4.2637    1484.68    1484.69      0.935      8.947         26 0.0000e+00
      30307 203.957890   1262.731   1013.144     4.3421     4.3434     0.0012   3.329785   3.329825      24.57          1   39.28018  -63.84588   0.000039   1002.999   1003.000    34.9809    27.7431  312.26931  313.04487     4.2619    1484.69    1484.70      0.977      8.952         25 0.0000e+00
      30330 203.957902   1263.711   1014.156     4.3422     4.3434     0.0013   3.329832   3.329884      28.59          1   39.28018  -63.84587   0.000050   1003.995   1004.000    34.9808    27.7431  312.26892  313.04447     4.2619    1484.71    1484.72      1.134      8.957         22 0.0000e+00
      30350 203.957911   1264.533   1015.169     4.3418     4.3433     0.0015   3.329842   3.329906       0.10          1   39.28018  -63.84586   0.000064   1004.997   1005.000    34.9808    27.7431  312.27159  313.04719     4.2614    1484.73    1484.73      1.273      8.961         18 0.0000e+00
      30368 203.957920   1265.309   1016.181     4.3406     4.3420     0.0014   3.329755   3.329828      36.61          1   39.28018  -63.84586   0.000085   1006.008   1006.000    34.9806    27.7431  312.28129  313.05705     4.2601    1484.74    1484.74      1.175      8.966         20 0.0000e+00
      30398 203.957934   1266.529   1017.194     4.3390     4.3400     0.0010   3.329657   3.329683      26.35          1   39.28016  -63.84586   0.000033   1007.006   1007.000    34.9806    27.7433  312.29341  313.06940     4.2584    1484.75    1484.75      0.669      8.971         43 0.0000e+00
      30439 203.957954   1268.247   1018.207     4.3360     4.3367     0.0007   3.329408   3.329402      -1.11          1   39.28016  -63.84586   0.000020   1007.990   1008.000    34.9803    27.7434  312.31623  313.09263     4.2554    1484.75    1484.75      0.817      8.975         30 0.0000e+00
      30462 203.957965   1269.206   1019.219     4.3316     4.3325     0.0009   3.329016   3.329044       0.75          1   39.28016  -63.84586   0.000045   1008.994   1009.000    34.9798    27.7435  312.35001  313.12700     4.2510    1484.75    1484.75      1.169      8.980         20 0.0000e+00
      30481 203.957975   1270.007   1020.232     4.3301     4.3312     0.0011   3.328918   3.328957      55.47          1   39.28016  -63.84584   0.000046   1010.002   1010.000    34.9798    27.7436  312.36180  313.13901     4.2493    1484.76    1484.76      1.237      8.984         19 0.0000e+00
      30501 203.957984   1270.851   1021.244     4.3289     4.3299     0.0010   3.328861   3.328883       0.76          1   39.28016  -63.84584   0.000031   1011.003   1011.000    34.9798    27.7438  312.37027  313.14764     4.2481    1484.77    1484.78      1.163      8.989         22 0.0000e+00
      30523 203.957995   1271.745   1022.257     4.3280     4.3292     0.0012   3.328823   3.328854      28.74          1   39.28016  -63.84584   0.000027   1011.996   1012.000    34.9798    27.7439  312.37703  313.15453     4.2471    1484.78    1484.79      1.170      8.994         21 0.0000e+00
      30543 203.958004   1272.581   1023.270     4.3282     4.3295     0.0012   3.328883   3.328931       1.09          1   39.28016  -63.84584   0.000039   1013.000   1013.000    34.9798    27.7439  312.37560  313.15307     4.2472    1484.80    1484.81      1.219      8.998         19 0.0000e+00
      30563 203.958014   1273.411   1024.282     4.3286     4.3298     0.0012   3.328964   3.329003      56.69          1   39.28016  -63.84584   0.000037   1014.004   1014.000    34.9799    27.7439  312.37289  313.15032     4.2475    1484.82    1484.83      1.145      9.003         21 0.0000e+00
      30587 203.958026   1274.427   1025.295     4.3288     4.3301     0.0013   3.329034   3.329076      22.02          1   39.28016  -63.84584   0.000037   1015.007   1015.000    34.9799    27.7439  312.37084  313.14823     4.2476    1484.84    1484.84      0.856      9.007         30 0.0000e+00
      30622 203.958042   1275.869   1026.307     4.3282     4.3294     0.0012   3.329017   3.329046      33.73          1   39.28016  -63.84584   0.000032   1015.997   1016.000    34.9799    27.7439  312.37553  313.15300     4.2470    1484.85    1484.86      0.698      9.012         36 0.0000e+00
      30653 203.958058   1277.172   1027.320     4.3270     4.3282     0.0012   3.328945   3.328976       0.05          1   39.28016  -63.84582   0.000033   1016.996   1017.000    34.9797    27.7440  312.38456  313.16219     4.2457    1484.86    1484.87      0.903      9.017         26 0.0000e+00
      30677 203.958069   1278.178   1028.333     4.3264     4.3277     0.0013   3.328939   3.328989      28.75          1   39.28016  -63.84584   0.000050   1017.997   1018.000    34.9798    27.7441  312.38921  313.16694     4.2450    1484.88    1484.88      1.090      9.021         22 0.0000e+00
      30698 203.958079   1279.052   1029.345     4.3263     4.3274     0.0012   3.328966   3.329010      29.04          1   39.28016  -63.84584   0.000042   1018.996   1019.000    34.9798    27.7441  312.39022  313.16796     4.2448    1484.90    1484.90      1.215      9.026         21 0.0000e+00
      30717 203.958088   1279.846   1030.358     4.3253     4.3263     0.0010   3.328914   3.328951       1.02          1   39.28016  -63.84583   0.000060   1019.999   1020.000    34.9797    27.7441  312.39778  313.17566     4.2437    1484.91    1484.91      1.279      9.031         18 0.0000e+00
      30736 203.958098   1280.642   1031.371     4.3211     4.3219     0.0009   3.328534   3.328569      28.29          1   39.28016  -63.84582   0.000061   1021.007   1021.000    34.9791    27.7442  312.43043  313.20887     4.2395    1484.91    1484.91      1.164      9.035         21 0.0000e+00
      30761 203.958109   1281.647   1032.383     4.3182     4.3193     0.0011   3.328316   3.328353       1.23          1   39.28016  -63.84582   0.000045   1022.004   1022.000    34.9791    27.7445  312.45215  313.23101     4.2365    1484.91    1484.91      0.918      9.040         27 0.0000e+00
      30789 203.958123   1282.815   1033.396     4.3167     4.3179     0.0012   3.328219   3.328269      45.60          1   39.28016  -63.84582   0.000055   1022.997   1023.000    34.9791    27.7446  312.46348  313.24254     4.2349    1484.92    1484.92      0.913      9.044         27 0.0000e+00
      30814 203.958135   1283.870   1034.409     4.3158     4.3170     0.0012   3.328182   3.328216       0.90          1   39.28016  -63.84582   0.000037   1024.002   1024.000    34.9790    27.7447  312.47012  313.24930     4.2340    1484.93    1484.94      0.940      9.049         25 0.0000e+00
      30841 203.958148   1285.007   1035.421     4.3158     4.3169     0.0012   3.328214   3.328251      15.39          1   39.28016  -63.84582   0.000037   1025.002   1025.000    34.9790    27.7446  312.47079  313.24998     4.2338    1484.95    1484.96      0.860      9.054         29 0.0000e+00
      30869 203.958162   1286.171   1036.434     4.3139     4.3155     0.0016   3.328068   3.328159      28.98          1   39.28016  -63.84582   0.000100   1025.993   1026.000    34.9787    27.7447  312.48541  313.26485     4.2319    1484.96    1484.97      0.983      9.058         25 0.0000e+00
      30891 203.958172   1287.084   1037.447     4.3134     4.3145     0.0012   3.328072   3.328128       3.78          1   39.28016  -63.84582   0.000050   1026.996   1027.000    34.9788    27.7448  312.48908  313.26860     4.2313    1484.97    1484.98      1.196      9.063         20 0.0000e+00
