ctd/proc/en719_ctd01_avg.cnv
* Sea-Bird SBE 9 Data File:
* FileName = D:\ctd\raw\EN719_CTD01.hdr
* Software Version Seasave V 7.26.7.121
* Temperature SN = 4333
* Conductivity SN = 2459
* Number of Bytes Per Scan = 37
* Number of Voltage Words = 4
* Number of Scans Averaged by the Deck Unit = 1
* NMEA Latitude = 39 13.22 N
* NMEA Longitude = 063 42.23 W
* NMEA UTC (Time) = Jul 10 2024  14:35:46
* NMEA baud rate = 4800
** Ship: R/V Endeavor
** Cruise: EN719
** Principal Investigator: Chad Smith
** Chief Scientist: Chad Smith
** Project: NESMA24
** Cruise Start Date: 7 July 2024
** Ports: GSO, Narragansett RI to GSO, Narragansett RI
** Station:  CTD-01
** Bottom Depth: 4939
** Operator:  Gavin Dies
# nquan = 27
# nvalues = 1992                        
# units = specified
# name 0 = scan: Scan Count
# name 1 = timeJ: Julian Days
# name 2 = timeS: Time, Elapsed [seconds]
# name 3 = prDM: Pressure, Digiquartz [db]
# name 4 = t090C: Temperature [ITS-90, deg C]
# name 5 = t190C: Temperature, 2 [ITS-90, deg C]
# name 6 = T2-T190C: Temperature Difference, 2 - 1 [ITS-90, deg C]
# name 7 = c0S/m: Conductivity [S/m]
# name 8 = c1S/m: Conductivity, 2 [S/m]
# name 9 = altM: Altimeter [m]
# name 10 = pumps: Pump Status
# name 11 = latitude: Latitude [deg]
# name 12 = longitude: Longitude [deg]
# name 13 = C2-C1S/m: Conductivity Difference, 2 - 1 [S/m]
# name 14 = depSM: Depth [salt water, m]
# name 15 = depSM: Depth [salt water, m], lat = 39.2203
# name 16 = sal00: Salinity, Practical [PSU]
# name 17 = sigma-é00: Density [sigma-theta, kg/m^3]
# name 18 = oxsolMm/Kg: Oxygen Saturation, Garcia & Gordon [umol/kg]
# name 19 = oxsatMm/Kg: Oxygen Saturation, Weiss [umol/kg]
# name 20 = potemp090C: Potential Temperature [ITS-90, deg C]
# name 21 = svCM: Sound Velocity [Chen-Millero, m/s]
# name 22 = svCM1: Sound Velocity, 2 [Chen-Millero, m/s]
# name 23 = dz/dtM: Descent Rate [m/s], WS = 2
# name 24 = gpa: Geopotential Anomaly [J/kg]
# name 25 = nbin: number of scans per bin
# name 26 = flag: flag
# span 0 =      -1640,      84525       
# span 1 = 192.607415, 192.712856       
# span 2 =    -68.356,   3521.837       
# span 3 =      7.054,   2025.054       
# span 4 =     3.6732,    25.7142       
# span 5 =     2.8884,    25.7122       
# span 6 =    -2.6564,     4.5110       
# span 7 =   3.319492,   5.343828       
# span 8 =   3.310537,   5.332487       
# span 9 =     -12.17,     113.32       
# span 10 =          1,          1      
# span 11 =   39.17491,   39.22183      
# span 12 =  -63.72143,  -63.67740      
# span 13 =  -0.531860,   0.010557      
# span 14 =      6.987,   2000.020      
# span 15 =      7.000,   2000.000      
# span 16 =    33.7386,    54.2256      
# span 17 =    22.9011,    58.5599      
# span 18 =  173.47069,  326.11587      
# span 19 =  204.19255,  318.00202      
# span 20 =     3.5077,    25.7127      
# span 21 =    1484.39,    1535.95      
# span 22 =    1484.39,    1535.85      
# span 23 =     -0.753,    133.676      
# span 24 =     -1.154,     10.939      
# span 25 =          1,        816      
# span 26 = 0.0000e+00, 0.0000e+00      
# interval = meters: 1                  
# start_time = Jul 10 2024 14:35:49 [System UTC, header]
# bad_flag = -9.990e-29
*END*
[from data line 591]
      21092 192.618377    878.776    603.453     6.8133     6.8148     0.0015   3.544038   3.545306      42.08          1   39.20868  -63.69544   0.001297    598.001    598.000    35.0620    27.5015  294.57076  295.03711     6.7559    1487.94    1487.96      0.793      9.779         31 0.0000e+00
      21124 192.618392    880.110    604.463     6.8070     6.8084     0.0014   3.543488   3.544746      12.86          1   39.20865  -63.69542   0.001280    599.003    599.000    35.0619    27.5023  294.61358  295.08065     6.7495    1487.93    1487.95      0.702      9.785         34 0.0000e+00
      21163 192.618411    881.748    605.474     6.8050     6.8067     0.0017   3.543370   3.544636      16.91          1   39.20862  -63.69540   0.001268    600.001    600.000    35.0621    27.5027  294.62637  295.09367     6.7474    1487.94    1487.96      0.583      9.792         43 0.0000e+00
      21201 192.618430    883.330    606.485     6.8021     6.8037     0.0016   3.543135   3.544378      20.86          1   39.20861  -63.69539   0.001276    600.993    601.000    35.0619    27.5030  294.64594  295.11356     6.7445    1487.95    1487.97      0.821      9.799         30 0.0000e+00
      21226 192.618442    884.363    607.495     6.7949     6.7953     0.0004   3.542452   3.543579      22.04          1   39.20860  -63.69538   0.001208    602.000    602.000    35.0612    27.5034  294.69589  295.16431     6.7372    1487.93    1487.95      1.017      9.806         23 0.0000e+00
      21250 192.618453    885.368    608.506     6.7855     6.7867     0.0012   3.541579   3.542790      23.25          1   39.20859  -63.69537   0.001255    603.006    603.000    35.0608    27.5043  294.76072  295.23021     6.7277    1487.91    1487.93      0.899      9.813         26 0.0000e+00
      21284 192.618470    886.805    609.516     6.7763     6.7772     0.0010   3.540717   3.541908       0.96          1   39.20856  -63.69535   0.001227    604.003    604.000    35.0601    27.5051  294.82407  295.29458     6.7184    1487.89    1487.91      0.594      9.819         43 0.0000e+00
      21329 192.618492    888.673    610.527     6.7632     6.7646     0.0014   3.539490   3.540710       0.54          1   39.20854  -63.69534   0.001270    604.997    605.000    35.0594    27.5063  294.91382  295.38581     6.7053    1487.86    1487.88      0.599      9.826         42 0.0000e+00
      21363 192.618508    890.065    611.538     6.7521     6.7531     0.0010   3.538502   3.539671       0.67          1   39.20852  -63.69532   0.001243    605.995    606.000    35.0592    27.5077  294.98854  295.46178     6.6942    1487.83    1487.85      0.924      9.833         26 0.0000e+00
      21385 192.618519    891.005    612.548     6.7409     6.7418     0.0009   3.537480   3.538653       0.65          1   39.20851  -63.69531   0.001271    606.999    607.000    35.0589    27.5090  295.06515  295.53967     6.6829    1487.80    1487.82      1.111      9.840         21 0.0000e+00
      21408 192.618530    891.954    613.559     6.7238     6.7239     0.0001   3.535916   3.537016      20.17          1   39.20849  -63.69529   0.001228    608.011    608.000    35.0585    27.5110  295.18105  295.65750     6.6658    1487.75    1487.77      0.870      9.847         28 0.0000e+00
      21454 192.618552    893.885    614.569     6.7073     6.7077     0.0004   3.534465   3.535499      35.42          1   39.20847  -63.69528   0.001072    608.997    609.000    35.0588    27.5134  295.29197  295.77031     6.6493    1487.71    1487.72      0.444      9.853         55 0.0000e+00
      21492 192.618570    895.479    615.580     6.6908     6.6914     0.0006   3.532868   3.533953      19.07          1   39.20844  -63.69527   0.001161    609.996    610.000    35.0575    27.5147  295.40658  295.88679     6.6327    1487.66    1487.67      0.906      9.860         26 0.0000e+00
      21517 192.618582    896.484    616.591     6.6830     6.6842     0.0012   3.532191   3.533308      11.95          1   39.20844  -63.69524   0.001134    611.002    611.000    35.0574    27.5157  295.45940  295.94050     6.6249    1487.64    1487.66      0.979      9.867         24 0.0000e+00
      21543 192.618595    897.592    617.601     6.6813     6.6830     0.0018   3.532104   3.533250      10.18          1   39.20842  -63.69524   0.001150    612.004    612.000    35.0577    27.5161  295.47022  295.95152     6.6231    1487.65    1487.67      0.824      9.873         30 0.0000e+00
      21577 192.618611    898.987    618.612     6.6783     6.6799     0.0016   3.531862   3.532991      32.77          1   39.20841  -63.69522   0.001147    613.003    613.000    35.0575    27.5164  295.49062  295.97225     6.6200    1487.66    1487.68      0.665      9.880         37 0.0000e+00
      21617 192.618630    900.661    619.623     6.6739     6.6752     0.0012   3.531485   3.532590      14.37          1   39.20838  -63.69520   0.001130    613.999    614.000    35.0573    27.5169  295.52070  296.00283     6.6156    1487.66    1487.68      0.603      9.887         42 0.0000e+00
      21652 192.618647    902.136    620.633     6.6371     6.6340    -0.0031   3.527698   3.528532       0.38          1   39.20837  -63.69519   0.001227    614.994    615.000    35.0524    27.5180  295.78050  296.26675     6.5788    1487.52    1487.53      0.866      9.893         28 0.0000e+00
      21676 192.618659    903.137    621.644     6.5957     6.5963     0.0005   3.523947   3.525031      26.78          1   39.20836  -63.69518   0.001213    615.999    616.000    35.0525    27.5236  296.06063  296.55165     6.5375    1487.38    1487.40      1.069      9.900         22 0.0000e+00
      21698 192.618670    904.062    622.655     6.5813     6.5825     0.0012   3.522680   3.523764       1.83          1   39.20835  -63.69517   0.001178    617.006    617.000    35.0527    27.5257  296.15825  296.65093     6.5231    1487.34    1487.36      0.987      9.907         23 0.0000e+00
      21736 192.618688    905.619    623.665     6.5716     6.5727     0.0011   3.521805   3.522856       4.00          1   39.20833  -63.69516   0.001079    618.005    618.000    35.0524    27.5268  296.22476  296.71855     6.5133    1487.32    1487.34      0.504      9.913         57 0.0000e+00
      21791 192.618714    907.915    624.676     6.5635     6.5648     0.0013   3.521077   3.522149      25.96          1   39.20830  -63.69513   0.001116    618.996    619.000    35.0521    27.5277  296.28049  296.77522     6.5052    1487.30    1487.32      0.608      9.920         41 0.0000e+00
      21822 192.618729    909.192    625.687     6.5496     6.5504     0.0008   3.519750   3.520785       0.42          1   39.20828  -63.69511   0.001123    619.995    620.000    35.0511    27.5287  296.37717  296.87348     6.4912    1487.26    1487.28      0.912      9.926         26 0.0000e+00
      21846 192.618741    910.209    626.697     6.5387     6.5400     0.0014   3.518828   3.519885       0.58          1   39.20827  -63.69510   0.001113    621.002    621.000    35.0515    27.5305  296.45049  296.94808     6.4803    1487.24    1487.26      0.995      9.933         23 0.0000e+00
      21872 192.618753    911.284    627.708     6.5287     6.5303     0.0016   3.517973   3.519054       0.62          1   39.20826  -63.69509   0.001112    622.005    622.000    35.0517    27.5320  296.51781  297.01656     6.4703    1487.21    1487.23      0.829      9.939         30 0.0000e+00
      21909 192.618771    912.833    628.719     6.5268     6.5288     0.0019   3.517894   3.518978       0.66          1   39.20824  -63.69507   0.001079    623.002    623.000    35.0523    27.5327  296.52960  297.02859     6.4683    1487.23    1487.25      0.578      9.946         44 0.0000e+00
      21949 192.618790    914.491    629.730     6.5271     6.5292     0.0021   3.518010   3.519091      38.57          1   39.20822  -63.69505   0.001074    623.994    624.000    35.0527    27.5330  296.52641  297.02536     6.4685    1487.25    1487.27      0.772      9.952         32 0.0000e+00
      21975 192.618803    915.600    630.740     6.5261     6.5278     0.0017   3.517984   3.519025      51.37          1   39.20820  -63.69504   0.001060    624.999    625.000    35.0530    27.5334  296.53280  297.03188     6.4674    1487.26    1487.28      0.962      9.959         24 0.0000e+00
      22001 192.618816    916.668    631.751     6.5232     6.5248     0.0017   3.517838   3.518875       2.36          1   39.20818  -63.69502   0.001041    626.007    626.000    35.0539    27.5345  296.55079  297.05023     6.4644    1487.26    1487.28      0.816      9.965         29 0.0000e+00
      22046 192.618837    918.555    632.762     6.5218     6.5234     0.0017   3.517801   3.518827      10.71          1   39.20817  -63.69501   0.001027    626.999    627.000    35.0544    27.5351  296.55926  297.05887     6.4628    1487.27    1487.30      0.447      9.972         59 0.0000e+00
      22092 192.618860    920.463    633.772     6.5214     6.5232     0.0017   3.517847   3.518854      35.00          1   39.20814  -63.69498   0.001014    628.000    628.000    35.0548    27.5355  296.56081  297.06048     6.4624    1487.29    1487.31      0.701      9.978         34 0.0000e+00
      22123 192.618874    921.748    634.783     6.5170     6.5188     0.0018   3.517498   3.518508       0.09          1   39.20811  -63.69497   0.001025    628.994    629.000    35.0549    27.5361  296.59043  297.09061     6.4579    1487.29    1487.31      0.938      9.985         26 0.0000e+00
      22146 192.618885    922.693    635.794     6.5130     6.5136     0.0006   3.517159   3.518064       0.64          1   39.20810  -63.69496   0.000995    629.998    630.000    35.0547    27.5366  296.61819  297.11883     6.4538    1487.29    1487.31      1.129      9.991         20 0.0000e+00
      22167 192.618896    923.588    636.805     6.5007     6.5015     0.0009   3.516141   3.517102       0.51          1   39.20810  -63.69496   0.001004    631.010    631.000    35.0555    27.5389  296.70048  297.20257     6.4415    1487.26    1487.28      0.957      9.998         25 0.0000e+00
      22212 192.618917    925.460    637.815     6.4964     6.4981     0.0017   3.515916   3.516873      19.85          1   39.20807  -63.69493   0.000966    632.001    632.000    35.0569    27.5405  296.72661  297.22924     6.4371    1487.26    1487.28      0.427     10.004         62 0.0000e+00
      22257 192.618939    927.353    638.826     6.4802     6.4799    -0.0002   3.514408   3.515250      -0.14          1   39.20804  -63.69490   0.000976    632.994    633.000    35.0562    27.5421  296.83859  297.34308     6.4209    1487.22    1487.23      0.861     10.011         27 0.0000e+00
      22282 192.618951    928.370    639.837     6.4690     6.4706     0.0016   3.513560   3.514501      23.95          1   39.20804  -63.69490   0.000969    634.004    634.000    35.0576    27.5448  296.91129  297.41712     6.4097    1487.19    1487.21      0.940     10.017         25 0.0000e+00
      22312 192.618965    929.608    640.848     6.4638     6.4654     0.0016   3.513136   3.514088       1.88          1   39.20802  -63.69488   0.000963    635.005    635.000    35.0578    27.5456  296.94686  297.45331     6.4043    1487.19    1487.20      0.704     10.024         36 0.0000e+00
      22352 192.618985    931.285    641.858     6.4626     6.4645     0.0019   3.513139   3.514099      53.51          1   39.20800  -63.69487   0.000951    636.002    636.000    35.0586    27.5463  296.95323  297.45983     6.4031    1487.20    1487.22      0.562     10.030         44 0.0000e+00
      22397 192.619006    933.153    642.869     6.4627     6.4646     0.0019   3.513308   3.514258      13.62          1   39.20798  -63.69485   0.000942    636.997    637.000    35.0598    27.5474  296.94968  297.45630     6.4031    1487.22    1487.24      0.600     10.036         41 0.0000e+00
      22430 192.619022    934.534    643.880     6.4608     6.4625     0.0017   3.513338   3.514255      23.94          1   39.20796  -63.69484   0.000929    637.995    638.000    35.0616    27.5490  296.95872  297.46560     6.4011    1487.23    1487.25      0.915     10.043         26 0.0000e+00
      22453 192.619034    935.505    644.891     6.4574     6.4589     0.0015   3.513204   3.514102      27.07          1   39.20794  -63.69482   0.000930    639.001    639.000    35.0631    27.5507  296.97885  297.48617     6.3976    1487.23    1487.25      1.041     10.049         23 0.0000e+00
      22479 192.619046    936.578    645.902     6.4502     6.4516     0.0014   3.512591   3.513468       2.60          1   39.20793  -63.69481   0.000906    640.010    640.000    35.0632    27.5517  297.02790  297.53606     6.3903    1487.22    1487.24      0.758     10.056         33 0.0000e+00
      22532 192.619072    938.778    646.912     6.4401     6.4411     0.0010   3.511592   3.512428      11.94          1   39.20791  -63.69480   0.000901    640.995    641.000    35.0619    27.5520  297.09967  297.60898     6.3802    1487.20    1487.21      0.410     10.062         58 0.0000e+00
      22569 192.619090    940.334    647.923     6.4213     6.4221     0.0007   3.509701   3.510499      26.21          1   39.20788  -63.69478   0.000901    641.995    642.000    35.0595    27.5526  297.23289  297.74434     6.3614    1487.14    1487.15      0.971     10.068         24 0.0000e+00
      22591 192.619100    941.268    648.934     6.4042     6.4044     0.0003   3.507927   3.508695      24.66          1   39.20788  -63.69476   0.000919    643.008    643.000    35.0568    27.5528  297.35610  297.86950     6.3443    1487.08    1487.10      0.948     10.075         25 0.0000e+00
      22630 192.619119    942.883    649.945     6.3821     6.3814    -0.0007   3.505757   3.506385       8.60          1   39.20785  -63.69474   0.000699    644.003    644.000    35.0548    27.5541  297.51192  298.02787     6.3222    1487.01    1487.02      0.504     10.081         54 0.0000e+00
      22676 192.619141    944.772    650.956     6.3714     6.3735     0.0021   3.504784   3.505648       6.56          1   39.20783  -63.69472   0.000862    644.995    645.000    35.0544    27.5552  297.58593  298.10312     6.3114    1486.99    1487.00      0.752     10.087         32 0.0000e+00
      22703 192.619154    945.937    651.966     6.3716     6.3740     0.0024   3.504862   3.505738      11.70          1   39.20781  -63.69471   0.000859    646.001    646.000    35.0545    27.5553  297.58422  298.10139     6.3115    1487.00    1487.02      0.874     10.094         27 0.0000e+00
      22733 192.619168    947.147    652.977     6.3717     6.3736     0.0019   3.504908   3.505734       9.81          1   39.20779  -63.69470   0.000834    647.005    647.000    35.0544    27.5552  297.58363  298.10078     6.3115    1487.02    1487.04      0.748     10.100         32 0.0000e+00
      22771 192.619187    948.747    653.988     6.3688     6.3699     0.0010   3.504658   3.505396       0.59          1   39.20777  -63.69468   0.000766    647.999    648.000    35.0541    27.5554  297.60418  298.12166     6.3086    1487.02    1487.04      0.607     10.106         42 0.0000e+00
      22807 192.619204    950.245    654.999     6.3576     6.3580     0.0004   3.503523   3.504214      41.02          1   39.20775  -63.69467   0.000767    648.998    649.000    35.0524    27.5555  297.68456  298.20332     6.2973    1487.00    1487.01      0.786     10.113         30 0.0000e+00
      22835 192.619218    951.433    656.010     6.3475     6.3493     0.0018   3.502574   3.503365       0.82          1   39.20774  -63.69466   0.000822    650.003    650.000    35.0517    27.5562  297.75532  298.27525     6.2872    1486.97    1486.99      0.832     10.119         28 0.0000e+00
