ctd/proc/EN719_CTD02_avg.cnv
* Sea-Bird SBE 9 Data File:
* FileName = D:\ctd\raw\EN719_CTD02.hdr
* Software Version Seasave V 7.26.7.121
* Temperature SN = 4333
* Conductivity SN = 0864
* Number of Bytes Per Scan = 37
* Number of Voltage Words = 4
* Number of Scans Averaged by the Deck Unit = 1
* NMEA Latitude = 38 45.76 N
* NMEA Longitude = 063 44.17 W
* NMEA UTC (Time) = Jul 11 2024  18:38:19
* NMEA baud rate = 4800
** Ship: R/V Endeavor
** Cruise: EN719
** Principal Investigator: Chad Smith
** Chief Scientist: Chad Smith
** Project: NESMA24
** Cruise Start Date: 7 July 2024
** Ports: GSO, Narragansett RI to GSO, Narragansett RI
** Station:  CTD_02
** Bottom Depth: 4516
** Operator:  LGB
# nquan = 27
# nvalues = 1588                        
# units = specified
# name 0 = scan: Scan Count
# name 1 = timeJ: Julian Days
# name 2 = timeS: Time, Elapsed [seconds]
# name 3 = prDM: Pressure, Digiquartz [db]
# name 4 = t090C: Temperature [ITS-90, deg C]
# name 5 = t190C: Temperature, 2 [ITS-90, deg C]
# name 6 = T2-T190C: Temperature Difference, 2 - 1 [ITS-90, deg C]
# name 7 = c0S/m: Conductivity [S/m]
# name 8 = c1S/m: Conductivity, 2 [S/m]
# name 9 = altM: Altimeter [m]
# name 10 = pumps: Pump Status
# name 11 = latitude: Latitude [deg]
# name 12 = longitude: Longitude [deg]
# name 13 = C2-C1S/m: Conductivity Difference, 2 - 1 [S/m]
# name 14 = depSM: Depth [salt water, m]
# name 15 = depSM: Depth [salt water, m], lat = 38.7627
# name 16 = sal00: Salinity, Practical [PSU]
# name 17 = sigma-é00: Density [sigma-theta, kg/m^3]
# name 18 = oxsolMm/Kg: Oxygen Saturation, Garcia & Gordon [umol/kg]
# name 19 = oxsatMm/Kg: Oxygen Saturation, Weiss [umol/kg]
# name 20 = potemp090C: Potential Temperature [ITS-90, deg C]
# name 21 = svCM: Sound Velocity [Chen-Millero, m/s]
# name 22 = svCM1: Sound Velocity, 2 [Chen-Millero, m/s]
# name 23 = dz/dtM: Descent Rate [m/s], WS = 2
# name 24 = gpa: Geopotential Anomaly [J/kg]
# name 25 = nbin: number of scans per bin
# name 26 = flag: flag
# span 0 =        326,      63034       
# span 1 = 191.043003, 196.697855       
# span 2 =     13.548,   2626.395       
# span 3 =     13.099,   2024.970       
# span 4 =     3.7597,    26.0666       
# span 5 =     3.7605,    26.0676       
# span 6 =    -4.2970,     0.0446       
# span 7 =   3.166529,   5.795858       
# span 8 =   3.317258,   5.656762       
# span 9 =     -10.52,     100.26       
# span 10 =          1,          1      
# span 11 =   38.21572,   39.34690      
# span 12 =  -64.69685,  -62.83688      
# span 13 =  -2.333861,   0.295294      
# span 14 =     12.122,   2000.026      
# span 15 =     13.000,   2000.000      
# span 16 =    28.0656,    90.2365      
# span 17 =    20.0352,    87.6064      
# span 18 =   89.34927,  316.71452      
# span 19 =  199.22810,  317.57300      
# span 20 =     3.5945,    26.0621      
# span 21 =    1470.17,    1630.75      
# span 22 =    1487.45,    1561.07      
# span 23 =     -2.145,    270.942      
# span 24 =      0.058,    170.218      
# span 25 =          1,        343      
# span 26 = 0.0000e+00, 0.0000e+00      
# interval = meters: 1                  
# start_time = Jul 11 2024 18:38:23 [System UTC, header]
# bad_flag = -9.990e-29
*END*
[from data line 860]
      40253 193.796067   1677.178   1286.651     4.4208     4.4187    -0.0020   3.399148   3.349244      23.31          1   38.75329  -63.71962  -0.000136   1273.011   1273.000    35.5703    28.2060  310.30627  311.08891     4.3143    1490.32    1489.56      0.871    162.737         28 0.0000e+00
      40292 193.796086   1678.803   1287.665     4.4189     4.4179    -0.0009   3.388752   3.349222      -0.76          1   38.75328  -63.71960  -0.000102   1273.997   1274.000    35.4506    28.1110  310.59927  311.37851     4.3126    1490.18    1489.58      0.585    162.737         43 0.0000e+00
      40325 193.796102   1680.187   1288.679     4.4176     4.4177     0.0001   3.381590   3.349236      23.27          1   38.75327  -63.71958  -0.000020   1274.997   1275.000    35.3679    28.0454  310.80135  311.57825     4.3114    1490.08    1489.59      0.903    162.739         27 0.0000e+00
      40350 193.796113   1681.202   1289.693     4.4163     4.4162    -0.0001   3.377145   3.349124      26.47          1   38.75326  -63.71958  -0.000022   1275.998   1276.000    35.3170    28.0051  310.92981  311.70533     4.3101    1490.03    1489.60      1.064    162.742         23 0.0000e+00
      40371 193.796124   1682.104   1290.707     4.4136     4.4116    -0.0020   3.373479   3.348733       0.73          1   38.75326  -63.71957  -0.000127   1277.000   1277.000    35.2767    27.9733  311.04411  311.81877     4.3075    1489.98    1489.60      1.148    162.744         20 0.0000e+00
      40393 193.796134   1682.986   1291.720     4.4085     4.4087     0.0001   3.370159   3.348511      51.90          1   38.75326  -63.71956   0.000033   1278.008   1278.000    35.2428    27.9470  311.16052  311.93485     4.3024    1489.93    1489.61      1.034    162.747         23 0.0000e+00
      40423 193.796149   1684.236   1292.734     4.4074     4.4036    -0.0038   3.366596   3.348035       1.11          1   38.75326  -63.71955  -0.000350   1279.003   1279.000    35.2020    27.9147  311.26444  312.03769     4.3013    1489.89    1489.60      0.721    162.751         37 0.0000e+00
      40455 193.796164   1685.589   1293.748     4.4024     4.3985    -0.0040   3.362838   3.347622       3.47          1   38.75324  -63.71954  -0.000276   1279.995   1280.000    35.1629    27.8841  311.39244  312.16517     4.2964    1489.84    1489.60      0.927    162.754         25 0.0000e+00
      40479 193.796176   1686.575   1294.762     4.3974     4.3982     0.0008   3.360564   3.347630      42.19          1   38.75324  -63.71952   0.000054   1281.007   1281.000    35.1413    27.8674  311.48067  312.25345     4.2913    1489.81    1489.61      0.919    162.758         26 0.0000e+00
      40512 193.796192   1687.979   1295.776     4.3969     4.3975     0.0006   3.358219   3.347620       0.12          1   38.75324  -63.71951   0.000036   1282.000   1282.000    35.1140    27.8458  311.54819  312.32020     4.2908    1489.79    1489.63      0.668    162.762         39 0.0000e+00
      40544 193.796207   1689.308   1296.790     4.3964     4.3967     0.0003   3.356358   3.347584      27.94          1   38.75323  -63.71950   0.000003   1282.991   1283.000    35.0923    27.8286  311.60242  312.37383     4.2903    1489.77    1489.64      1.016    162.766         23 0.0000e+00
      40565 193.796217   1690.166   1297.804     4.3951     4.3960     0.0008   3.355263   3.347555       0.53          1   38.75322  -63.71949   0.000064   1284.003   1284.000    35.0804    27.8193  311.63978  312.41100     4.2889    1489.77    1489.65      1.134    162.770         21 0.0000e+00
      40592 193.796230   1691.288   1298.817     4.3943     4.3949     0.0006   3.354101   3.347498      13.36          1   38.75322  -63.71948   0.000039   1285.011   1285.000    35.0673    27.8090  311.67683  312.44776     4.2880    1489.77    1489.67      0.694    162.774         41 0.0000e+00
      40642 193.796255   1693.392   1299.831     4.3936     4.3949     0.0013   3.352333   3.347529      51.30          1   38.75321  -63.71946   0.000076   1285.986   1286.000    35.0469    27.7929  311.72973  312.50014     4.2873    1489.75    1489.68      0.651    162.779         39 0.0000e+00
      40665 193.796266   1694.341   1300.845     4.3934     4.3938     0.0004   3.351749   3.347472       0.24          1   38.75320  -63.71945   0.000007   1286.993   1287.000    35.0398    27.7873  311.74796  312.51818     4.2870    1489.76    1489.70      1.236    162.783         19 0.0000e+00
      40683 193.796274   1695.070   1301.859     4.3925     4.3932     0.0007   3.351276   3.347456       0.47          1   38.75320  -63.71944   0.000032   1288.000   1288.000    35.0348    27.7834  311.76656  312.53675     4.2860    1489.77    1489.71      1.397    162.788         17 0.0000e+00
      40700 193.796282   1695.785   1302.873     4.3919     4.3925     0.0006   3.350887   3.347432       0.57          1   38.75320  -63.71944   0.000037   1289.009   1289.000    35.0304    27.7799  311.78119  312.55132     4.2854    1489.77    1489.72      1.290    162.792         18 0.0000e+00
      40723 193.796293   1696.743   1303.887     4.3908     4.3910     0.0003   3.350379   3.347343      37.53          1   38.75319  -63.71942   0.000009   1290.011   1290.000    35.0251    27.7759  311.80168  312.57181     4.2842    1489.78    1489.73      0.875    162.797         30 0.0000e+00
      40760 193.796311   1698.311   1304.901     4.3902     4.3906     0.0005   3.349772   3.347349      29.66          1   38.75319  -63.71941   0.000007   1291.000   1291.000    35.0182    27.7704  311.82240  312.59240     4.2835    1489.78    1489.75      0.601    162.802         41 0.0000e+00
      40798 193.796330   1699.882   1305.915     4.3885     4.3892     0.0008   3.349127   3.347251      -0.19          1   38.75318  -63.71940   0.000068   1291.996   1292.000    35.0119    27.7657  311.84971  312.61975     4.2818    1489.79    1489.76      0.764    162.806         33 0.0000e+00
      40825 193.796343   1701.001   1306.929     4.3877     4.3895     0.0018   3.348850   3.347339       0.71          1   38.75318  -63.71938   0.000126   1292.995   1293.000    35.0090    27.7635  311.86222  312.63228     4.2809    1489.80    1489.78      1.050    162.811         23 0.0000e+00
      40846 193.796353   1701.878   1307.943     4.3884     4.3898     0.0014   3.348772   3.347398       0.74          1   38.75318  -63.71938   0.000084   1294.002   1294.000    35.0069    27.7617  311.86208  312.63198     4.2815    1489.81    1489.80      1.165    162.816         20 0.0000e+00
      40867 193.796363   1702.763   1308.956     4.3882     4.3889     0.0007   3.348600   3.347359      24.11          1   38.75318  -63.71938   0.000050   1295.009   1295.000    35.0046    27.7599  311.86899  312.63886     4.2812    1489.83    1489.81      1.008    162.821         23 0.0000e+00
      40899 193.796378   1704.072   1309.970     4.3876     4.3882     0.0007   3.348370   3.347342      17.43          1   38.75318  -63.71936   0.000040   1296.001   1296.000    35.0021    27.7580  311.87955  312.64942     4.2805    1489.84    1489.82      0.692    162.825         38 0.0000e+00
      40932 193.796394   1705.467   1310.984     4.3873     4.3881     0.0009   3.348187   3.347369      22.51          1   38.75317  -63.71935   0.000058   1296.998   1297.000    34.9998    27.7562  311.88715  312.65699     4.2801    1489.85    1489.84      0.852    162.830         28 0.0000e+00
      40958 193.796407   1706.555   1311.998     4.3863     4.3868     0.0005   3.348013   3.347304      24.01          1   38.75316  -63.71934   0.000039   1298.001   1298.000    34.9982    27.7551  311.89789  312.66781     4.2791    1489.86    1489.85      0.961    162.835         25 0.0000e+00
      40983 193.796419   1707.596   1313.012     4.3855     4.3865     0.0011   3.347887   3.347309      33.63          1   38.75314  -63.71932   0.000066   1299.003   1299.000    34.9972    27.7543  311.90676  312.67677     4.2782    1489.87    1489.87      0.957    162.840         26 0.0000e+00
      41009 193.796431   1708.669   1314.026     4.3849     4.3826    -0.0024   3.347750   3.346945      13.99          1   38.75314  -63.71932  -0.000203   1299.998   1300.000    34.9957    27.7532  311.91434  312.68438     4.2775    1489.89    1489.87      0.987    162.845         25 0.0000e+00
      41032 193.796443   1709.640   1315.040     4.3798     4.3783    -0.0015   3.347190   3.346606       0.90          1   38.75314  -63.71930  -0.000086   1301.001   1301.000    34.9940    27.7524  311.95643  312.72714     4.2724    1489.88    1489.87      1.045    162.850         22 0.0000e+00
      41058 193.796455   1710.702   1316.054     4.3762     4.3742    -0.0020   3.346845   3.346257      18.19          1   38.75314  -63.71930  -0.000141   1302.009   1302.000    34.9933    27.7522  311.98507  312.75625     4.2687    1489.88    1489.87      0.788    162.855         32 0.0000e+00
      41098 193.796474   1712.392   1317.068     4.3724     4.3700    -0.0024   3.346463   3.345912      -1.11          1   38.75313  -63.71928  -0.000215   1302.994   1303.000    34.9923    27.7519  312.01558  312.78726     4.2649    1489.88    1489.87      0.645    162.859         39 0.0000e+00
      41126 193.796488   1713.544   1318.082     4.3691     4.3690    -0.0001   3.346135   3.345867      21.85          1   38.75314  -63.71926 1.0085e-07   1303.995   1304.000    34.9914    27.7516  312.04221  312.81432     4.2615    1489.88    1489.88      1.076    162.864         22 0.0000e+00
      41147 193.796498   1714.410   1319.096     4.3677     4.3687     0.0010   3.346048   3.345877       7.20          1   38.75313  -63.71926   0.000071   1305.003   1305.000    34.9913    27.7516  312.05257  312.82487     4.2601    1489.89    1489.89      1.113    162.869         21 0.0000e+00
      41171 193.796509   1715.412   1320.110     4.3674     4.3685     0.0011   3.346039   3.345894      40.90          1   38.75312  -63.71926   0.000062   1306.007   1306.000    34.9911    27.7515  312.05571  312.82805     4.2596    1489.91    1489.91      0.916    162.874         28 0.0000e+00
      41200 193.796523   1716.619   1321.124     4.3674     4.3680     0.0006   3.346046   3.345899      14.53          1   38.75312  -63.71924   0.000028   1306.998   1307.000    34.9907    27.7512  312.05679  312.82912     4.2595    1489.93    1489.92      0.880    162.879         28 0.0000e+00
      41225 193.796536   1717.675   1322.138     4.3669     4.3679     0.0010   3.346011   3.345939      11.08          1   38.75312  -63.71924   0.000074   1307.999   1308.000    34.9903    27.7509  312.06146  312.83385     4.2589    1489.94    1489.94      1.026    162.884         23 0.0000e+00
      41249 193.796547   1718.647   1323.152     4.3665     4.3674     0.0009   3.346006   3.345935      39.83          1   38.75310  -63.71922   0.000065   1309.009   1309.000    34.9901    27.7508  312.06438  312.83681     4.2585    1489.96    1489.96      0.919    162.889         26 0.0000e+00
      41284 193.796564   1720.128   1324.166     4.3650     4.3659     0.0009   3.345879   3.345844      18.08          1   38.75310  -63.71920   0.000075   1310.000   1310.000    34.9897    27.7507  312.07655  312.84918     4.2569    1489.97    1489.97      0.611    162.894         42 0.0000e+00
      41318 193.796581   1721.559   1325.180     4.3641     4.3650     0.0010   3.345821   3.345798      -0.29          1   38.75308  -63.71918   0.000064   1310.992   1311.000    34.9895    27.7507  312.08422  312.85698     4.2559    1489.98    1489.98      0.984    162.899         25 0.0000e+00
      41339 193.796591   1722.425   1326.194     4.3639     4.3651     0.0011   3.345848   3.345846       0.47          1   38.75308  -63.71918   0.000068   1312.001   1312.000    34.9895    27.7507  312.08536  312.85814     4.2556    1489.99    1490.00      1.189    162.904         19 0.0000e+00
      41360 193.796601   1723.296   1327.208     4.3635     4.3645     0.0010   3.345833   3.345838       0.64          1   38.75308  -63.71917   0.000072   1313.012   1313.000    34.9893    27.7505  312.08908  312.86192     4.2551    1490.01    1490.01      0.991    162.909         25 0.0000e+00
      41393 193.796616   1724.662   1328.222     4.3629     4.3638     0.0009   3.345823   3.345841       0.65          1   38.75308  -63.71916   0.000073   1313.999   1314.000    34.9893    27.7506  312.09354  312.86645     4.2544    1490.02    1490.03      0.698    162.913         37 0.0000e+00
      41423 193.796631   1725.924   1329.236     4.3626     4.3635     0.0008   3.345840   3.345854      62.37          1   38.75308  -63.71914   0.000062   1314.995   1315.000    34.9893    27.7506  312.09555  312.86850     4.2541    1490.04    1490.04      0.984    162.918         24 0.0000e+00
      41446 193.796642   1726.854   1330.250     4.3621     4.3631     0.0010   3.345850   3.345872      42.62          1   38.75308  -63.71914   0.000056   1316.003   1316.000    34.9894    27.7509  312.09910  312.87213     4.2535    1490.05    1490.06      1.075    162.923         22 0.0000e+00
      41470 193.796653   1727.857   1331.264     4.3625     4.3637     0.0012   3.345933   3.345984       2.10          1   38.75306  -63.71912   0.000080   1317.009   1317.000    34.9895    27.7509  312.09611  312.86910     4.2537    1490.07    1490.08      0.871    162.928         28 0.0000e+00
      41506 193.796671   1729.383   1332.278     4.3624     4.3633     0.0009   3.345948   3.345974      15.39          1   38.75306  -63.71912   0.000054   1317.998   1318.000    34.9893    27.7507  312.09719  312.87018     4.2536    1490.09    1490.09      0.638    162.933         41 0.0000e+00
      41538 193.796686   1730.698   1333.292     4.3620     4.3626     0.0005   3.345954   3.345954       0.27          1   38.75304  -63.71910   0.000036   1318.992   1319.000    34.9892    27.7507  312.10002  312.87305     4.2531    1490.11    1490.11      1.029    162.938         23 0.0000e+00
      41558 193.796696   1731.549   1334.306     4.3606     4.3612     0.0006   3.345822   3.345875      20.04          1   38.75304  -63.71910   0.000070   1320.001   1320.000    34.9886    27.7504  312.11178  312.88499     4.2517    1490.11    1490.12      1.196    162.943         19 0.0000e+00
      41579 193.796706   1732.416   1335.320     4.3597     4.3604     0.0007   3.345789   3.345815      10.71          1   38.75304  -63.71909   0.000047   1321.008   1321.000    34.9888    27.7506  312.11874  312.89209     4.2506    1490.13    1490.13      1.043    162.948         24 0.0000e+00
      41608 193.796720   1733.622   1336.334     4.3590     4.3601     0.0011   3.345782   3.345843      34.08          1   38.75302  -63.71908   0.000072   1322.006   1322.000    34.9889    27.7508  312.12363  312.89708     4.2498    1490.14    1490.15      0.722    162.953         35 0.0000e+00
      41649 193.796740   1735.314   1337.348     4.3587     4.3597     0.0010   3.345774   3.345831      14.14          1   38.75302  -63.71906   0.000073   1322.999   1323.000    34.9886    27.7507  312.12643  312.89992     4.2494    1490.16    1490.16      0.603    162.958         42 0.0000e+00
      41682 193.796756   1736.702   1338.362     4.3576     4.3578     0.0002   3.345696   3.345699      -0.35          1   38.75302  -63.71904   0.000021   1323.989   1324.000    34.9883    27.7505  312.13503  312.90865     4.2483    1490.17    1490.17      1.053    162.963         23 0.0000e+00
