ctd/proc/EN719_CTD11_avg.cnv
* Sea-Bird SBE 9 Data File:
* FileName = D:\ctd\raw\EN719_CTD11.hdr
* Software Version Seasave V 7.26.7.121
* Temperature SN = 4333
* Conductivity SN = 0864
* Number of Bytes Per Scan = 37
* Number of Voltage Words = 4
* Number of Scans Averaged by the Deck Unit = 1
* NMEA Latitude = 38 18.58 N
* NMEA Longitude = 062 43.55 W
* NMEA UTC (Time) = Jul 24 2024  17:15:26
* NMEA baud rate = 4800
** Ship: R/V Endeavor
** Cruise: EN719
** Principal Investigator: Chad Smith
** Chief Scientist: Chad Smith
** Project: NESMA24
** Cruise Start Date: 7 July 2024
** Ports: GSO, Narragansett RI to GSO, Narragansett RI
** Station:  CTD_11
** Bottom Depth: 5012
** Operator:  LB
# nquan = 27
# nvalues = 1989                        
# units = specified
# name 0 = scan: Scan Count
# name 1 = timeJ: Julian Days
# name 2 = timeS: Time, Elapsed [seconds]
# name 3 = prDM: Pressure, Digiquartz [db]
# name 4 = t090C: Temperature [ITS-90, deg C]
# name 5 = t190C: Temperature, 2 [ITS-90, deg C]
# name 6 = T2-T190C: Temperature Difference, 2 - 1 [ITS-90, deg C]
# name 7 = c0S/m: Conductivity [S/m]
# name 8 = c1S/m: Conductivity, 2 [S/m]
# name 9 = altM: Altimeter [m]
# name 10 = pumps: Pump Status
# name 11 = latitude: Latitude [deg]
# name 12 = longitude: Longitude [deg]
# name 13 = C2-C1S/m: Conductivity Difference, 2 - 1 [S/m]
# name 14 = depSM: Depth [salt water, m]
# name 15 = depSM: Depth [salt water, m], lat = 38.3097
# name 16 = sal00: Salinity, Practical [PSU]
# name 17 = sigma-é00: Density [sigma-theta, kg/m^3]
# name 18 = oxsolMm/Kg: Oxygen Saturation, Garcia & Gordon [umol/kg]
# name 19 = oxsatMm/Kg: Oxygen Saturation, Weiss [umol/kg]
# name 20 = potemp090C: Potential Temperature [ITS-90, deg C]
# name 21 = svCM: Sound Velocity [Chen-Millero, m/s]
# name 22 = svCM1: Sound Velocity, 2 [Chen-Millero, m/s]
# name 23 = dz/dtM: Descent Rate [m/s], WS = 2
# name 24 = gpa: Geopotential Anomaly [J/kg]
# name 25 = nbin: number of scans per bin
# name 26 = flag: flag
# span 0 =       1104,      57458       
# span 1 = 206.719618, 206.746794       
# span 2 =     45.962,   2394.029       
# span 3 =     13.099,   2025.904       
# span 4 =     3.9590,    27.5351       
# span 5 =     3.9599,    27.5339       
# span 6 =    -0.0428,     0.0098       
# span 7 =   3.336508,   5.729139       
# span 8 =   3.336640,   5.729286       
# span 9 =     -10.00,      89.95       
# span 10 =          1,          1      
# span 11 =   38.30754,   38.30966      
# span 12 =  -62.72573,  -62.72396      
# span 13 =  -0.001947,   0.000927      
# span 14 =     13.001,   2001.014      
# span 15 =     13.000,   2001.000      
# span 16 =    34.9678,    36.7679      
# span 17 =    23.3315,    27.7825      
# span 18 =  197.03451,  315.18327      
# span 19 =  196.52540,  316.01285      
# span 20 =     3.7896,    27.5320      
# span 21 =    1492.36,    1541.62      
# span 22 =    1492.37,    1541.62      
# span 23 =      0.004,      1.696      
# span 24 =      0.275,     22.307      
# span 25 =          8,        733      
# span 26 = 0.0000e+00, 0.0000e+00      
# interval = meters: 1                  
# start_time = Jul 24 2024 17:15:29 [System UTC, header]
# bad_flag = -9.990e-29
*END*
[from data line 1880]
      52799 206.744548   2199.907   1916.067     4.0620     4.0628     0.0008   3.341600   3.341715       5.79          1   38.30777  -62.72488   0.000115   1892.994   1893.000    34.9713    27.7737  314.39471  315.20958     3.9018    1498.57    1498.58      0.801     21.724         30 0.0000e+00
      52824 206.744560   2200.977   1917.083     4.0621     4.0628     0.0007   3.341644   3.341753       0.41          1   38.30778  -62.72488   0.000111   1893.997   1894.000    34.9712    27.7736  314.39405  315.20891     3.9018    1498.59    1498.59      1.035     21.729         23 0.0000e+00
      52847 206.744571   2201.909   1918.100     4.0620     4.0627     0.0008   3.341687   3.341800       9.89          1   38.30778  -62.72488   0.000117   1895.004   1895.000    34.9714    27.7738  314.39477  315.20966     3.9016    1498.61    1498.61      1.053     21.734         23 0.0000e+00
      52872 206.744583   2202.960   1919.117     4.0596     4.0603     0.0007   3.341467   3.341594      31.63          1   38.30778  -62.72488   0.000129   1896.006   1896.000    34.9708    27.7736  314.41413  315.22934     3.8991    1498.61    1498.62      0.842     21.739         29 0.0000e+00
      52908 206.744600   2204.479   1920.134     4.0591     4.0600     0.0009   3.341474   3.341596      14.18          1   38.30778  -62.72488   0.000120   1896.998   1897.000    34.9709    27.7737  314.41727  315.23254     3.8986    1498.63    1498.63      0.627     21.745         40 0.0000e+00
      52943 206.744617   2205.922   1921.151     4.0597     4.0605     0.0007   3.341582   3.341693      14.99          1   38.30778  -62.72488   0.000107   1897.998   1898.000    34.9711    27.7738  314.41247  315.22766     3.8990    1498.65    1498.65      0.847     21.750         29 0.0000e+00
      52969 206.744630   2206.988   1922.167     4.0609     4.0619     0.0011   3.341762   3.341905       8.05          1   38.30778  -62.72488   0.000118   1898.998   1899.000    34.9715    27.7740  314.40284  315.21789     3.9001    1498.67    1498.68      1.014     21.755         24 0.0000e+00
      52992 206.744641   2207.954   1923.184     4.0624     4.0631     0.0007   3.341938   3.342066      26.85          1   38.30778  -62.72488   0.000130   1900.002   1900.000    34.9715    27.7738  314.39131  315.20614     3.9015    1498.69    1498.70      1.023     21.760         23 0.0000e+00
      53019 206.744654   2209.068   1924.201     4.0612     4.0620     0.0007   3.341872   3.341993       2.25          1   38.30778  -62.72488   0.000126   1901.009   1901.000    34.9714    27.7739  314.40013  315.21512     3.9003    1498.70    1498.71      0.746     21.765         34 0.0000e+00
      53066 206.744676   2211.032   1925.218     4.0616     4.0626     0.0010   3.341955   3.342090      27.72          1   38.30780  -62.72490   0.000126   1901.996   1902.000    34.9716    27.7740  314.39739  315.21234     3.9004    1498.72    1498.73      0.501     21.771         49 0.0000e+00
      53101 206.744693   2212.508   1926.234     4.0617     4.0625     0.0008   3.342025   3.342143      41.61          1   38.30780  -62.72490   0.000121   1902.998   1903.000    34.9718    27.7741  314.39568  315.21060     3.9005    1498.74    1498.75      0.819     21.776         29 0.0000e+00
      53130 206.744707   2213.717   1927.251     4.0612     4.0620     0.0008   3.342017   3.342142       1.01          1   38.30780  -62.72490   0.000120   1904.002   1904.000    34.9717    27.7742  314.39979  315.21480     3.8999    1498.76    1498.76      0.825     21.781         30 0.0000e+00
      53160 206.744722   2214.948   1928.268     4.0612     4.0619     0.0007   3.342061   3.342180      39.80          1   38.30780  -62.72490   0.000126   1904.997   1905.000    34.9718    27.7743  314.39990  315.21491     3.8998    1498.77    1498.78      0.897     21.786         28 0.0000e+00
      53184 206.744733   2215.974   1929.285     4.0597     4.0604     0.0007   3.341953   3.342074      32.15          1   38.30780  -62.72490   0.000122   1905.996   1906.000    34.9716    27.7743  314.41165  315.22687     3.8982    1498.78    1498.79      1.069     21.791         22 0.0000e+00
      53206 206.744744   2216.889   1930.302     4.0591     4.0598     0.0008   3.341949   3.342067       1.55          1   38.30780  -62.72490   0.000120   1907.006   1907.000    34.9717    27.7744  314.41578  315.23109     3.8975    1498.80    1498.80      1.014     21.797         23 0.0000e+00
      53246 206.744763   2218.557   1931.319     4.0589     4.0597     0.0008   3.341967   3.342084       9.48          1   38.30780  -62.72490   0.000118   1908.004   1908.000    34.9716    27.7744  314.41723  315.23255     3.8973    1498.81    1498.82      0.470     21.802         64 0.0000e+00
      53309 206.744794   2221.161   1932.335     4.0576     4.0584     0.0008   3.341881   3.342003      18.15          1   38.30781  -62.72490   0.000125   1909.000   1909.000    34.9715    27.7744  314.42750  315.24301     3.8959    1498.83    1498.83      0.417     21.807         58 0.0000e+00
      53361 206.744819   2223.322   1933.352     4.0565     4.0572     0.0008   3.341835   3.341962       4.85          1   38.30782  -62.72490   0.000128   1909.996   1910.000    34.9717    27.7747  314.43566  315.25134     3.8946    1498.84    1498.84      0.647     21.812         37 0.0000e+00
      53402 206.744838   2225.035   1934.369     4.0548     4.0556     0.0007   3.341714   3.341834      30.50          1   38.30782  -62.72491   0.000124   1911.002   1911.000    34.9715    27.7747  314.44846  315.26436     3.8929    1498.85    1498.85      0.473     21.817         56 0.0000e+00
      53453 206.744863   2227.152   1935.386     4.0534     4.0541     0.0007   3.341614   3.341736      -1.37          1   38.30782  -62.72492   0.000131   1911.993   1912.000    34.9713    27.7747  314.45948  315.27558     3.8914    1498.86    1498.86      0.698     21.823         33 0.0000e+00
      53494 206.744883   2228.877   1936.403     4.0522     4.0529     0.0007   3.341539   3.341653       0.60          1   38.30782  -62.72492   0.000115   1913.002   1913.000    34.9712    27.7748  314.46895  315.28523     3.8901    1498.87    1498.88      0.427     21.828         71 0.0000e+00
      53556 206.744913   2231.465   1937.420     4.0516     4.0522     0.0006   3.341523   3.341635      49.33          1   38.30782  -62.72492   0.000112   1913.985   1914.000    34.9712    27.7748  314.47350  315.28986     3.8895    1498.89    1498.89      0.882     21.833         27 0.0000e+00
      53575 206.744922   2232.235   1938.437     4.0512     4.0519     0.0008   3.341528   3.341655      29.74          1   38.30782  -62.72492   0.000126   1914.998   1915.000    34.9712    27.7749  314.47686  315.29328     3.8889    1498.90    1498.91      1.206     21.838         20 0.0000e+00
      53594 206.744931   2233.060   1939.453     4.0504     4.0511     0.0008   3.341491   3.341624       1.37          1   38.30782  -62.72492   0.000138   1916.008   1916.000    34.9712    27.7750  314.48310  315.29964     3.8880    1498.92    1498.92      1.096     21.843         21 0.0000e+00
      53632 206.744949   2234.635   1940.470     4.0496     4.0502     0.0007   3.341468   3.341581      17.54          1   38.30782  -62.72493   0.000116   1917.004   1917.000    34.9713    27.7751  314.48897  315.30563     3.8871    1498.93    1498.93      0.504     21.849         60 0.0000e+00
      53683 206.744974   2236.763   1941.487     4.0477     4.0479     0.0002   3.341358   3.341444       2.52          1   38.30782  -62.72494   0.000089   1917.994   1918.000    34.9714    27.7754  314.50236  315.31928     3.8852    1498.94    1498.94      0.771     21.854         31 0.0000e+00
      53709 206.744987   2237.852   1942.504     4.0465     4.0473     0.0008   3.341296   3.341424      23.72          1   38.30782  -62.72494   0.000132   1919.002   1919.000    34.9714    27.7756  314.51132  315.32841     3.8840    1498.95    1498.96      0.899     21.859         26 0.0000e+00
      53744 206.745003   2239.285   1943.521     4.0452     4.0461     0.0009   3.341204   3.341339      13.59          1   38.30782  -62.72494   0.000137   1920.004   1920.000    34.9713    27.7757  314.52202  315.33931     3.8825    1498.96    1498.97      0.565     21.864         49 0.0000e+00
      53792 206.745026   2241.281   1944.538     4.0448     4.0455     0.0007   3.341213   3.341334      18.06          1   38.30784  -62.72494   0.000123   1920.991   1921.000    34.9714    27.7758  314.52497  315.34232     3.8820    1498.98    1498.98      0.734     21.869         34 0.0000e+00
      53817 206.745038   2242.315   1945.555     4.0444     4.0451     0.0007   3.341221   3.341347      24.25          1   38.30784  -62.72494   0.000120   1921.997   1922.000    34.9714    27.7758  314.52793  315.34534     3.8815    1498.99    1499.00      1.063     21.875         22 0.0000e+00
      53838 206.745049   2243.219   1946.572     4.0444     4.0453     0.0008   3.341269   3.341397      30.56          1   38.30784  -62.72494   0.000128   1923.003   1923.000    34.9714    27.7758  314.52729  315.34468     3.8815    1499.01    1499.02      1.085     21.880         22 0.0000e+00
      53863 206.745061   2244.257   1947.589     4.0444     4.0452     0.0008   3.341308   3.341428       2.16          1   38.30784  -62.72494   0.000117   1924.008   1924.000    34.9714    27.7758  314.52754  315.34493     3.8814    1499.03    1499.03      0.829     21.885         30 0.0000e+00
      53903 206.745080   2245.899   1948.605     4.0444     4.0452     0.0008   3.341345   3.341470      12.91          1   38.30784  -62.72494   0.000123   1924.999   1925.000    34.9714    27.7758  314.52757  315.34497     3.8813    1499.04    1499.05      0.572     21.890         44 0.0000e+00
      53941 206.745098   2247.493   1949.622     4.0434     4.0442     0.0008   3.341276   3.341409      19.09          1   38.30784  -62.72494   0.000142   1926.002   1926.000    34.9711    27.7757  314.53580  315.35333     3.8802    1499.06    1499.06      0.656     21.896         36 0.0000e+00
      53979 206.745117   2249.091   1950.639     4.0421     4.0428     0.0007   3.341203   3.341332      16.56          1   38.30784  -62.72495   0.000122   1926.996   1927.000    34.9712    27.7759  314.54560  315.36332     3.8788    1499.07    1499.07      0.698     21.901         36 0.0000e+00
      54009 206.745131   2250.328   1951.656     4.0425     4.0433     0.0007   3.341320   3.341441       1.62          1   38.30784  -62.72496   0.000122   1927.996   1928.000    34.9716    27.7762  314.54130  315.35898     3.8791    1499.09    1499.09      0.947     21.906         25 0.0000e+00
      54033 206.745143   2251.329   1952.673     4.0417     4.0425     0.0008   3.341274   3.341401      51.52          1   38.30784  -62.72496   0.000131   1929.001   1929.000    34.9715    27.7762  314.54794  315.36573     3.8782    1499.10    1499.11      0.978     21.911         25 0.0000e+00
      54061 206.745156   2252.504   1953.690     4.0403     4.0410     0.0007   3.341189   3.341316      31.11          1   38.30784  -62.72496   0.000130   1930.006   1930.000    34.9714    27.7763  314.55839  315.37638     3.8767    1499.11    1499.12      0.747     21.916         34 0.0000e+00
      54099 206.745175   2254.085   1954.707     4.0399     4.0406     0.0007   3.341201   3.341321      19.12          1   38.30784  -62.72496   0.000118   1930.997   1931.000    34.9715    27.7765  314.56130  315.37934     3.8762    1499.13    1499.13      0.658     21.922         37 0.0000e+00
      54132 206.745190   2255.444   1955.724     4.0393     4.0401     0.0007   3.341183   3.341320      59.16          1   38.30784  -62.72496   0.000141   1932.000   1932.000    34.9714    27.7764  314.56591  315.38404     3.8756    1499.14    1499.15      0.801     21.927         30 0.0000e+00
      54164 206.745206   2256.786   1956.741     4.0365     4.0372     0.0007   3.340961   3.341082       2.93          1   38.30784  -62.72496   0.000137   1933.003   1933.000    34.9713    27.7766  314.58749  315.40601     3.8727    1499.15    1499.15      0.679     21.932         37 0.0000e+00
      54201 206.745224   2258.335   1957.758     4.0341     4.0347     0.0006   3.340774   3.340897      20.85          1   38.30784  -62.72496   0.000132   1933.992   1934.000    34.9711    27.7768  314.60610  315.42497     3.8702    1499.16    1499.16      0.797     21.937         31 0.0000e+00
      54226 206.745236   2259.372   1958.775     4.0319     4.0326     0.0006   3.340613   3.340740       0.58          1   38.30784  -62.72496   0.000134   1935.001   1935.000    34.9711    27.7770  314.62289  315.44207     3.8680    1499.16    1499.17      1.003     21.942         23 0.0000e+00
      54259 206.745252   2260.750   1959.792     4.0310     4.0318     0.0008   3.340575   3.340696       0.60          1   38.30784  -62.72496   0.000121   1936.005   1936.000    34.9711    27.7771  314.62977  315.44908     3.8669    1499.18    1499.18      0.572     21.948         52 0.0000e+00
      54309 206.745276   2262.825   1960.809     4.0307     4.0314     0.0007   3.340590   3.340716      22.46          1   38.30784  -62.72496   0.000127   1936.987   1937.000    34.9711    27.7772  314.63195  315.45131     3.8666    1499.19    1499.20      0.799     21.953         30 0.0000e+00
      54331 206.745286   2263.730   1961.826     4.0290     4.0297     0.0007   3.340470   3.340598      28.36          1   38.30784  -62.72497   0.000140   1937.997   1938.000    34.9710    27.7772  314.64486  315.46445     3.8648    1499.20    1499.20      1.139     21.958         21 0.0000e+00
      54351 206.745296   2264.593   1962.843     4.0280     4.0287     0.0007   3.340422   3.340550       1.15          1   38.30784  -62.72498   0.000125   1939.008   1939.000    34.9710    27.7774  314.65280  315.47255     3.8637    1499.22    1499.22      1.060     21.963         22 0.0000e+00
      54386 206.745313   2266.039   1963.860     4.0274     4.0282     0.0008   3.340406   3.340536      40.19          1   38.30784  -62.72498   0.000130   1940.004   1940.000    34.9710    27.7774  314.65727  315.47709     3.8630    1499.23    1499.23      0.562     21.968         52 0.0000e+00
      54431 206.745335   2267.931   1964.877     4.0272     4.0279     0.0007   3.340435   3.340562      27.10          1   38.30787  -62.72498   0.000126   1940.990   1941.000    34.9710    27.7775  314.65854  315.47839     3.8627    1499.25    1499.25      0.853     21.973         28 0.0000e+00
      54454 206.745346   2268.862   1965.894     4.0267     4.0274     0.0007   3.340430   3.340559       0.84          1   38.30788  -62.72498   0.000133   1942.002   1942.000    34.9710    27.7775  314.66217  315.48209     3.8622    1499.26    1499.27      1.037     21.979         23 0.0000e+00
      54481 206.745359   2270.010   1966.911     4.0255     4.0263     0.0007   3.340368   3.340489       0.55          1   38.30788  -62.72498   0.000123   1943.008   1943.000    34.9710    27.7777  314.67118  315.49127     3.8609    1499.27    1499.28      0.710     21.984         37 0.0000e+00
      54524 206.745379   2271.781   1967.928     4.0251     4.0259     0.0008   3.340370   3.340502      20.23          1   38.30788  -62.72500   0.000129   1943.987   1944.000    34.9710    27.7777  314.67451  315.49467     3.8604    1499.29    1499.29      0.759     21.989         34 0.0000e+00
