ctd/proc/EN719_CTD05_avg.cnv
* Sea-Bird SBE 9 Data File:
* FileName = D:\ctd\raw\EN719_CTD05.hdr
* Software Version Seasave V 7.26.7.121
* Temperature SN = 4333
* Conductivity SN = 0864
* Number of Bytes Per Scan = 37
* Number of Voltage Words = 4
* Number of Scans Averaged by the Deck Unit = 1
* NMEA Latitude = 38 27.45 N
* NMEA Longitude = 063 30.31 W
* NMEA UTC (Time) = Jul 13 2024  00:46:43
* NMEA baud rate = 4800
** Ship: R/V Endeavor
** Cruise: EN719
** Principal Investigator: Chad Smith
** Chief Scientist: Chad Smith
** Project: NESMA24
** Cruise Start Date: 7 July 2024
** Ports: GSO, Narragansett RI to GSO, Narragansett RI
** Station:
** Bottom Depth: 4508
** Operator:  BKC
# nquan = 27
# nvalues = 1992                        
# units = specified
# name 0 = scan: Scan Count
# name 1 = timeJ: Julian Days
# name 2 = timeS: Time, Elapsed [seconds]
# name 3 = prDM: Pressure, Digiquartz [db]
# name 4 = t090C: Temperature [ITS-90, deg C]
# name 5 = t190C: Temperature, 2 [ITS-90, deg C]
# name 6 = T2-T190C: Temperature Difference, 2 - 1 [ITS-90, deg C]
# name 7 = c0S/m: Conductivity [S/m]
# name 8 = c1S/m: Conductivity, 2 [S/m]
# name 9 = altM: Altimeter [m]
# name 10 = pumps: Pump Status
# name 11 = latitude: Latitude [deg]
# name 12 = longitude: Longitude [deg]
# name 13 = C2-C1S/m: Conductivity Difference, 2 - 1 [S/m]
# name 14 = depSM: Depth [salt water, m]
# name 15 = depSM: Depth [salt water, m], lat = 38.4575
# name 16 = sal00: Salinity, Practical [PSU]
# name 17 = sigma-é00: Density [sigma-theta, kg/m^3]
# name 18 = oxsolMm/Kg: Oxygen Saturation, Garcia & Gordon [umol/kg]
# name 19 = oxsatMm/Kg: Oxygen Saturation, Weiss [umol/kg]
# name 20 = potemp090C: Potential Temperature [ITS-90, deg C]
# name 21 = svCM: Sound Velocity [Chen-Millero, m/s]
# name 22 = svCM1: Sound Velocity, 2 [Chen-Millero, m/s]
# name 23 = dz/dtM: Descent Rate [m/s], WS = 2
# name 24 = gpa: Geopotential Anomaly [J/kg]
# name 25 = nbin: number of scans per bin
# name 26 = flag: flag
# span 0 =       1322,      61331       
# span 1 = 195.033114, 195.062053       
# span 2 =     55.052,   2555.420       
# span 3 =      9.068,   2024.914       
# span 4 =     3.7281,    28.0597       
# span 5 =     3.7288,    28.0607       
# span 6 =    -0.0517,     0.0154       
# span 7 =   3.315320,   5.820377       
# span 8 =   3.315469,   5.820614       
# span 9 =      -9.11,      85.58       
# span 10 =          1,          1      
# span 11 =   38.44304,   38.45729      
# span 12 =  -63.50479,  -63.48639      
# span 13 =  -0.003503,   0.003952      
# span 14 =      9.003,   2000.022      
# span 15 =      9.000,   2000.000      
# span 16 =    34.9623,    36.8246      
# span 17 =    23.1397,    27.8010      
# span 18 =  195.04805,  316.95988      
# span 19 =  194.54647,  317.82297      
# span 20 =     3.5623,    28.0568      
# span 21 =    1487.16,    1543.07      
# span 22 =    1487.16,    1543.07      
# span 23 =      0.095,      1.496      
# span 24 =      0.235,     19.602      
# span 25 =         10,        873      
# span 26 = 0.0000e+00, 0.0000e+00      
# interval = meters: 1                  
# start_time = Jul 13 2024 00:46:46 [System UTC, header]
# bad_flag = -9.990e-29
*END*
[from data line 1021]
      33120 195.048449   1379.959   1040.407     4.9499     4.9513     0.0015   3.389426   3.389508       0.52          1   38.44932  -63.49532   0.000093   1029.997   1030.000    35.0233    27.7097  307.68990  308.38395     4.8624    1487.70    1487.70      0.959     14.847         24 0.0000e+00
      33144 195.048460   1380.938   1041.420     4.9484     4.9502     0.0019   3.389341   3.389439      24.40          1   38.44931  -63.49531   0.000095   1031.003   1031.000    35.0233    27.7100  307.70058  308.39482     4.8608    1487.71    1487.71      0.983     14.852         24 0.0000e+00
      33172 195.048473   1382.105   1042.433     4.9474     4.9491     0.0018   3.389283   3.389386      37.04          1   38.44930  -63.49530   0.000107   1032.004   1032.000    35.0232    27.7100  307.70813  308.40250     4.8597    1487.72    1487.72      0.783     14.857         33 0.0000e+00
      33205 195.048489   1383.490   1043.445     4.9463     4.9480     0.0016   3.389226   3.389314       0.39          1   38.44929  -63.49528   0.000090   1033.000   1033.000    35.0231    27.7101  307.71587  308.41037     4.8586    1487.73    1487.74      0.744     14.862         32 0.0000e+00
      33236 195.048505   1384.804   1044.458     4.9450     4.9462     0.0012   3.389155   3.389199      19.32          1   38.44928  -63.49527   0.000050   1033.998   1034.000    35.0232    27.7103  307.72538  308.42007     4.8572    1487.74    1487.75      0.812     14.867         31 0.0000e+00
      33264 195.048518   1385.963   1045.470     4.9445     4.9460     0.0015   3.389150   3.389235       0.50          1   38.44928  -63.49526   0.000085   1034.997   1035.000    35.0231    27.7103  307.72899  308.42373     4.8566    1487.76    1487.76      0.962     14.873         25 0.0000e+00
      33288 195.048529   1386.940   1046.483     4.9440     4.9447     0.0006   3.389141   3.389148       0.78          1   38.44927  -63.49526   0.000016   1036.002   1036.000    35.0230    27.7103  307.73274  308.42755     4.8561    1487.77    1487.77      1.034     14.878         23 0.0000e+00
      33312 195.048541   1387.962   1047.496     4.9431     4.9441     0.0010   3.389098   3.389134      21.80          1   38.44926  -63.49526   0.000039   1037.004   1037.000    35.0230    27.7104  307.73958  308.43451     4.8550    1487.79    1487.79      0.914     14.883         27 0.0000e+00
      33341 195.048555   1389.183   1048.509     4.9415     4.9431     0.0016   3.388987   3.389078       1.11          1   38.44924  -63.49524   0.000096   1038.002   1038.000    35.0229    27.7105  307.75131  308.44645     4.8534    1487.80    1487.80      0.787     14.888         31 0.0000e+00
      33374 195.048571   1390.545   1049.521     4.9411     4.9420     0.0010   3.388994   3.389014      18.05          1   38.44924  -63.49524   0.000025   1039.002   1039.000    35.0230    27.7106  307.75470  308.44991     4.8528    1487.81    1487.81      0.713     14.893         34 0.0000e+00
      33408 195.048587   1391.944   1050.534     4.9389     4.9403     0.0014   3.388829   3.388905       9.14          1   38.44924  -63.49524   0.000074   1039.997   1040.000    35.0228    27.7107  307.77054  308.46601     4.8506    1487.82    1487.82      0.803     14.898         31 0.0000e+00
      33435 195.048601   1393.083   1051.546     4.9393     4.9407     0.0014   3.388921   3.388982      38.14          1   38.44922  -63.49522   0.000056   1041.000   1041.000    35.0230    27.7108  307.76760  308.46304     4.8509    1487.84    1487.84      0.931     14.903         25 0.0000e+00
      33461 195.048613   1394.170   1052.559     4.9382     4.9390     0.0008   3.388837   3.388854       1.09          1   38.44922  -63.49522   0.000037   1042.003   1042.000    35.0226    27.7107  307.77632  308.47190     4.8497    1487.85    1487.85      0.873     14.908         28 0.0000e+00
      33492 195.048628   1395.446   1053.572     4.9359     4.9376     0.0017   3.388687   3.388773       0.54          1   38.44922  -63.49521   0.000083   1043.001   1043.000    35.0227    27.7111  307.79236  308.48824     4.8474    1487.86    1487.86      0.773     14.914         32 0.0000e+00
      33522 195.048642   1396.693   1054.584     4.9354     4.9370     0.0016   3.388675   3.388758       0.52          1   38.44922  -63.49520   0.000080   1043.996   1044.000    35.0227    27.7111  307.79648  308.49242     4.8468    1487.87    1487.88      0.918     14.919         27 0.0000e+00
      33545 195.048654   1397.685   1055.597     4.9345     4.9361     0.0016   3.388612   3.388707      27.41          1   38.44922  -63.49520   0.000116   1045.000   1045.000    35.0223    27.7109  307.80352  308.49957     4.8458    1487.88    1487.89      1.045     14.924         22 0.0000e+00
      33571 195.048666   1398.754   1056.610     4.9326     4.9340     0.0015   3.388474   3.388558       2.85          1   38.44921  -63.49519   0.000085   1046.010   1046.000    35.0223    27.7111  307.81800  308.51431     4.8438    1487.89    1487.90      0.761     14.929         34 0.0000e+00
      33614 195.048687   1400.554   1057.623     4.9321     4.9330     0.0009   3.388470   3.388492       0.71          1   38.44920  -63.49518   0.000028   1046.991   1047.000    35.0223    27.7112  307.82172  308.51810     4.8431    1487.91    1487.91      0.628     14.934         39 0.0000e+00
      33641 195.048700   1401.683   1058.635     4.9287     4.9293     0.0006   3.388174   3.388188       0.52          1   38.44920  -63.49518   0.000037   1047.995   1048.000    35.0219    27.7112  307.84704  308.54385     4.8397    1487.91    1487.91      1.075     14.939         22 0.0000e+00
      33662 195.048710   1402.547   1059.648     4.9276     4.9289     0.0013   3.388126   3.388205       0.62          1   38.44920  -63.49518   0.000083   1049.005   1049.000    35.0220    27.7115  307.85490  308.55186     4.8386    1487.92    1487.93      1.119     14.944         21 0.0000e+00
      33686 195.048722   1403.562   1060.661     4.9257     4.9269     0.0012   3.387986   3.388033       0.62          1   38.44918  -63.49516   0.000075   1050.008   1050.000    35.0218    27.7116  307.86899  308.56620     4.8366    1487.93    1487.94      0.859     14.949         30 0.0000e+00
      33720 195.048738   1404.974   1061.673     4.9183     4.9194     0.0011   3.387302   3.387365      32.83          1   38.44917  -63.49516   0.000078   1050.998   1051.000    35.0212    27.7119  307.92471  308.62290     4.8291    1487.92    1487.92      0.729     14.955         34 0.0000e+00
      33750 195.048752   1406.206   1062.686     4.9149     4.9156     0.0006   3.387002   3.387037      28.23          1   38.44916  -63.49514   0.000095   1051.999   1052.000    35.0207    27.7120  307.95011  308.64872     4.8257    1487.92    1487.92      0.892     14.960         26 0.0000e+00
      33777 195.048766   1407.338   1063.699     4.9016     4.9025     0.0010   3.385764   3.385828      21.10          1   38.44916  -63.49514   0.000111   1053.004   1053.000    35.0199    27.7128  308.04935  308.74972     4.8124    1487.88    1487.88      0.838     14.965         30 0.0000e+00
      33808 195.048780   1408.620   1064.711     4.8981     4.8990     0.0009   3.385513   3.385543       0.36          1   38.44917  -63.49511   0.000045   1053.998   1054.000    35.0200    27.7133  308.07394  308.77477     4.8089    1487.88    1487.89      0.811     14.970         30 0.0000e+00
      33836 195.048794   1409.793   1065.724     4.8954     4.8961     0.0007   3.385285   3.385303       0.57          1   38.44917  -63.49510   0.000027   1055.001   1055.000    35.0198    27.7135  308.09476  308.79595     4.8060    1487.89    1487.89      0.886     14.975         27 0.0000e+00
      33864 195.048807   1410.949   1066.737     4.8926     4.8938     0.0011   3.385062   3.385121       9.59          1   38.44916  -63.49510   0.000090   1056.003   1056.000    35.0196    27.7136  308.11521  308.81676     4.8032    1487.89    1487.90      0.852     14.980         29 0.0000e+00
      33893 195.048821   1412.150   1067.750     4.8837     4.8844     0.0007   3.384223   3.384264      12.21          1   38.44916  -63.49508   0.000094   1056.998   1057.000    35.0187    27.7140  308.18232  308.88504     4.7943    1487.87    1487.88      0.874     14.985         28 0.0000e+00
      33919 195.048834   1413.256   1068.762     4.8715     4.8717     0.0002   3.383029   3.383048      24.42          1   38.44914  -63.49508   0.000176   1058.000   1058.000    35.0172    27.7142  308.27505  308.97936     4.7821    1487.84    1487.84      0.948     14.990         25 0.0000e+00
      33944 195.048846   1414.307   1069.775     4.8498     4.8504     0.0006   3.381045   3.381094       0.71          1   38.44914  -63.49506   0.000118   1059.003   1059.000    35.0164    27.7160  308.43503  309.14221     4.7605    1487.77    1487.77      0.913     14.995         26 0.0000e+00
      33976 195.048862   1415.644   1070.788     4.8335     4.8337     0.0002   3.379525   3.379523      14.49          1   38.44913  -63.49506   0.000073   1060.005   1060.000    35.0154    27.7170  308.55691  309.26625     4.7442    1487.71    1487.72      0.639     15.001         41 0.0000e+00
      34017 195.048881   1417.353   1071.801     4.8234     4.8245     0.0011   3.378643   3.378693      37.88          1   38.44912  -63.49504   0.000073   1060.993   1061.000    35.0152    27.7181  308.63100  309.34169     4.7341    1487.69    1487.69      0.744     15.006         33 0.0000e+00
      34043 195.048894   1418.423   1072.813     4.8175     4.8187     0.0012   3.378120   3.378192       0.00          1   38.44912  -63.49504   0.000099   1061.995   1062.000    35.0149    27.7184  308.67510  309.38657     4.7282    1487.68    1487.69      1.091     15.011         22 0.0000e+00
      34063 195.048903   1419.270   1073.826     4.8142     4.8154     0.0011   3.377855   3.377925       0.62          1   38.44910  -63.49502   0.000085   1063.002   1063.000    35.0147    27.7187  308.69921  309.41110     4.7248    1487.68    1487.69      1.169     15.016         20 0.0000e+00
      34085 195.048914   1420.180   1074.839     4.8129     4.8142     0.0013   3.377785   3.377863       0.61          1   38.44908  -63.49502   0.000092   1064.008   1064.000    35.0148    27.7189  308.70892  309.42101     4.7234    1487.70    1487.70      0.987     15.021         25 0.0000e+00
      34117 195.048929   1421.493   1075.852     4.8080     4.8092     0.0012   3.377351   3.377412      15.60          1   38.44907  -63.49500   0.000074   1065.004   1065.000    35.0144    27.7191  308.74553  309.45825     4.7185    1487.69    1487.70      0.663     15.026         39 0.0000e+00
      34156 195.048948   1423.142   1076.865     4.8067     4.8082     0.0015   3.377286   3.377367       0.03          1   38.44906  -63.49500   0.000084   1065.997   1066.000    35.0145    27.7194  308.75494  309.46785     4.7171    1487.70    1487.71      0.688     15.031         35 0.0000e+00
      34186 195.048963   1424.389   1077.877     4.8055     4.8067     0.0012   3.377218   3.377279       0.67          1   38.44906  -63.49498   0.000070   1066.996   1067.000    35.0144    27.7195  308.76358  309.47664     4.7158    1487.72    1487.72      0.973     15.036         25 0.0000e+00
      34208 195.048973   1425.312   1078.890     4.8038     4.8052     0.0014   3.377107   3.377176       0.57          1   38.44906  -63.49498   0.000078   1067.999   1068.000    35.0144    27.7197  308.77615  309.48944     4.7140    1487.73    1487.73      1.124     15.041         21 0.0000e+00
      34230 195.048984   1426.223   1079.903     4.7993     4.8003     0.0010   3.376691   3.376747       0.49          1   38.44906  -63.49498   0.000096   1069.008   1069.000    35.0138    27.7197  308.81053  309.52440     4.7095    1487.72    1487.73      0.985     15.046         25 0.0000e+00
      34262 195.048999   1427.552   1080.916     4.7960     4.7973     0.0013   3.376446   3.376514      26.61          1   38.44905  -63.49498   0.000071   1070.003   1070.000    35.0139    27.7202  308.83438  309.54870     4.7061    1487.73    1487.73      0.664     15.051         39 0.0000e+00
      34299 195.049017   1429.066   1081.929     4.7949     4.7964     0.0015   3.376399   3.376478      45.31          1   38.44904  -63.49497   0.000082   1070.994   1071.000    35.0140    27.7204  308.84236  309.55684     4.7049    1487.74    1487.74      0.818     15.056         30 0.0000e+00
      34324 195.049029   1430.129   1082.941     4.7938     4.7951     0.0013   3.376327   3.376408       0.43          1   38.44904  -63.49496   0.000087   1072.001   1072.000    35.0138    27.7204  308.85059  309.56520     4.7038    1487.75    1487.76      1.003     15.061         23 0.0000e+00
      34348 195.049041   1431.132   1083.954     4.7924     4.7939     0.0015   3.376244   3.376339       0.90          1   38.44902  -63.49494   0.000102   1073.004   1073.000    35.0138    27.7206  308.86091  309.57571     4.7023    1487.76    1487.77      0.936     15.066         26 0.0000e+00
      34377 195.049055   1432.351   1084.967     4.7909     4.7923     0.0014   3.376140   3.376229       0.55          1   38.44902  -63.49494   0.000099   1074.001   1074.000    35.0137    27.7206  308.87228  309.58728     4.7007    1487.77    1487.78      0.795     15.071         32 0.0000e+00
      34407 195.049069   1433.600   1085.980     4.7876     4.7885     0.0009   3.375866   3.375910       0.65          1   38.44902  -63.49494   0.000069   1074.999   1075.000    35.0135    27.7208  308.89702  309.61247     4.6973    1487.78    1487.78      0.855     15.076         28 0.0000e+00
      34435 195.049083   1434.740   1086.993     4.7806     4.7815     0.0010   3.375216   3.375283       7.13          1   38.44902  -63.49494   0.000113   1076.000   1076.000    35.0128    27.7211  308.95022  309.66659     4.6903    1487.76    1487.77      0.919     15.081         26 0.0000e+00
      34460 195.049095   1435.808   1088.005     4.7736     4.7742     0.0006   3.374591   3.374630      16.87          1   38.44901  -63.49493   0.000099   1077.001   1077.000    35.0124    27.7216  309.00241  309.71971     4.6832    1487.75    1487.75      0.930     15.086         26 0.0000e+00
      34489 195.049109   1436.987   1089.018     4.7614     4.7623     0.0009   3.373487   3.373538      18.65          1   38.44900  -63.49492   0.000091   1078.005   1078.000    35.0118    27.7225  309.09291  309.81183     4.6710    1487.72    1487.72      0.776     15.091         32 0.0000e+00
      34522 195.049125   1438.387   1090.031     4.7576     4.7590     0.0014   3.373191   3.373271      19.36          1   38.44900  -63.49490   0.000088   1078.997   1079.000    35.0119    27.7230  309.12082  309.84026     4.6672    1487.72    1487.72      0.782     15.096         32 0.0000e+00
      34550 195.049138   1439.523   1091.044     4.7565     4.7578     0.0014   3.373147   3.373222      25.76          1   38.44899  -63.49490   0.000078   1079.996   1080.000    35.0120    27.7232  309.12860  309.84820     4.6660    1487.73    1487.74      1.004     15.101         24 0.0000e+00
      34572 195.049149   1440.459   1092.057     4.7551     4.7564     0.0013   3.373039   3.373136       1.12          1   38.44898  -63.49490   0.000105   1081.004   1081.000    35.0117    27.7232  309.13938  309.85915     4.6645    1487.74    1487.75      1.056     15.106         22 0.0000e+00
