ctd/proc/EN719_CTD03_avg.cnv
* Sea-Bird SBE 9 Data File:
* FileName = D:\ctd\raw\EN719_CTD03.hdr
* Software Version Seasave V 7.26.7.121
* Temperature SN = 4333
* Conductivity SN = 0864
* Number of Bytes Per Scan = 37
* Number of Voltage Words = 4
* Number of Scans Averaged by the Deck Unit = 1
* NMEA Latitude = 38 13.58 N
* NMEA Longitude = 063 48.11 W
* NMEA UTC (Time) = Jul 11 2024  23:25:02
* NMEA baud rate = 4800
** Ship: R/V Endeavor
** Cruise: EN719
** Principal Investigator: Chad Smith
** Chief Scientist: Chad Smith
** Project: NESMA24
** Cruise Start Date: 7 July 2024
** Ports: GSO, Narragansett RI to GSO, Narragansett RI
** Station:
** Bottom Depth: 4984
** Operator:  jAdams
# nquan = 27
# nvalues = 1494                        
# units = specified
# name 0 = scan: Scan Count
# name 1 = timeJ: Julian Days
# name 2 = timeS: Time, Elapsed [seconds]
# name 3 = prDM: Pressure, Digiquartz [db]
# name 4 = t090C: Temperature [ITS-90, deg C]
# name 5 = t190C: Temperature, 2 [ITS-90, deg C]
# name 6 = T2-T190C: Temperature Difference, 2 - 1 [ITS-90, deg C]
# name 7 = c0S/m: Conductivity [S/m]
# name 8 = c1S/m: Conductivity, 2 [S/m]
# name 9 = altM: Altimeter [m]
# name 10 = pumps: Pump Status
# name 11 = latitude: Latitude [deg]
# name 12 = longitude: Longitude [deg]
# name 13 = C2-C1S/m: Conductivity Difference, 2 - 1 [S/m]
# name 14 = depSM: Depth [salt water, m]
# name 15 = depSM: Depth [salt water, m], lat = 38.2263
# name 16 = sal00: Salinity, Practical [PSU]
# name 17 = sigma-é00: Density [sigma-theta, kg/m^3]
# name 18 = oxsolMm/Kg: Oxygen Saturation, Garcia & Gordon [umol/kg]
# name 19 = oxsatMm/Kg: Oxygen Saturation, Weiss [umol/kg]
# name 20 = potemp090C: Potential Temperature [ITS-90, deg C]
# name 21 = svCM: Sound Velocity [Chen-Millero, m/s]
# name 22 = svCM1: Sound Velocity, 2 [Chen-Millero, m/s]
# name 23 = dz/dtM: Descent Rate [m/s], WS = 2
# name 24 = gpa: Geopotential Anomaly [J/kg]
# name 25 = nbin: number of scans per bin
# name 26 = flag: flag
# span 0 =       -537,      45069       
# span 1 = 193.975481, 193.997475       
# span 2 =    -22.431,   1877.825       
# span 3 =      7.053,   1516.839       
# span 4 =     4.1781,    28.2814       
# span 5 =     4.1790,    28.2825       
# span 6 =    -0.0523,     2.9969       
# span 7 =   3.336014,   5.858303       
# span 8 =   3.336119,   5.858300       
# span 9 =     -26.45,     123.42       
# span 10 =          1,          1      
# span 11 =   38.21486,   38.22635      
# span 12 =  -63.80209,  -63.77961      
# span 13 =  -0.003028,   0.005035      
# span 14 =      6.981,   1500.013      
# span 15 =      7.000,   1500.000      
# span 16 =    34.9765,    36.9346      
# span 17 =    23.3806,    27.7619      
# span 18 =  194.21379,  313.50762      
# span 19 =  193.71592,  314.30613      
# span 20 =     4.0544,    28.2772      
# span 21 =    1488.29,    1543.93      
# span 22 =    1488.30,    1543.92      
# span 23 =     -4.814,    373.785      
# span 24 =     -0.109,     20.784      
# span 25 =          1,        555      
# span 26 = 0.0000e+00, 0.0000e+00      
# interval = meters: 1                  
# start_time = Jul 11 2024 23:25:04 [System UTC, header]
# bad_flag = -9.990e-29
*END*
[from data line 1235]
      35996 193.993099   1499.792   1255.164     4.6393     4.6407     0.0014   3.369446   3.369540      18.86          1   38.21708  -63.78418   0.000128   1242.001   1242.000    35.0105    27.7367  309.99350  310.72894     4.5348    1489.97    1489.98      1.048     19.471         23 0.0000e+00
      36028 193.993115   1501.119   1256.178     4.6354     4.6367     0.0013   3.369130   3.369216      15.40          1   38.21706  -63.78416   0.000097   1243.008   1243.000    35.0104    27.7371  310.02230  310.75826     4.5309    1489.98    1489.98      0.580     19.477         55 0.0000e+00
      36090 193.993145   1503.714   1257.192     4.6329     4.6338     0.0009   3.368930   3.368980      16.40          1   38.21705  -63.78413   0.000058   1243.986   1244.000    35.0103    27.7373  310.04151  310.77782     4.5283    1489.98    1489.98      0.657     19.482         38 0.0000e+00
      36111 193.993155   1504.590   1258.205     4.6315     4.6328     0.0012   3.368849   3.368927       0.54          1   38.21704  -63.78412   0.000077   1244.996   1245.000    35.0102    27.7374  310.05142  310.78791     4.5268    1489.99    1490.00      1.137     19.487         21 0.0000e+00
      36131 193.993165   1505.414   1259.219     4.6313     4.6326     0.0013   3.368852   3.368953       0.64          1   38.21704  -63.78411   0.000109   1246.002   1246.000    35.0101    27.7373  310.05385  310.79037     4.5265    1490.01    1490.01      1.222     19.492         19 0.0000e+00
      36151 193.993174   1506.252   1260.233     4.6298     4.6311     0.0013   3.368740   3.368845       0.55          1   38.21703  -63.78410   0.000107   1247.003   1247.000    35.0098    27.7373  310.06524  310.80195     4.5249    1490.02    1490.02      1.170     19.497         21 0.0000e+00
      36173 193.993185   1507.164   1261.246     4.6271     4.6279     0.0008   3.368506   3.368542      25.24          1   38.21702  -63.78409   0.000073   1248.008   1248.000    35.0094    27.7372  310.08597  310.82303     4.5222    1490.02    1490.03      0.987     19.502         24 0.0000e+00
      36222 193.993209   1509.227   1262.260     4.6225     4.6233     0.0008   3.368098   3.368145       8.65          1   38.21701  -63.78406   0.000055   1249.001   1249.000    35.0090    27.7375  310.12122  310.85892     4.5175    1490.02    1490.02      0.370     19.507         73 0.0000e+00
      36271 193.993232   1511.239   1263.274     4.6201     4.6214     0.0013   3.367914   3.367999       0.38          1   38.21700  -63.78404   0.000090   1249.989   1250.000    35.0089    27.7376  310.13901  310.87702     4.5151    1490.03    1490.03      1.082     19.512         22 0.0000e+00
      36289 193.993241   1512.002   1264.287     4.6174     4.6185     0.0011   3.367671   3.367766      38.82          1   38.21700  -63.78404   0.000129   1250.998   1251.000    35.0084    27.7376  310.16022  310.89858     4.5123    1490.03    1490.04      1.341     19.517         17 0.0000e+00
      36307 193.993249   1512.730   1265.301     4.6160     4.6180     0.0019   3.367616   3.367732      66.45          1   38.21700  -63.78402   0.000102   1252.009   1252.000    35.0087    27.7379  310.16949  310.90805     4.5108    1490.04    1490.05      1.241     19.522         19 0.0000e+00
      36337 193.993264   1514.020   1266.315     4.6152     4.6167     0.0015   3.367574   3.367658      27.49          1   38.21698  -63.78400   0.000086   1253.009   1253.000    35.0085    27.7379  310.17591  310.91458     4.5099    1490.06    1490.06      0.614     19.527         52 0.0000e+00
      36395 193.993292   1516.431   1267.328     4.6142     4.6154     0.0012   3.367503   3.367599       9.43          1   38.21697  -63.78398   0.000099   1253.990   1254.000    35.0083    27.7379  310.18396  310.92275     4.5088    1490.07    1490.08      0.601     19.532         41 0.0000e+00
      36422 193.993305   1517.523   1268.342     4.6133     4.6147     0.0014   3.367489   3.367574      37.04          1   38.21697  -63.78397   0.000082   1254.995   1255.000    35.0085    27.7381  310.18970  310.92862     4.5079    1490.08    1490.09      1.096     19.537         22 0.0000e+00
      36441 193.993314   1518.339   1269.356     4.6121     4.6132     0.0011   3.367388   3.367468      31.54          1   38.21698  -63.78396   0.000103   1256.001   1256.000    35.0081    27.7380  310.19952  310.93859     4.5066    1490.10    1490.10      1.226     19.542         19 0.0000e+00
      36462 193.993324   1519.196   1270.369     4.6093     4.6105     0.0013   3.367158   3.367246       1.67          1   38.21697  -63.78396   0.000101   1257.011   1257.000    35.0079    27.7381  310.22104  310.96050     4.5037    1490.10    1490.11      1.015     19.547         24 0.0000e+00
      36496 193.993340   1520.616   1271.383     4.6076     4.6089     0.0013   3.367040   3.367131       0.65          1   38.21696  -63.78395   0.000095   1258.003   1258.000    35.0078    27.7383  310.23390  310.97359     4.5019    1490.11    1490.11      0.601     19.552         44 0.0000e+00
      36537 193.993360   1522.335   1272.397     4.6067     4.6078     0.0011   3.367002   3.367083      30.75          1   38.21695  -63.78391   0.000079   1258.998   1259.000    35.0078    27.7383  310.24021  310.98002     4.5010    1490.12    1490.13      0.688     19.557         35 0.0000e+00
      36568 193.993375   1523.611   1273.410     4.6064     4.6080     0.0016   3.367020   3.367120      30.31          1   38.21694  -63.78390   0.000098   1259.995   1260.000    35.0078    27.7384  310.24249  310.98234     4.5006    1490.14    1490.15      0.929     19.562         26 0.0000e+00
      36591 193.993386   1524.593   1274.424     4.6065     4.6081     0.0015   3.367074   3.367184      25.67          1   38.21693  -63.78389   0.000105   1261.003   1261.000    35.0078    27.7384  310.24150  310.98133     4.5006    1490.16    1490.16      0.995     19.567         24 0.0000e+00
      36625 193.993403   1525.996   1275.438     4.6062     4.6075     0.0013   3.367074   3.367169       3.38          1   38.21692  -63.78387   0.000094   1262.006   1262.000    35.0077    27.7384  310.24451  310.98439     4.5001    1490.17    1490.18      0.566     19.572         51 0.0000e+00
      36673 193.993426   1528.003   1276.452     4.6045     4.6048     0.0003   3.366927   3.366941      14.96          1   38.21692  -63.78384   0.000052   1262.989   1263.000    35.0073    27.7382  310.25804  310.99813     4.4984    1490.18    1490.18      0.807     19.577         31 0.0000e+00
      36695 193.993437   1528.925   1277.465     4.5975     4.5985     0.0010   3.366301   3.366378      41.41          1   38.21690  -63.78384   0.000102   1263.996   1264.000    35.0068    27.7386  310.31047  311.05150     4.4914    1490.17    1490.17      1.193     19.582         19 0.0000e+00
      36714 193.993446   1529.713   1278.479     4.5949     4.5956     0.0007   3.366079   3.366140       1.44          1   38.21690  -63.78382   0.000090   1265.006   1265.000    35.0064    27.7386  310.33038  311.07176     4.4888    1490.17    1490.18      1.193     19.587         20 0.0000e+00
      36740 193.993458   1530.791   1279.493     4.5905     4.5912     0.0007   3.365694   3.365714      20.29          1   38.21689  -63.78381   0.000059   1266.011   1266.000    35.0061    27.7389  310.36408  311.10605     4.4842    1490.17    1490.18      0.739     19.592         37 0.0000e+00
      36786 193.993480   1532.711   1280.506     4.5811     4.5818     0.0007   3.364767   3.364829       8.33          1   38.21687  -63.78379   0.000100   1266.994   1267.000    35.0046    27.7387  310.43667  311.17988     4.4749    1490.15    1490.15      0.574     19.597         42 0.0000e+00
      36819 193.993496   1534.065   1281.520     4.5718     4.5727     0.0009   3.363903   3.363975      21.40          1   38.21686  -63.78378   0.000099   1268.000   1268.000    35.0039    27.7392  310.50764  311.25212     4.4655    1490.13    1490.13      0.821     19.603         29 0.0000e+00
      36847 193.993510   1535.240   1282.534     4.5652     4.5664     0.0011   3.363311   3.363383      18.82          1   38.21686  -63.78377   0.000100   1269.001   1269.000    35.0034    27.7395  310.55709  311.30244     4.4589    1490.12    1490.12      0.876     19.608         28 0.0000e+00
      36875 193.993523   1536.408   1283.548     4.5587     4.5595     0.0008   3.362692   3.362764       3.57          1   38.21685  -63.78375   0.000125   1270.002   1270.000    35.0025    27.7395  310.60736  311.35358     4.4524    1490.10    1490.11      0.842     19.613         29 0.0000e+00
      36905 193.993538   1537.656   1284.562     4.5518     4.5523     0.0006   3.362101   3.362131       0.63          1   38.21684  -63.78374   0.000063   1271.001   1271.000    35.0024    27.7402  310.65894  311.40611     4.4455    1490.09    1490.10      0.803     19.618         31 0.0000e+00
      36934 193.993552   1538.889   1285.575     4.5458     4.5470     0.0012   3.361553   3.361641       0.46          1   38.21684  -63.78372   0.000123   1271.999   1272.000    35.0018    27.7404  310.70461  311.45258     4.4394    1490.08    1490.09      0.879     19.623         27 0.0000e+00
      36961 193.993565   1539.985   1286.589     4.5401     4.5415     0.0014   3.361079   3.361167       0.54          1   38.21686  -63.78372   0.000103   1273.003   1273.000    35.0018    27.7410  310.74699  311.49575     4.4337    1490.08    1490.08      0.890     19.628         27 0.0000e+00
      36993 193.993580   1541.330   1287.603     4.5354     4.5362     0.0009   3.360656   3.360717       0.60          1   38.21687  -63.78370   0.000083   1274.005   1274.000    35.0013    27.7411  310.78296  311.53234     4.4289    1490.07    1490.08      0.645     19.633         40 0.0000e+00
      37033 193.993600   1542.999   1288.617     4.5326     4.5338     0.0012   3.360454   3.360536       0.51          1   38.21688  -63.78368   0.000085   1274.996   1275.000    35.0013    27.7415  310.80338  311.55315     4.4261    1490.08    1490.08      0.704     19.638         34 0.0000e+00
      37063 193.993614   1544.236   1289.630     4.5317     4.5332     0.0015   3.360407   3.360505      21.95          1   38.21688  -63.78367   0.000097   1276.000   1276.000    35.0012    27.7415  310.81045  311.56034     4.4251    1490.09    1490.10      0.864     19.643         28 0.0000e+00
      37091 193.993628   1545.424   1290.644     4.5313     4.5329     0.0016   3.360426   3.360533       1.10          1   38.21688  -63.78365   0.000107   1277.005   1277.000    35.0013    27.7417  310.81285  311.56279     4.4246    1490.11    1490.11      0.784     19.648         31 0.0000e+00
      37126 193.993644   1546.855   1291.658     4.5306     4.5319     0.0013   3.360393   3.360494      17.39          1   38.21686  -63.78364   0.000101   1277.999   1278.000    35.0012    27.7416  310.81846  311.56851     4.4238    1490.12    1490.13      0.719     19.653         35 0.0000e+00
      37156 193.993659   1548.114   1292.672     4.5303     4.5317     0.0014   3.360411   3.360503       0.13          1   38.21686  -63.78362   0.000090   1278.994   1279.000    35.0013    27.7417  310.82071  311.57080     4.4234    1490.14    1490.14      0.970     19.658         25 0.0000e+00
      37178 193.993669   1549.031   1293.686     4.5304     4.5317     0.0013   3.360466   3.360560       0.61          1   38.21684  -63.78362   0.000091   1279.999   1280.000    35.0013    27.7418  310.82003  311.57012     4.4234    1490.15    1490.16      1.153     19.663         20 0.0000e+00
      37199 193.993679   1549.899   1294.699     4.5303     4.5318     0.0014   3.360510   3.360607      26.25          1   38.21684  -63.78360   0.000094   1281.008   1281.000    35.0014    27.7418  310.82031  311.57040     4.4232    1490.17    1490.18      1.041     19.668         23 0.0000e+00
      37237 193.993698   1551.487   1295.713     4.5304     4.5317     0.0013   3.360545   3.360638      24.00          1   38.21681  -63.78359   0.000090   1282.006   1282.000    35.0012    27.7417  310.82019  311.57026     4.4232    1490.19    1490.19      0.498     19.673         61 0.0000e+00
      37294 193.993725   1553.867   1296.727     4.5307     4.5319     0.0012   3.360626   3.360723       9.73          1   38.21678  -63.78356   0.000096   1282.991   1283.000    35.0013    27.7418  310.81739  311.56742     4.4235    1490.21    1490.21      0.715     19.678         36 0.0000e+00
      37318 193.993737   1554.854   1297.741     4.5305     4.5320     0.0015   3.360654   3.360765      49.49          1   38.21678  -63.78354   0.000106   1283.992   1284.000    35.0014    27.7418  310.81896  311.56902     4.4232    1490.22    1490.23      1.197     19.683         19 0.0000e+00
      37336 193.993746   1555.605   1298.755     4.5307     4.5319     0.0012   3.360712   3.360820      16.19          1   38.21676  -63.78354   0.000105   1285.000   1285.000    35.0014    27.7418  310.81776  311.56780     4.4232    1490.24    1490.25      1.348     19.688         18 0.0000e+00
      37354 193.993754   1556.356   1299.768     4.5303     4.5315     0.0013   3.360708   3.360811      25.57          1   38.21676  -63.78353   0.000100   1286.013   1286.000    35.0013    27.7418  310.82097  311.57106     4.4227    1490.26    1490.26      1.166     19.693         20 0.0000e+00
      37392 193.993773   1557.971   1300.782     4.5299     4.5312     0.0013   3.360713   3.360812      21.12          1   38.21675  -63.78351   0.000099   1287.006   1287.000    35.0012    27.7418  310.82380  311.57394     4.4223    1490.27    1490.28      0.489     19.698         64 0.0000e+00
      37451 193.993801   1560.425   1301.796     4.5299     4.5310     0.0011   3.360762   3.360852      33.93          1   38.21674  -63.78348   0.000090   1287.993   1288.000    35.0012    27.7418  310.82345  311.57359     4.4222    1490.29    1490.29      0.689     19.703         37 0.0000e+00
      37476 193.993813   1561.479   1302.810     4.5297     4.5311     0.0013   3.360790   3.360885      -0.52          1   38.21673  -63.78347   0.000091   1288.990   1289.000    35.0013    27.7419  310.82499  311.57517     4.4219    1490.31    1490.31      1.194     19.708         20 0.0000e+00
      37494 193.993822   1562.207   1303.824     4.5289     4.5292     0.0003   3.360728   3.360765       0.69          1   38.21672  -63.78346   0.000078   1289.995   1290.000    35.0009    27.7417  310.83184  311.58211     4.4210    1490.32    1490.32      1.470     19.713         16 0.0000e+00
      37509 193.993829   1562.850   1304.838     4.5252     4.5257     0.0004   3.360407   3.360453      14.72          1   38.21672  -63.78346   0.000074   1291.006   1291.000    35.0005    27.7418  310.86002  311.61078     4.4173    1490.32    1490.32      1.473     19.718         16 0.0000e+00
      37553 193.993850   1564.647   1305.852     4.5216     4.5218     0.0002   3.360113   3.360116      12.38          1   38.21670  -63.78342   0.000016   1292.004   1292.000    35.0004    27.7421  310.88685  311.63810     4.4136    1490.32    1490.32      0.513     19.724         88 0.0000e+00
      37617 193.993881   1567.346   1306.865     4.5168     4.5179     0.0011   3.359695   3.359801      30.97          1   38.21667  -63.78338   0.000118   1292.985   1293.000    35.0001    27.7424  310.92351  311.67542     4.4087    1490.32    1490.32      1.227     19.730         20 0.0000e+00
      37633 193.993889   1567.988   1307.879     4.5155     4.5166     0.0011   3.359631   3.359729       0.06          1   38.21666  -63.78338   0.000107   1293.993   1294.000    35.0002    27.7426  310.93262  311.68471     4.4074    1490.33    1490.33      1.570     19.735         14 0.0000e+00
