ctd/proc/EN719_CTD06_avg.cnv
* Sea-Bird SBE 9 Data File:
* FileName = D:\ctd\raw\EN719_CTD06.hdr
* Software Version Seasave V 7.26.7.121
* Temperature SN = 4333
* Conductivity SN = 0864
* Number of Bytes Per Scan = 37
* Number of Voltage Words = 4
* Number of Scans Averaged by the Deck Unit = 1
* NMEA Latitude = 38 19.90 N
* NMEA Longitude = 062 43.32 W
* NMEA UTC (Time) = Jul 14 2024  12:38:36
* NMEA baud rate = 4800
** Ship: R/V Endeavor
** Cruise: EN719
** Principal Investigator: Chad Smith
** Chief Scientist: Chad Smith
** Project: NESMA24
** Cruise Start Date: 7 July 2024
** Ports: GSO, Narragansett RI to GSO, Narragansett RI
** Station:  CTD 06
** Bottom Depth: 4508
** Operator:  JMA
# nquan = 27
# nvalues = 1987                        
# units = specified
# name 0 = scan: Scan Count
# name 1 = timeJ: Julian Days
# name 2 = timeS: Time, Elapsed [seconds]
# name 3 = prDM: Pressure, Digiquartz [db]
# name 4 = t090C: Temperature [ITS-90, deg C]
# name 5 = t190C: Temperature, 2 [ITS-90, deg C]
# name 6 = T2-T190C: Temperature Difference, 2 - 1 [ITS-90, deg C]
# name 7 = c0S/m: Conductivity [S/m]
# name 8 = c1S/m: Conductivity, 2 [S/m]
# name 9 = altM: Altimeter [m]
# name 10 = pumps: Pump Status
# name 11 = latitude: Latitude [deg]
# name 12 = longitude: Longitude [deg]
# name 13 = C2-C1S/m: Conductivity Difference, 2 - 1 [S/m]
# name 14 = depSM: Depth [salt water, m]
# name 15 = depSM: Depth [salt water, m], lat = 38.3317
# name 16 = sal00: Salinity, Practical [PSU]
# name 17 = sigma-é00: Density [sigma-theta, kg/m^3]
# name 18 = oxsolMm/Kg: Oxygen Saturation, Garcia & Gordon [umol/kg]
# name 19 = oxsatMm/Kg: Oxygen Saturation, Weiss [umol/kg]
# name 20 = potemp090C: Potential Temperature [ITS-90, deg C]
# name 21 = svCM: Sound Velocity [Chen-Millero, m/s]
# name 22 = svCM1: Sound Velocity, 2 [Chen-Millero, m/s]
# name 23 = dz/dtM: Descent Rate [m/s], WS = 2
# name 24 = gpa: Geopotential Anomaly [J/kg]
# name 25 = nbin: number of scans per bin
# name 26 = flag: flag
# span 0 =        716,      55387       
# span 1 = 196.527174, 196.553539       
# span 2 =     29.810,   2307.763       
# span 3 =     12.091,   2022.857       
# span 4 =     3.6833,    27.8089       
# span 5 =     3.6837,    27.8089       
# span 6 =    -0.2186,     0.0525       
# span 7 =   3.310470,   5.775046       
# span 8 =   3.310562,   5.774953       
# span 9 =      -5.18,      90.92       
# span 10 =          1,          1      
# span 11 =   38.32538,   38.33167      
# span 12 =  -62.72205,  -62.71288      
# span 13 =  -0.022895,   0.006088      
# span 14 =     12.001,   1998.015      
# span 15 =     12.000,   1998.000      
# span 16 =    34.9551,    36.8537      
# span 17 =    23.2430,    27.8005      
# span 18 =  196.04820,  317.31883      
# span 19 =  195.54267,  318.18832      
# span 20 =     3.5183,    27.8045      
# span 21 =    1488.16,    1542.54      
# span 22 =    1488.14,    1542.52      
# span 23 =      0.056,      1.773      
# span 24 =      0.177,     20.222      
# span 25 =         13,        804      
# span 26 = 0.0000e+00, 0.0000e+00      
# interval = meters: 1                  
# start_time = Jul 14 2024 12:38:38 [System UTC, header]
# bad_flag = -9.990e-29
*END*
[from data line 1933]
      53900 196.552822   2245.789   1968.949     3.7462     3.7440    -0.0023   3.314438   3.314304      28.71          1   38.32558  -62.71324  -0.000108   1944.994   1945.000    34.9587    27.7958  316.82948  317.68979     3.5855    1498.13    1498.12      1.166     19.964         21 0.0000e+00
      53918 196.552830   2246.555   1969.965     3.7427     3.7385    -0.0042   3.314083   3.313758      35.52          1   38.32558  -62.71324  -0.000232   1945.999   1946.000    34.9578    27.7954  316.85881  317.71960     3.5819    1498.13    1498.11      1.343     19.969         17 0.0000e+00
      53936 196.552839   2247.302   1970.983     3.7359     3.7333    -0.0027   3.313397   3.313344       0.95          1   38.32558  -62.71322  -0.000038   1947.009   1947.000    34.9563    27.7949  316.91407  317.77580     3.5751    1498.11    1498.11      1.216     19.974         20 0.0000e+00
      53963 196.552852   2248.415   1972.000     3.7324     3.7322    -0.0002   3.313188   3.313274       0.55          1   38.32557  -62.71322   0.000088   1948.010   1948.000    34.9570    27.7959  316.93942  317.80170     3.5716    1498.12    1498.12      0.748     19.979         37 0.0000e+00
      54002 196.552871   2250.046   1973.017     3.7328     3.7308    -0.0020   3.313367   3.313215       0.48          1   38.32556  -62.71321  -0.000154   1948.990   1949.000    34.9582    27.7968  316.93348  317.79574     3.5718    1498.14    1498.13      0.767     19.983         32 0.0000e+00
      54027 196.552883   2251.067   1974.034     3.7314     3.7311    -0.0004   3.313191   3.313292       0.60          1   38.32556  -62.71320   0.000093   1949.996   1950.000    34.9571    27.7960  316.94649  317.80891     3.5704    1498.15    1498.15      1.137     19.988         21 0.0000e+00
      54046 196.552892   2251.888   1975.051     3.7306     3.7298    -0.0008   3.313236   3.313194       0.61          1   38.32556  -62.71320   0.000001   1951.001   1951.000    34.9580    27.7968  316.95062  317.81319     3.5695    1498.16    1498.16      1.235     19.993         19 0.0000e+00
      54066 196.552902   2252.723   1976.068     3.7276     3.7256    -0.0019   3.312882   3.312860      13.27          1   38.32556  -62.71320  -0.000018   1952.006   1952.000    34.9566    27.7960  316.97749  317.84047     3.5664    1498.16    1498.16      1.124     19.998         22 0.0000e+00
      54091 196.552914   2253.764   1977.085     3.7244     3.7243    -0.0002   3.312709   3.312754      11.78          1   38.32555  -62.71319   0.000060   1953.007   1953.000    34.9574    27.7970  316.99982  317.86329     3.5632    1498.17    1498.17      0.875     20.003         29 0.0000e+00
      54122 196.552929   2255.037   1978.102     3.7221     3.7203    -0.0019   3.312482   3.312414       0.38          1   38.32554  -62.71318  -0.000049   1953.995   1954.000    34.9566    27.7966  317.01915  317.88292     3.5608    1498.17    1498.17      0.864     20.008         29 0.0000e+00
      54147 196.552941   2256.073   1979.119     3.7196     3.7187    -0.0009   3.312299   3.312307      49.67          1   38.32554  -62.71316   0.000003   1954.997   1955.000    34.9566    27.7969  317.03857  317.90272     3.5583    1498.18    1498.18      1.099     20.013         22 0.0000e+00
      54167 196.552951   2256.928   1980.136     3.7185     3.7190     0.0005   3.312284   3.312386       6.41          1   38.32554  -62.71316   0.000090   1955.999   1956.000    34.9572    27.7974  317.04590  317.91024     3.5571    1498.19    1498.20      1.208     20.018         19 0.0000e+00
      54188 196.552960   2257.771   1981.153     3.7187     3.7189     0.0002   3.312325   3.312416       0.73          1   38.32554  -62.71316   0.000086   1957.008   1957.000    34.9569    27.7972  317.04478  317.90907     3.5572    1498.21    1498.21      1.102     20.022         22 0.0000e+00
      54214 196.552973   2258.894   1982.170     3.7181     3.7186     0.0005   3.312320   3.312427       0.64          1   38.32554  -62.71316   0.000103   1958.006   1958.000    34.9570    27.7973  317.04906  317.91344     3.5565    1498.23    1498.23      0.777     20.027         34 0.0000e+00
      54250 196.552990   2260.369   1983.187     3.7170     3.7173     0.0003   3.312221   3.312333       0.62          1   38.32554  -62.71316   0.000117   1958.994   1959.000    34.9566    27.7971  317.05895  317.92348     3.5553    1498.24    1498.24      0.789     20.032         31 0.0000e+00
      54275 196.553003   2261.428   1984.204     3.7164     3.7158    -0.0005   3.312211   3.312236       0.51          1   38.32554  -62.71314   0.000032   1959.998   1960.000    34.9566    27.7972  317.06340  317.92802     3.5546    1498.25    1498.25      1.073     20.037         23 0.0000e+00
      54297 196.553013   2262.316   1985.221     3.7146     3.7149     0.0003   3.312085   3.312182      56.08          1   38.32552  -62.71314   0.000115   1961.004   1961.000    34.9565    27.7973  317.07739  317.94227     3.5528    1498.26    1498.26      1.089     20.042         21 0.0000e+00
      54322 196.553025   2263.378   1986.238     3.7124     3.7116    -0.0009   3.311886   3.311903       2.52          1   38.32552  -62.71314   0.000027   1962.007   1962.000    34.9560    27.7971  317.09545  317.96064     3.5505    1498.27    1498.27      0.838     20.047         31 0.0000e+00
      54354 196.553041   2264.722   1987.256     3.7104     3.7107     0.0004   3.311775   3.311866      23.41          1   38.32552  -62.71312   0.000090   1962.992   1963.000    34.9563    27.7976  317.11028  317.97578     3.5484    1498.28    1498.28      0.879     20.052         28 0.0000e+00
      54377 196.553052   2265.671   1988.273     3.7101     3.7099    -0.0002   3.311780   3.311834       0.32          1   38.32552  -62.71312   0.000049   1963.996   1964.000    34.9561    27.7975  317.11241  317.97794     3.5481    1498.30    1498.29      1.205     20.057         20 0.0000e+00
      54396 196.553061   2266.452   1989.290     3.7094     3.7104     0.0010   3.311768   3.311917       0.64          1   38.32552  -62.71312   0.000138   1965.002   1965.000    34.9563    27.7977  317.11782  317.98346     3.5472    1498.31    1498.31      1.269     20.061         19 0.0000e+00
      54416 196.553070   2267.278   1990.307     3.7095     3.7099     0.0004   3.311806   3.311904       0.67          1   38.32552  -62.71310   0.000101   1966.008   1966.000    34.9562    27.7976  317.11747  317.98310     3.5472    1498.33    1498.33      1.124     20.066         21 0.0000e+00
      54441 196.553083   2268.338   1991.324     3.7087     3.7098     0.0011   3.311786   3.311945       0.68          1   38.32552  -62.71310   0.000152   1967.006   1967.000    34.9562    27.7977  317.12300  317.98874     3.5464    1498.34    1498.35      0.853     20.071         30 0.0000e+00
      54473 196.553098   2269.658   1992.341     3.7090     3.7100     0.0010   3.311857   3.312002      75.31          1   38.32552  -62.71310   0.000144   1967.997   1968.000    34.9563    27.7978  317.12076  317.98646     3.5466    1498.36    1498.36      0.813     20.076         31 0.0000e+00
      54500 196.553111   2270.779   1993.358     3.7092     3.7097     0.0004   3.311922   3.312019       5.51          1   38.32551  -62.71309   0.000094   1968.997   1969.000    34.9563    27.7978  317.11884  317.98450     3.5467    1498.38    1498.38      1.009     20.081         24 0.0000e+00
      54522 196.553122   2271.716   1994.375     3.7084     3.7078    -0.0006   3.311856   3.311866       0.68          1   38.32550  -62.71308   0.000027   1970.002   1970.000    34.9560    27.7976  317.12629  317.99208     3.5458    1498.39    1498.39      1.084     20.086         22 0.0000e+00
      54545 196.553133   2272.682   1995.392     3.7067     3.7052    -0.0015   3.311741   3.311687      23.86          1   38.32550  -62.71308  -0.000046   1971.005   1971.000    34.9559    27.7977  317.13932  318.00534     3.5440    1498.40    1498.39      0.980     20.091         25 0.0000e+00
      54572 196.553146   2273.808   1996.410     3.7058     3.7062     0.0004   3.311724   3.311825      22.60          1   38.32550  -62.71308   0.000095   1972.000   1972.000    34.9562    27.7980  317.14569  318.01186     3.5430    1498.41    1498.42      0.905     20.096         28 0.0000e+00
      54598 196.553158   2274.885   1997.427     3.7057     3.7054    -0.0003   3.311741   3.311782      25.78          1   38.32550  -62.71307   0.000045   1972.999   1973.000    34.9559    27.7979  317.14667  318.01285     3.5428    1498.43    1498.43      0.996     20.100         24 0.0000e+00
      54622 196.553170   2275.884   1998.444     3.7042     3.7043     0.0001   3.311626   3.311716      24.80          1   38.32550  -62.71306   0.000102   1974.006   1974.000    34.9558    27.7979  317.15921  318.02561     3.5412    1498.44    1498.44      0.951     20.105         25 0.0000e+00
      54652 196.553184   2277.112   1999.461     3.7028     3.7038     0.0010   3.311557   3.311729      36.75          1   38.32549  -62.71306   0.000161   1975.002   1975.000    34.9558    27.7981  317.16917  318.03577     3.5398    1498.45    1498.46      0.771     20.110         33 0.0000e+00
      54682 196.553199   2278.379   2000.478     3.7031     3.7048     0.0018   3.311656   3.311868      24.88          1   38.32548  -62.71306   0.000199   1975.991   1976.000    34.9563    27.7984  317.16630  318.03288     3.5399    1498.47    1498.48      1.007     20.115         24 0.0000e+00
      54703 196.553209   2279.231   2001.495     3.7039     3.7040     0.0002   3.311765   3.311808      30.40          1   38.32548  -62.71304   0.000060   1977.001   1977.000    34.9562    27.7983  317.16021  318.02667     3.5406    1498.49    1498.49      1.195     20.120         20 0.0000e+00
      54723 196.553219   2280.103   2002.512     3.7025     3.7027     0.0002   3.311629   3.311730      25.26          1   38.32548  -62.71304   0.000099   1978.011   1978.000    34.9556    27.7980  317.17236  318.03900     3.5392    1498.50    1498.50      1.018     20.125         24 0.0000e+00
      54753 196.553233   2281.354   2003.530     3.7017     3.7025     0.0008   3.311616   3.311743       0.30          1   38.32546  -62.71304   0.000126   1978.996   1979.000    34.9558    27.7982  317.17809  318.04486     3.5383    1498.51    1498.52      0.814     20.130         33 0.0000e+00
      54779 196.553246   2282.436   2004.547     3.7016     3.7020     0.0004   3.311666   3.311751       0.56          1   38.32546  -62.71302   0.000092   1979.991   1980.000    34.9560    27.7983  317.17801  318.04479     3.5381    1498.53    1498.53      1.210     20.135         19 0.0000e+00
      54797 196.553254   2283.162   2005.564     3.7009     3.7012     0.0003   3.311620   3.311711      62.65          1   38.32546  -62.71302   0.000091   1981.001   1981.000    34.9558    27.7983  317.18440  318.05129     3.5373    1498.55    1498.55      1.397     20.139         17 0.0000e+00
      54814 196.553263   2283.884   2006.581     3.7000     3.7000     0.0000   3.311580   3.311652       9.63          1   38.32546  -62.71302   0.000076   1982.010   1982.000    34.9557    27.7984  317.19130  318.05831     3.5363    1498.56    1498.56      1.243     20.144         19 0.0000e+00
      54843 196.553277   2285.100   2007.598     3.6991     3.6998     0.0007   3.311544   3.311670      13.67          1   38.32546  -62.71302   0.000124   1983.007   1983.000    34.9558    27.7985  317.19808  318.06523     3.5353    1498.57    1498.58      0.681     20.149         44 0.0000e+00
      54885 196.553296   2286.814   2008.616     3.6992     3.7000     0.0008   3.311605   3.311728      -0.06          1   38.32546  -62.71300   0.000122   1983.993   1984.000    34.9559    27.7985  317.19670  318.06383     3.5354    1498.59    1498.59      0.813     20.154         29 0.0000e+00
      54909 196.553308   2287.834   2009.633     3.6980     3.6958    -0.0022   3.311484   3.311376       0.51          1   38.32546  -62.71300  -0.000060   1985.001   1985.000    34.9552    27.7982  317.20766  318.07495     3.5341    1498.60    1498.59      0.986     20.159         24 0.0000e+00
      54935 196.553321   2288.903   2010.650     3.6934     3.6915    -0.0019   3.311104   3.311058      58.05          1   38.32545  -62.71299  -0.000037   1986.004   1986.000    34.9551    27.7985  317.24342  318.11140     3.5294    1498.60    1498.59      0.910     20.164         27 0.0000e+00
      54962 196.553334   2290.037   2011.667     3.6903     3.6881    -0.0023   3.310878   3.310780      77.18          1   38.32544  -62.71298  -0.000060   1986.995   1987.000    34.9552    27.7989  317.26662  318.13504     3.5263    1498.60    1498.60      0.984     20.169         25 0.0000e+00
      54984 196.553344   2290.968   2012.684     3.6858     3.6850    -0.0008   3.310504   3.310562       6.02          1   38.32544  -62.71298   0.000061   1987.999   1988.000    34.9551    27.7992  317.30183  318.17091     3.5218    1498.60    1498.60      1.155     20.174         21 0.0000e+00
      55005 196.553354   2291.826   2013.702     3.6844     3.6851     0.0007   3.310470   3.310607      51.76          1   38.32544  -62.71298   0.000127   1989.010   1989.000    34.9557    27.7999  317.31143  318.18076     3.5202    1498.61    1498.62      1.040     20.178         22 0.0000e+00
      55043 196.553373   2293.412   2014.719     3.6843     3.6853     0.0010   3.310514   3.310665       2.73          1   38.32542  -62.71296   0.000145   1990.003   1990.000    34.9558    27.8000  317.31180  318.18114     3.5201    1498.63    1498.63      0.511     20.183         55 0.0000e+00
      55088 196.553394   2295.284   2015.736     3.6851     3.6850    -0.0001   3.310618   3.310680      17.66          1   38.32542  -62.71296   0.000064   1991.002   1991.000    34.9557    27.7999  317.30585  318.17506     3.5208    1498.65    1498.65      0.677     20.188         34 0.0000e+00
      55125 196.553413   2296.849   2016.753     3.6843     3.6851     0.0009   3.310611   3.310741       1.97          1   38.32542  -62.71294   0.000125   1991.999   1992.000    34.9560    27.8002  317.31122  318.18056     3.5199    1498.66    1498.67      0.658     20.193         38 0.0000e+00
      55158 196.553428   2298.218   2017.770     3.6844     3.6851     0.0008   3.310660   3.310791      37.75          1   38.32542  -62.71294   0.000128   1993.002   1993.000    34.9560    27.8002  317.31054  318.17986     3.5199    1498.68    1498.69      0.773     20.198         30 0.0000e+00
      55200 196.553448   2299.939   2018.788     3.6846     3.6855     0.0009   3.310718   3.310861      11.99          1   38.32542  -62.71292   0.000139   1994.002   1994.000    34.9560    27.8002  317.30910  318.17841     3.5200    1498.70    1498.70      0.492     20.203         53 0.0000e+00
      55244 196.553470   2301.793   2019.805     3.6848     3.6853     0.0005   3.310774   3.310885      16.17          1   38.32541  -62.71291   0.000114   1995.004   1995.000    34.9559    27.8001  317.30741  318.17668     3.5201    1498.72    1498.72      0.608     20.208         38 0.0000e+00
      55304 196.553499   2304.279   2020.822     3.6841     3.6849     0.0008   3.310754   3.310886      24.69          1   38.32539  -62.71290   0.000131   1996.000   1996.000    34.9560    27.8002  317.31290  318.18227     3.5193    1498.73    1498.74      0.332     20.212         77 0.0000e+00
      55360 196.553526   2306.610   2021.840     3.6833     3.6837     0.0003   3.310724   3.310823      17.03          1   38.32538  -62.71288   0.000098   1996.994   1997.000    34.9559    27.8003  317.31883  318.18832     3.5184    1498.74    1498.75      0.781     20.217         31 0.0000e+00
