ctd/proc/EN719_CTD05_avg.cnv
* Sea-Bird SBE 9 Data File:
* FileName = D:\ctd\raw\EN719_CTD05.hdr
* Software Version Seasave V 7.26.7.121
* Temperature SN = 4333
* Conductivity SN = 0864
* Number of Bytes Per Scan = 37
* Number of Voltage Words = 4
* Number of Scans Averaged by the Deck Unit = 1
* NMEA Latitude = 38 27.45 N
* NMEA Longitude = 063 30.31 W
* NMEA UTC (Time) = Jul 13 2024  00:46:43
* NMEA baud rate = 4800
** Ship: R/V Endeavor
** Cruise: EN719
** Principal Investigator: Chad Smith
** Chief Scientist: Chad Smith
** Project: NESMA24
** Cruise Start Date: 7 July 2024
** Ports: GSO, Narragansett RI to GSO, Narragansett RI
** Station:
** Bottom Depth: 4508
** Operator:  BKC
# nquan = 27
# nvalues = 1992                        
# units = specified
# name 0 = scan: Scan Count
# name 1 = timeJ: Julian Days
# name 2 = timeS: Time, Elapsed [seconds]
# name 3 = prDM: Pressure, Digiquartz [db]
# name 4 = t090C: Temperature [ITS-90, deg C]
# name 5 = t190C: Temperature, 2 [ITS-90, deg C]
# name 6 = T2-T190C: Temperature Difference, 2 - 1 [ITS-90, deg C]
# name 7 = c0S/m: Conductivity [S/m]
# name 8 = c1S/m: Conductivity, 2 [S/m]
# name 9 = altM: Altimeter [m]
# name 10 = pumps: Pump Status
# name 11 = latitude: Latitude [deg]
# name 12 = longitude: Longitude [deg]
# name 13 = C2-C1S/m: Conductivity Difference, 2 - 1 [S/m]
# name 14 = depSM: Depth [salt water, m]
# name 15 = depSM: Depth [salt water, m], lat = 38.4575
# name 16 = sal00: Salinity, Practical [PSU]
# name 17 = sigma-é00: Density [sigma-theta, kg/m^3]
# name 18 = oxsolMm/Kg: Oxygen Saturation, Garcia & Gordon [umol/kg]
# name 19 = oxsatMm/Kg: Oxygen Saturation, Weiss [umol/kg]
# name 20 = potemp090C: Potential Temperature [ITS-90, deg C]
# name 21 = svCM: Sound Velocity [Chen-Millero, m/s]
# name 22 = svCM1: Sound Velocity, 2 [Chen-Millero, m/s]
# name 23 = dz/dtM: Descent Rate [m/s], WS = 2
# name 24 = gpa: Geopotential Anomaly [J/kg]
# name 25 = nbin: number of scans per bin
# name 26 = flag: flag
# span 0 =       1322,      61331       
# span 1 = 195.033114, 195.062053       
# span 2 =     55.052,   2555.420       
# span 3 =      9.068,   2024.914       
# span 4 =     3.7281,    28.0597       
# span 5 =     3.7288,    28.0607       
# span 6 =    -0.0517,     0.0154       
# span 7 =   3.315320,   5.820377       
# span 8 =   3.315469,   5.820614       
# span 9 =      -9.11,      85.58       
# span 10 =          1,          1      
# span 11 =   38.44304,   38.45729      
# span 12 =  -63.50479,  -63.48639      
# span 13 =  -0.003503,   0.003952      
# span 14 =      9.003,   2000.022      
# span 15 =      9.000,   2000.000      
# span 16 =    34.9623,    36.8246      
# span 17 =    23.1397,    27.8010      
# span 18 =  195.04805,  316.95988      
# span 19 =  194.54647,  317.82297      
# span 20 =     3.5623,    28.0568      
# span 21 =    1487.16,    1543.07      
# span 22 =    1487.16,    1543.07      
# span 23 =      0.095,      1.496      
# span 24 =      0.235,     19.602      
# span 25 =         10,        873      
# span 26 = 0.0000e+00, 0.0000e+00      
# interval = meters: 1                  
# start_time = Jul 13 2024 00:46:46 [System UTC, header]
# bad_flag = -9.990e-29
*END*
[from data line 1235]
      39202 195.051382   1633.382   1257.218     4.4645     4.4651     0.0007   3.352463   3.352534       0.41          1   38.44792  -63.49346   0.000111   1244.002   1244.000    34.9952    27.7437  311.32338  312.08237     4.3615    1489.27    1489.27      0.948     15.916         26 0.0000e+00
      39228 195.051394   1634.463   1258.232     4.4573     4.4584     0.0011   3.351851   3.351963       3.32          1   38.44792  -63.49346   0.000114   1245.000   1245.000    34.9951    27.7444  311.37685  312.13682     4.3543    1489.26    1489.26      0.963     15.921         25 0.0000e+00
      39252 195.051406   1635.479   1259.245     4.4595     4.4607     0.0012   3.352124   3.352225      74.75          1   38.44790  -63.49344   0.000077   1245.999   1246.000    34.9955    27.7445  311.35974  312.11942     4.3564    1489.28    1489.29      1.032     15.926         24 0.0000e+00
      39275 195.051417   1636.433   1260.259     4.4609     4.4620     0.0011   3.352280   3.352375      45.89          1   38.44790  -63.49344   0.000097   1247.002   1247.000    34.9954    27.7443  311.34986  312.10935     4.3576    1489.30    1489.31      1.056     15.931         22 0.0000e+00
      39299 195.051429   1637.433   1261.273     4.4591     4.4604     0.0012   3.352152   3.352272       6.73          1   38.44790  -63.49342   0.000134   1248.007   1248.000    34.9952    27.7443  311.36302  312.12274     4.3558    1489.31    1489.32      0.889     15.936         27 0.0000e+00
      39338 195.051447   1639.021   1262.286     4.4535     4.4525    -0.0011   3.351638   3.351565      26.61          1   38.44790  -63.49341  -0.000033   1249.001   1249.000    34.9946    27.7444  311.40611  312.16658     4.3502    1489.31    1489.30      0.561     15.941         47 0.0000e+00
      39375 195.051465   1640.568   1263.300     4.4464     4.4476     0.0012   3.351035   3.351155       0.21          1   38.44788  -63.49340   0.000116   1249.995   1250.000    34.9945    27.7452  311.45936  312.22083     4.3430    1489.29    1489.30      0.892     15.946         27 0.0000e+00
      39398 195.051476   1641.552   1264.314     4.4465     4.4477     0.0011   3.351098   3.351203      27.46          1   38.44787  -63.49339   0.000105   1250.998   1251.000    34.9946    27.7452  311.45800  312.21945     4.3431    1489.31    1489.32      1.087     15.951         22 0.0000e+00
      39420 195.051487   1642.450   1265.327     4.4457     4.4468     0.0011   3.351048   3.351155       0.84          1   38.44786  -63.49338   0.000110   1252.003   1252.000    34.9944    27.7452  311.46470  312.22626     4.3422    1489.33    1489.33      1.111     15.956         21 0.0000e+00
      39442 195.051498   1643.390   1266.341     4.4455     4.4466     0.0011   3.351084   3.351188      44.38          1   38.44786  -63.49338   0.000102   1253.003   1253.000    34.9945    27.7453  311.46584  312.22743     4.3419    1489.34    1489.35      1.032     15.961         24 0.0000e+00
      39468 195.051510   1644.441   1267.355     4.4455     4.4467     0.0011   3.351130   3.351231      33.63          1   38.44786  -63.49336   0.000096   1254.003   1254.000    34.9945    27.7453  311.46566  312.22724     4.3418    1489.36    1489.36      0.891     15.966         27 0.0000e+00
      39498 195.051524   1645.709   1268.368     4.4455     4.4468     0.0012   3.351174   3.351291      13.94          1   38.44785  -63.49335   0.000114   1255.002   1255.000    34.9945    27.7453  311.46562  312.22720     4.3417    1489.38    1489.38      0.753     15.971         33 0.0000e+00
      39531 195.051540   1647.092   1269.382     4.4454     4.4466     0.0012   3.351208   3.351310      37.70          1   38.44784  -63.49334   0.000099   1256.001   1256.000    34.9946    27.7454  311.46649  312.22810     4.3415    1489.39    1489.40      0.734     15.975         33 0.0000e+00
      39564 195.051556   1648.446   1270.396     4.4453     4.4464     0.0010   3.351228   3.351331       0.34          1   38.44784  -63.49333   0.000106   1256.999   1257.000    34.9944    27.7452  311.46763  312.22924     4.3413    1489.41    1489.41      0.790     15.980         32 0.0000e+00
      39592 195.051570   1649.639   1271.410     4.4449     4.4458     0.0010   3.351228   3.351328      19.50          1   38.44783  -63.49332   0.000096   1257.997   1258.000    34.9944    27.7453  311.47103  312.23270     4.3408    1489.42    1489.43      0.946     15.985         25 0.0000e+00
      39616 195.051581   1650.621   1272.423     4.4448     4.4459     0.0011   3.351267   3.351363      61.83          1   38.44782  -63.49331   0.000093   1258.999   1259.000    34.9944    27.7453  311.47153  312.23321     4.3406    1489.44    1489.44      1.068     15.990         22 0.0000e+00
      39638 195.051592   1651.560   1273.437     4.4447     4.4458     0.0011   3.351300   3.351406       0.69          1   38.44782  -63.49330   0.000100   1260.003   1260.000    34.9944    27.7453  311.47228  312.23398     4.3404    1489.46    1489.46      1.045     15.995         24 0.0000e+00
      39663 195.051604   1652.572   1274.451     4.4447     4.4457     0.0011   3.351344   3.351453      39.10          1   38.44781  -63.49329   0.000107   1261.003   1261.000    34.9944    27.7454  311.47228  312.23398     4.3403    1489.47    1489.48      0.963     16.000         25 0.0000e+00
      39690 195.051617   1653.691   1275.464     4.4449     4.4459     0.0010   3.351414   3.351502       9.30          1   38.44780  -63.49328   0.000087   1262.004   1262.000    34.9945    27.7454  311.47045  312.23212     4.3404    1489.49    1489.50      0.832     16.005         29 0.0000e+00
      39723 195.051633   1655.081   1276.478     4.4443     4.4453     0.0010   3.351397   3.351478      16.79          1   38.44780  -63.49328   0.000083   1263.003   1263.000    34.9944    27.7454  311.47491  312.23665     4.3398    1489.50    1489.51      0.673     16.010         37 0.0000e+00
      39759 195.051650   1656.587   1277.492     4.4439     4.4451     0.0012   3.351392   3.351510       0.12          1   38.44780  -63.49326   0.000116   1263.997   1264.000    34.9943    27.7454  311.47837  312.24017     4.3393    1489.52    1489.53      0.756     16.015         33 0.0000e+00
      39787 195.051664   1657.759   1278.506     4.4441     4.4451     0.0010   3.351457   3.351562      24.75          1   38.44779  -63.49325   0.000098   1264.997   1265.000    34.9943    27.7454  311.47674  312.23851     4.3394    1489.54    1489.54      0.986     16.020         25 0.0000e+00
      39810 195.051675   1658.692   1279.519     4.4439     4.4453     0.0013   3.351478   3.351616      50.73          1   38.44778  -63.49324   0.000133   1265.999   1266.000    34.9942    27.7454  311.47813  312.23992     4.3391    1489.55    1489.56      1.124     16.025         21 0.0000e+00
      39831 195.051685   1659.579   1280.533     4.4430     4.4438     0.0007   3.351420   3.351507      60.64          1   38.44778  -63.49323   0.000101   1267.005   1267.000    34.9940    27.7453  311.48550  312.24742     4.3381    1489.57    1489.57      1.082     16.030         22 0.0000e+00
      39857 195.051697   1660.650   1281.547     4.4426     4.4438     0.0011   3.351441   3.351554       3.80          1   38.44777  -63.49322   0.000112   1268.008   1268.000    34.9942    27.7455  311.48798  312.24995     4.3377    1489.58    1489.59      0.801     16.035         31 0.0000e+00
      39894 195.051716   1662.222   1282.561     4.4424     4.4435     0.0010   3.351453   3.351557       0.68          1   38.44776  -63.49322   0.000100   1268.996   1269.000    34.9940    27.7454  311.48998  312.25199     4.3373    1489.60    1489.60      0.661     16.040         38 0.0000e+00
      39924 195.051730   1663.476   1283.574     4.4426     4.4432     0.0007   3.351522   3.351585      48.53          1   38.44776  -63.49320   0.000067   1269.997   1270.000    34.9942    27.7455  311.48847  312.25045     4.3374    1489.62    1489.62      0.955     16.044         25 0.0000e+00
      39948 195.051741   1664.464   1284.588     4.4420     4.4431     0.0011   3.351500   3.351614       1.38          1   38.44776  -63.49320   0.000109   1271.002   1271.000    34.9940    27.7455  311.49316  312.25522     4.3367    1489.63    1489.63      1.014     16.049         24 0.0000e+00
      39973 195.051753   1665.497   1285.602     4.4420     4.4431     0.0012   3.351543   3.351653       0.67          1   38.44774  -63.49319   0.000108   1272.005   1272.000    34.9941    27.7455  311.49319  312.25525     4.3366    1489.65    1489.65      0.906     16.054         26 0.0000e+00
      40005 195.051769   1666.821   1286.616     4.4419     4.4431     0.0011   3.351585   3.351690      28.00          1   38.44774  -63.49318   0.000101   1273.003   1273.000    34.9941    27.7455  311.49334  312.25541     4.3365    1489.66    1489.67      0.690     16.059         38 0.0000e+00
      40040 195.051786   1668.282   1287.630     4.4419     4.4430     0.0012   3.351628   3.351737      26.61          1   38.44774  -63.49316   0.000105   1273.994   1274.000    34.9942    27.7456  311.49378  312.25586     4.3363    1489.68    1489.69      0.854     16.064         28 0.0000e+00
      40064 195.051797   1669.281   1288.643     4.4417     4.4426     0.0010   3.351637   3.351731      27.17          1   38.44774  -63.49316   0.000098   1274.997   1275.000    34.9940    27.7455  311.49571  312.25782     4.3360    1489.70    1489.70      1.114     16.069         21 0.0000e+00
      40084 195.051807   1670.142   1289.657     4.4411     4.4422     0.0011   3.351625   3.351737      29.63          1   38.44772  -63.49314   0.000110   1276.007   1276.000    34.9940    27.7456  311.50011  312.26229     4.3354    1489.71    1489.72      1.103     16.074         22 0.0000e+00
      40110 195.051819   1671.199   1290.671     4.4408     4.4421     0.0013   3.351650   3.351772       1.99          1   38.44772  -63.49314   0.000120   1277.008   1277.000    34.9940    27.7456  311.50179  312.26401     4.3350    1489.73    1489.73      0.821     16.079         31 0.0000e+00
      40146 195.051837   1672.702   1291.685     4.4409     4.4422     0.0012   3.351700   3.351813      33.40          1   38.44772  -63.49312   0.000111   1277.997   1278.000    34.9940    27.7456  311.50107  312.26327     4.3350    1489.74    1489.75      0.686     16.084         37 0.0000e+00
      40176 195.051852   1673.975   1292.699     4.4398     4.4397    -0.0001   3.351605   3.351610      24.08          1   38.44772  -63.49312   0.000041   1278.998   1279.000    34.9936    27.7455  311.51069  312.27305     4.3338    1489.76    1489.75      0.920     16.089         25 0.0000e+00
      40201 195.051864   1675.016   1293.713     4.4337     4.4342     0.0005   3.351050   3.351117      23.82          1   38.44772  -63.49311   0.000106   1280.006   1280.000    34.9930    27.7456  311.55729  312.32047     4.3277    1489.75    1489.75      0.913     16.094         26 0.0000e+00
      40233 195.051879   1676.346   1294.726     4.4285     4.4295     0.0010   3.350608   3.350716       0.68          1   38.44770  -63.49310   0.000113   1281.002   1281.000    34.9928    27.7461  311.59649  312.36039     4.3224    1489.74    1489.75      0.683     16.099         38 0.0000e+00
      40267 195.051895   1677.762   1295.740     4.4252     4.4260     0.0008   3.350313   3.350412      31.01          1   38.44770  -63.49308   0.000125   1281.993   1282.000    34.9923    27.7460  311.62202  312.38636     4.3191    1489.74    1489.75      0.926     16.104         27 0.0000e+00
      40289 195.051906   1678.678   1296.754     4.4234     4.4245     0.0011   3.350197   3.350321      23.28          1   38.44770  -63.49307   0.000112   1282.997   1283.000    34.9924    27.7463  311.63538  312.39997     4.3172    1489.75    1489.76      1.213     16.109         19 0.0000e+00
      40308 195.051915   1679.456   1297.768     4.4230     4.4240     0.0010   3.350173   3.350292      62.50          1   38.44770  -63.49306   0.000141   1284.001   1284.000    34.9920    27.7460  311.63910  312.40373     4.3167    1489.77    1489.77      1.274     16.114         19 0.0000e+00
      40328 195.051925   1680.282   1298.782     4.4209     4.4219     0.0010   3.350034   3.350142      28.90          1   38.44770  -63.49306   0.000107   1285.010   1285.000    34.9921    27.7463  311.65463  312.41956     4.3146    1489.78    1489.78      1.097     16.118         22 0.0000e+00
      40356 195.051938   1681.445   1299.795     4.4216     4.4226     0.0010   3.350154   3.350249      20.08          1   38.44768  -63.49306   0.000089   1286.007   1286.000    34.9922    27.7464  311.64888  312.41371     4.3152    1489.80    1489.80      0.720     16.123         35 0.0000e+00
      40403 195.051961   1683.415   1300.809     4.4212     4.4223     0.0011   3.350136   3.350253      10.52          1   38.44768  -63.49305   0.000124   1286.998   1287.000    34.9919    27.7462  311.65265  312.41753     4.3147    1489.81    1489.82      0.486     16.128         52 0.0000e+00
      40440 195.051979   1684.978   1301.823     4.4184     4.4192     0.0008   3.349901   3.350000      25.84          1   38.44767  -63.49304   0.000111   1287.989   1288.000    34.9917    27.7463  311.67425  312.43951     4.3118    1489.81    1489.82      1.034     16.133         24 0.0000e+00
      40459 195.051988   1685.766   1302.837     4.4148     4.4156     0.0008   3.349562   3.349673       0.27          1   38.44766  -63.49304   0.000159   1288.997   1289.000    34.9910    27.7461  311.70259  312.46833     4.3082    1489.82    1489.82      1.341     16.138         17 0.0000e+00
      40476 195.051996   1686.477   1303.851     4.4117     4.4125     0.0008   3.349317   3.349419      33.56          1   38.44766  -63.49304   0.000116   1290.008   1290.000    34.9909    27.7464  311.72600  312.49217     4.3050    1489.82    1489.82      1.309     16.143         18 0.0000e+00
      40498 195.052007   1687.395   1304.865     4.4103     4.4112     0.0010   3.349242   3.349339      41.05          1   38.44766  -63.49304   0.000099   1291.012   1291.000    34.9910    27.7467  311.73631  312.50268     4.3035    1489.83    1489.84      0.920     16.148         29 0.0000e+00
      40533 195.052024   1688.851   1305.879     4.4098     4.4108     0.0010   3.349249   3.349350      16.29          1   38.44764  -63.49302   0.000099   1291.995   1292.000    34.9910    27.7468  311.73946  312.50589     4.3029    1489.85    1489.85      0.705     16.153         35 0.0000e+00
      40562 195.052038   1690.047   1306.893     4.4094     4.4104     0.0010   3.349248   3.349357       0.39          1   38.44764  -63.49300   0.000116   1292.998   1293.000    34.9909    27.7467  311.74268  312.50916     4.3025    1489.86    1489.87      0.961     16.158         25 0.0000e+00
      40586 195.052049   1691.048   1307.907     4.4084     4.4094     0.0010   3.349190   3.349294       0.50          1   38.44762  -63.49300   0.000100   1294.002   1294.000    34.9908    27.7468  311.75054  312.51716     4.3014    1489.88    1489.88      0.990     16.163         24 0.0000e+00
      40613 195.052062   1692.147   1308.920     4.4081     4.4091     0.0010   3.349212   3.349326       0.48          1   38.44762  -63.49300   0.000113   1295.007   1295.000    34.9909    27.7469  311.75262  312.51929     4.3010    1489.89    1489.90      0.813     16.168         30 0.0000e+00
      40649 195.052079   1693.668   1309.934     4.4078     4.4088     0.0010   3.349227   3.349331       0.60          1   38.44762  -63.49298   0.000104   1295.999   1296.000    34.9909    27.7469  311.75505  312.52176     4.3005    1489.91    1489.91      0.647     16.173         39 0.0000e+00
