ctd/proc/EN719_CTD07_avg.cnv
* Sea-Bird SBE 9 Data File:
* FileName = D:\ctd\raw\EN719_CTD07.hdr
* Software Version Seasave V 7.26.7.121
* Temperature SN = 4333
* Conductivity SN = 0864
* Number of Bytes Per Scan = 37
* Number of Voltage Words = 4
* Number of Scans Averaged by the Deck Unit = 1
* NMEA Latitude = 39 16.82 N
* NMEA Longitude = 063 50.90 W
* NMEA UTC (Time) = Jul 21 2024  22:38:16
* NMEA baud rate = 4800
** Ship: R/V Endeavor
** Cruise: EN719
** Principal Investigator: Chad Smith
** Chief Scientist: Chad Smith
** Project: NESMA24
** Cruise Start Date: 7 July 2024
** Ports: GSO, Narragansett RI to GSO, Narragansett RI
** Station:  CTD07
** Bottom Depth: 4932
** Operator:  JMA
# nquan = 27
# nvalues = 1994                        
# units = specified
# name 0 = scan: Scan Count
# name 1 = timeJ: Julian Days
# name 2 = timeS: Time, Elapsed [seconds]
# name 3 = prDM: Pressure, Digiquartz [db]
# name 4 = t090C: Temperature [ITS-90, deg C]
# name 5 = t190C: Temperature, 2 [ITS-90, deg C]
# name 6 = T2-T190C: Temperature Difference, 2 - 1 [ITS-90, deg C]
# name 7 = c0S/m: Conductivity [S/m]
# name 8 = c1S/m: Conductivity, 2 [S/m]
# name 9 = altM: Altimeter [m]
# name 10 = pumps: Pump Status
# name 11 = latitude: Latitude [deg]
# name 12 = longitude: Longitude [deg]
# name 13 = C2-C1S/m: Conductivity Difference, 2 - 1 [S/m]
# name 14 = depSM: Depth [salt water, m]
# name 15 = depSM: Depth [salt water, m], lat = 39.2803
# name 16 = sal00: Salinity, Practical [PSU]
# name 17 = sigma-é00: Density [sigma-theta, kg/m^3]
# name 18 = oxsolMm/Kg: Oxygen Saturation, Garcia & Gordon [umol/kg]
# name 19 = oxsatMm/Kg: Oxygen Saturation, Weiss [umol/kg]
# name 20 = potemp090C: Potential Temperature [ITS-90, deg C]
# name 21 = svCM: Sound Velocity [Chen-Millero, m/s]
# name 22 = svCM1: Sound Velocity, 2 [Chen-Millero, m/s]
# name 23 = dz/dtM: Descent Rate [m/s], WS = 2
# name 24 = gpa: Geopotential Anomaly [J/kg]
# name 25 = nbin: number of scans per bin
# name 26 = flag: flag
# span 0 =       1841,      55182       
# span 1 = 203.944163, 203.969887       
# span 2 =     76.647,   2299.205       
# span 3 =      8.061,   2026.082       
# span 4 =     3.5593,    25.2845       
# span 5 =     3.5609,    25.2838       
# span 6 =    -0.0874,     0.0370       
# span 7 =   3.299925,   5.312954       
# span 8 =   3.300082,   5.313058       
# span 9 =     -21.05,     100.57       
# span 10 =          1,          1      
# span 11 =   39.27992,   39.28040      
# span 12 =  -63.84823,  -63.84346      
# span 13 =  -0.004933,   0.007650      
# span 14 =      8.004,   2001.045      
# span 15 =      8.000,   2001.000      
# span 16 =    33.9588,    35.5454      
# span 17 =    22.8443,    27.8130      
# span 18 =  206.08661,  318.27271      
# span 19 =  205.56472,  319.16067      
# span 20 =     3.3959,    25.2819      
# span 21 =    1482.03,    1535.06      
# span 22 =    1482.04,    1535.06      
# span 23 =     -0.338,      2.151      
# span 24 =      0.393,     13.602      
# span 25 =          5,        650      
# span 26 = 0.0000e+00, 0.0000e+00      
# interval = meters: 1                  
# start_time = Jul 21 2024 22:38:19 [System UTC, header]
# bad_flag = -9.990e-29
*END*
[from data line 430]
      16632 203.951296    692.939    441.824     6.3472     6.3487     0.0014   3.494736   3.494685      45.80          1   39.28036  -63.84726 1.2201e-07    438.002    438.000    35.0706    27.5685  297.71655  298.23698     6.3072    1483.46    1483.47      1.025      6.173         23 0.0000e+00
      16657 203.951308    694.000    442.834     6.3413     6.3428     0.0014   3.494376   3.494282       0.62          1   39.28036  -63.84727  -0.000071    439.001    439.000    35.0721    27.5705  297.75365  298.27481     6.3013    1483.46    1483.46      0.926      6.178         27 0.0000e+00
      16683 203.951321    695.093    443.844     6.3382     6.3396     0.0014   3.494152   3.494061       0.62          1   39.28036  -63.84726  -0.000072    440.000    440.000    35.0724    27.5712  297.77479  298.29633     6.2980    1483.46    1483.47      0.936      6.184         26 0.0000e+00
      16709 203.951333    696.173    444.854     6.3324     6.3323    -0.0001   3.493635   3.493404      22.75          1   39.28036  -63.84726  -0.000173    441.001    441.000    35.0720    27.5716  297.81507  298.33729     6.2922    1483.45    1483.45      0.910      6.190         26 0.0000e+00
      16736 203.951346    697.309    445.864     6.3224     6.3236     0.0013   3.492745   3.492663       0.26          1   39.28036  -63.84726  -0.000001    441.998    442.000    35.0719    27.5729  297.88435  298.40774     6.2821    1483.43    1483.44      0.918      6.196         27 0.0000e+00
      16761 203.951358    698.341    446.874     6.3036     6.3046     0.0011   3.491071   3.491008       0.54          1   39.28036  -63.84724   0.000021    442.995    443.000    35.0719    27.5754  298.01314  298.53876     6.2633    1483.38    1483.38      1.078      6.202         23 0.0000e+00
      16782 203.951368    699.204    447.883     6.2981     6.3001     0.0020   3.490883   3.490828      31.86          1   39.28036  -63.84724  -0.000077    443.996    444.000    35.0749    27.5785  298.04394  298.57028     6.2577    1483.37    1483.38      1.228      6.207         19 0.0000e+00
      16801 203.951377    699.992    448.893     6.2991     6.3011     0.0020   3.491044   3.490998      30.25          1   39.28036  -63.84724  -0.000056    445.001    445.000    35.0752    27.5786  298.03668  298.56291     6.2586    1483.40    1483.40      1.257      6.213         19 0.0000e+00
      16821 203.951387    700.823    449.903     6.2995     6.3014     0.0019   3.491151   3.491099      72.89          1   39.28036  -63.84724  -0.000068    446.007    446.000    35.0755    27.5788  298.03338  298.55957     6.2589    1483.41    1483.42      1.104      6.219         22 0.0000e+00
      16847 203.951399    701.915    450.913     6.2974     6.2990     0.0016   3.491006   3.490977      11.43          1   39.28036  -63.84724   0.000022    447.004    447.000    35.0755    27.5791  298.04761  298.57405     6.2567    1483.42    1483.43      0.818      6.225         31 0.0000e+00
      16880 203.951415    703.278    451.923     6.2671     6.2689     0.0018   3.488208   3.488198       0.39          1   39.28036  -63.84724   0.000186    447.996    448.000    35.0748    27.5825  298.25736  298.78737     6.2264    1483.32    1483.32      0.794      6.231         31 0.0000e+00
      16906 203.951428    704.393    452.933     6.2460     6.2466     0.0007   3.486187   3.486108       0.94          1   39.28036  -63.84724  -0.000019    448.992    449.000    35.0734    27.5842  298.40596  298.93845     6.2053    1483.25    1483.25      1.089      6.236         22 0.0000e+00
      16926 203.951438    705.208    453.943     6.2322     6.2348     0.0026   3.485035   3.485099       0.57          1   39.28036  -63.84724   0.000223    449.994    450.000    35.0742    27.5866  298.49910  299.03325     6.1915    1483.21    1483.22      1.336      6.242         18 0.0000e+00
      16943 203.951446    705.912    454.952     6.2196     6.2206     0.0010   3.484033   3.483957       0.59          1   39.28036  -63.84723   0.000019    451.002    451.000    35.0754    27.5892  298.58328  299.11896     6.1788    1483.18    1483.18      1.394      6.248         17 0.0000e+00
      16961 203.951454    706.657    455.962     6.2121     6.2138     0.0018   3.483454   3.483410      21.75          1   39.28036  -63.84722  -0.000025    452.011    452.000    35.0761    27.5908  298.63338  299.16998     6.1712    1483.17    1483.18      1.179      6.253         20 0.0000e+00
      16990 203.951468    707.855    456.972     6.2115     6.2129     0.0014   3.483456   3.483357       9.08          1   39.28036  -63.84722  -0.000099    453.005    453.000    35.0762    27.5909  298.63702  299.17368     6.1706    1483.18    1483.19      0.695      6.259         39 0.0000e+00
      17029 203.951487    709.504    457.982     6.2006     6.2000    -0.0006   3.482314   3.482099      14.65          1   39.28036  -63.84722  -0.000038    453.992    454.000    35.0741    27.5907  298.71671  299.25461     6.1596    1483.15    1483.15      0.762      6.265         33 0.0000e+00
      17054 203.951499    710.544    458.992     6.1680     6.1685     0.0005   3.479148   3.479100       0.28          1   39.28036  -63.84722   0.000170    454.991    455.000    35.0716    27.5929  298.94719  299.48894     6.1270    1483.04    1483.04      1.179      6.270         20 0.0000e+00
      17072 203.951508    711.299    460.002     6.1481     6.1500     0.0019   3.477482   3.477478      32.27          1   39.28036  -63.84722   0.000030    455.998    456.000    35.0729    27.5966  299.08205  299.62621     6.1071    1482.98    1482.98      1.370      6.276         17 0.0000e+00
      17089 203.951516    712.013    461.012     6.1468     6.1483     0.0016   3.477432   3.477347       4.21          1   39.28036  -63.84722  -0.000072    457.004    457.000    35.0732    27.5970  299.09058  299.63491     6.1057    1482.99    1482.99      1.337      6.281         18 0.0000e+00
      17109 203.951526    712.830    462.022     6.1449     6.1471     0.0021   3.477313   3.477276       0.82          1   39.28036  -63.84722  -0.000034    458.008    458.000    35.0733    27.5973  299.10318  299.64774     6.1037    1483.00    1483.01      1.108      6.287         22 0.0000e+00
      17135 203.951538    713.901    463.032     6.1449     6.1463     0.0015   3.477345   3.477241       0.84          1   39.28036  -63.84721  -0.000081    459.000    459.000    35.0731    27.5972  299.10355  299.64810     6.1036    1483.02    1483.02      0.899      6.293         28 0.0000e+00
      17161 203.951551    715.015    464.041     6.1428     6.1435     0.0007   3.477186   3.477036       0.92          1   39.28036  -63.84720  -0.000152    459.997    460.000    35.0730    27.5974  299.11844  299.66324     6.1014    1483.02    1483.03      0.972      6.298         25 0.0000e+00
      17185 203.951563    716.005    465.051     6.1354     6.1366     0.0012   3.476489   3.476399      25.17          1   39.28035  -63.84721  -0.000033    461.005    461.000    35.0723    27.5978  299.17117  299.71684     6.0940    1483.01    1483.01      0.956      6.304         24 0.0000e+00
      17215 203.951577    717.262    466.061     6.1322     6.1341     0.0020   3.476282   3.476235      16.63          1   39.28034  -63.84722  -0.000047    462.002    462.000    35.0728    27.5986  299.19231  299.73838     6.0907    1483.02    1483.02      0.719      6.309         37 0.0000e+00
      17249 203.951593    718.658    467.071     6.1319     6.1342     0.0023   3.476314   3.476299      24.20          1   39.28034  -63.84721  -0.000021    462.990    463.000    35.0729    27.5988  299.19396  299.74007     6.0903    1483.03    1483.04      0.953      6.315         26 0.0000e+00
      17269 203.951603    719.515    468.081     6.1306     6.1330     0.0024   3.476231   3.476241       0.18          1   39.28034  -63.84720   0.000014    463.988    464.000    35.0728    27.5988  299.20309  299.74935     6.0889    1483.04    1483.05      1.396      6.320         17 0.0000e+00
      17285 203.951611    720.154    469.091     6.1312     6.1330     0.0018   3.476322   3.476265       0.46          1   39.28034  -63.84720  -0.000044    464.994    465.000    35.0727    27.5987  299.19934  299.74553     6.0894    1483.06    1483.07      1.626      6.326         14 0.0000e+00
      17299 203.951617    720.741    470.101     6.1290     6.1308     0.0018   3.476167   3.476114       0.67          1   39.28034  -63.84720  -0.000059    466.007    466.000    35.0728    27.5991  299.21461  299.76107     6.0871    1483.07    1483.07      1.607      6.332         15 0.0000e+00
      17315 203.951625    721.411    471.111     6.1250     6.1263     0.0013   3.475742   3.475677      51.64          1   39.28034  -63.84720   0.000063    467.017    467.000    35.0716    27.5986  299.24468  299.79158     6.0830    1483.07    1483.07      1.274      6.337         19 0.0000e+00
      17346 203.951640    722.690    472.121     6.1087     6.1093     0.0006   3.474261   3.474144       8.02          1   39.28034  -63.84720  -0.000109    468.006    468.000    35.0712    27.6005  299.35832  299.90718     6.0667    1483.02    1483.02      0.634      6.343         45 0.0000e+00
      17391 203.951662    724.595    473.131     6.0942     6.0977     0.0035   3.472932   3.473053       0.33          1   39.28034  -63.84720   0.000222    468.993    469.000    35.0707    27.6020  299.45989  300.01048     6.0522    1482.98    1482.99      0.690      6.348         36 0.0000e+00
      17418 203.951675    725.708    474.141     6.0888     6.0905     0.0017   3.472469   3.472413       0.61          1   39.28034  -63.84720 5.5383e-07    469.991    470.000    35.0705    27.6025  299.49749  300.04872     6.0467    1482.97    1482.98      1.132      6.354         21 0.0000e+00
      17437 203.951684    726.484    475.151     6.0732     6.0760     0.0029   3.470798   3.470979       0.60          1   39.28034  -63.84720   0.000472    470.993    471.000    35.0674    27.6020  299.61304  300.16608     6.0311    1482.92    1482.94      1.400      6.360         17 0.0000e+00
      17453 203.951692    727.155    476.161     6.0510     6.0524     0.0013   3.468836   3.468822       0.49          1   39.28034  -63.84718   0.000073    472.000    472.000    35.0676    27.6050  299.76599  300.32171     6.0089    1482.86    1482.86      1.517      6.365         16 0.0000e+00
      17468 203.951699    727.804    477.171     6.0388     6.0402     0.0014   3.467657   3.467636       0.59          1   39.28034  -63.84718   0.000103    473.003    473.000    35.0665    27.6058  299.85371  300.41088     5.9966    1482.82    1482.82      1.469      6.370         16 0.0000e+00
      17486 203.951708    728.539    478.181     6.0323     6.0337     0.0014   3.467151   3.467088       0.66          1   39.28034  -63.84718  -0.000035    474.013    474.000    35.0670    27.6070  299.89779  300.45577     5.9900    1482.81    1482.82      1.198      6.376         20 0.0000e+00
      17514 203.951721    729.726    479.191     6.0308     6.0327     0.0019   3.467114   3.467055      14.68          1   39.28034  -63.84718  -0.000056    475.006    475.000    35.0675    27.6076  299.90651  300.46467     5.9885    1482.82    1482.83      0.696      6.382         40 0.0000e+00
      17558 203.951742    731.533    480.201     6.0295     6.0312     0.0017   3.467049   3.466965      -0.30          1   39.28034  -63.84718  -0.000077    475.993    476.000    35.0676    27.6079  299.91526  300.47358     5.9871    1482.84    1482.84      0.661      6.387         38 0.0000e+00
      17586 203.951756    732.689    481.211     6.0280     6.0296     0.0017   3.466984   3.466891       0.76          1   39.28034  -63.84718  -0.000103    476.990    477.000    35.0680    27.6084  299.92541  300.48393     5.9854    1482.85    1482.85      1.142      6.393         21 0.0000e+00
      17604 203.951765    733.449    482.221     6.0287     6.0303     0.0017   3.467099   3.467018       0.69          1   39.28034  -63.84718  -0.000099    477.992    478.000    35.0681    27.6084  299.92037  300.47881     5.9860    1482.87    1482.87      1.449      6.398         16 0.0000e+00
      17619 203.951772    734.091    483.231     6.0318     6.0341     0.0023   3.467460   3.467435       0.64          1   39.28034  -63.84716  -0.000047    479.000    479.000    35.0684    27.6082  299.89789  300.45596     5.9891    1482.90    1482.90      1.560      6.404         15 0.0000e+00
      17634 203.951779    734.729    484.241     6.0323     6.0329     0.0005   3.467507   3.467353      38.50          1   39.28034  -63.84717  -0.000155    480.009    480.000    35.0679    27.6078  299.89528  300.45327     5.9895    1482.91    1482.91      1.437      6.409         16 0.0000e+00
      17654 203.951789    735.562    485.251     6.0318     6.0340     0.0022   3.467528   3.467510      44.01          1   39.28034  -63.84718  -0.000026    481.013    481.000    35.0682    27.6081  299.89855  300.45661     5.9889    1482.93    1482.93      1.004      6.415         26 0.0000e+00
      17690 203.951806    737.057    486.261     6.0314     6.0330     0.0016   3.467542   3.467463       0.41          1   39.28034  -63.84718  -0.000065    481.997    482.000    35.0682    27.6082  299.90102  300.45913     5.9884    1482.94    1482.95      0.616      6.420         41 0.0000e+00
      17723 203.951822    738.416    487.271     6.0271     6.0284     0.0013   3.467155   3.467066      25.32          1   39.28034  -63.84718  -0.000054    482.992    483.000    35.0677    27.6084  299.93165  300.49026     5.9841    1482.94    1482.95      0.998      6.426         25 0.0000e+00
      17744 203.951832    739.277    488.281     6.0243     6.0264     0.0021   3.466968   3.466947       0.89          1   39.28034  -63.84716  -0.000033    483.997    484.000    35.0680    27.6089  299.95049  300.50945     5.9812    1482.95    1482.95      1.232      6.431         19 0.0000e+00
      17762 203.951841    740.062    489.291     6.0236     6.0257     0.0022   3.466980   3.466936       0.47          1   39.28034  -63.84716  -0.000048    485.003    485.000    35.0685    27.6094  299.95495  300.51401     5.9803    1482.96    1482.97      1.237      6.437         19 0.0000e+00
      17783 203.951851    740.924    490.301     6.0227     6.0248     0.0021   3.466926   3.466917      26.98          1   39.28034  -63.84716   0.000013    486.006    486.000    35.0682    27.6093  299.96132  300.52047     5.9794    1482.98    1482.98      1.090      6.442         22 0.0000e+00
      17808 203.951863    741.948    491.311     6.0177     6.0187     0.0010   3.466484   3.466371      22.89          1   39.28034  -63.84716  -0.000074    487.002    487.000    35.0679    27.6098  299.99705  300.55682     5.9743    1482.97    1482.97      0.928      6.448         27 0.0000e+00
      17836 203.951876    743.105    492.321     6.0126     6.0141     0.0015   3.466086   3.465987      22.20          1   39.28034  -63.84714  -0.000092    488.000    488.000    35.0682    27.6106  300.03182  300.59220     5.9691    1482.97    1482.97      0.861      6.453         28 0.0000e+00
      17863 203.951890    744.269    493.331     6.0113     6.0134     0.0022   3.466009   3.465973      13.48          1   39.28034  -63.84714  -0.000041    488.998    489.000    35.0682    27.6108  300.04101  300.60156     5.9677    1482.98    1482.99      0.899      6.459         27 0.0000e+00
      17889 203.951902    745.347    494.341     6.0115     6.0134     0.0019   3.466065   3.466021      11.54          1   39.28034  -63.84714  -0.000029    489.997    490.000    35.0681    27.6107  300.03975  300.60027     5.9678    1483.00    1483.00      0.982      6.464         25 0.0000e+00
