ctd/proc/EN719_CTD10_avg.cnv
* Sea-Bird SBE 9 Data File:
* FileName = D:\ctd\raw\EN719_CTD10.hdr
* Software Version Seasave V 7.26.7.121
* Temperature SN = 4333
* Conductivity SN = 0864
* Number of Bytes Per Scan = 37
* Number of Voltage Words = 4
* Number of Scans Averaged by the Deck Unit = 1
* NMEA Latitude = 38 52.50 N
* NMEA Longitude = 063 41.00 W
* NMEA UTC (Time) = Jul 24 2024  01:02:55
* NMEA baud rate = 4800
** Ship: R/V Endeavor
** Cruise: EN719
** Principal Investigator: Chad Smith
** Chief Scientist: Chad Smith
** Project: NESMA24
** Cruise Start Date: 7 July 2024
** Ports: GSO, Narragansett RI to GSO, Narragansett RI
** Station:  CTD09
** Bottom Depth: 3421
** Operator:  GD
# nquan = 27
# nvalues = 1995                        
# units = specified
# name 0 = scan: Scan Count
# name 1 = timeJ: Julian Days
# name 2 = timeS: Time, Elapsed [seconds]
# name 3 = prDM: Pressure, Digiquartz [db]
# name 4 = t090C: Temperature [ITS-90, deg C]
# name 5 = t190C: Temperature, 2 [ITS-90, deg C]
# name 6 = T2-T190C: Temperature Difference, 2 - 1 [ITS-90, deg C]
# name 7 = c0S/m: Conductivity [S/m]
# name 8 = c1S/m: Conductivity, 2 [S/m]
# name 9 = altM: Altimeter [m]
# name 10 = pumps: Pump Status
# name 11 = latitude: Latitude [deg]
# name 12 = longitude: Longitude [deg]
# name 13 = C2-C1S/m: Conductivity Difference, 2 - 1 [S/m]
# name 14 = depSM: Depth [salt water, m]
# name 15 = depSM: Depth [salt water, m], lat = 38.875
# name 16 = sal00: Salinity, Practical [PSU]
# name 17 = sigma-é00: Density [sigma-theta, kg/m^3]
# name 18 = oxsolMm/Kg: Oxygen Saturation, Garcia & Gordon [umol/kg]
# name 19 = oxsatMm/Kg: Oxygen Saturation, Weiss [umol/kg]
# name 20 = potemp090C: Potential Temperature [ITS-90, deg C]
# name 21 = svCM: Sound Velocity [Chen-Millero, m/s]
# name 22 = svCM1: Sound Velocity, 2 [Chen-Millero, m/s]
# name 23 = dz/dtM: Descent Rate [m/s], WS = 2
# name 24 = gpa: Geopotential Anomaly [J/kg]
# name 25 = nbin: number of scans per bin
# name 26 = flag: flag
# span 0 =        291,      56853       
# span 1 = 206.043855, 206.071133       
# span 2 =     12.073,   2368.851       
# span 3 =      7.053,   2026.008       
# span 4 =     3.5807,    23.8944       
# span 5 =     3.5802,    23.9001       
# span 6 =    -0.1242,     0.0563       
# span 7 =   3.301667,   4.863524       
# span 8 =   3.301831,   4.867032       
# span 9 =     -11.08,      95.88       
# span 10 =          1,          1      
# span 11 =   38.87510,   38.87648      
# span 12 =  -63.68329,  -63.66918      
# span 13 =  -0.007104,   0.023808      
# span 14 =      7.000,   2001.033      
# span 15 =      7.000,   2001.000      
# span 16 =    32.2352,    35.3033      
# span 17 =    21.7472,    27.8111      
# span 18 =  214.09096,  318.10729      
# span 19 =  213.56790,  318.99204      
# span 20 =     3.4170,    23.8923      
# span 21 =    1478.42,    1529.19      
# span 22 =    1478.45,    1529.23      
# span 23 =     -0.166,      1.658      
# span 24 =      0.031,     13.966      
# span 25 =         12,        784      
# span 26 = 0.0000e+00, 0.0000e+00      
# interval = meters: 1                  
# start_time = Jul 24 2024 01:02:57 [System UTC, header]
# bad_flag = -9.990e-29
*END*
[from data line 1611]
      45549 206.065681   1897.834   1636.723     3.8640     3.8652     0.0012   3.311870   3.312002       9.95          1   38.87622  -63.67240   0.000131   1618.005   1618.000    34.9644    27.7855  315.91598  316.75922     3.7329    1493.06    1493.07      0.909     12.158         26 0.0000e+00
      45581 206.065696   1899.158   1637.738     3.8636     3.8646     0.0010   3.311875   3.311999      11.49          1   38.87622  -63.67238   0.000124   1619.000   1619.000    34.9644    27.7855  315.91914  316.76245     3.7324    1493.08    1493.08      0.707     12.163         37 0.0000e+00
      45614 206.065712   1900.540   1638.754     3.8637     3.8649     0.0012   3.311937   3.312060       0.22          1   38.87622  -63.67238   0.000116   1619.991   1620.000    34.9645    27.7856  315.91806  316.76135     3.7324    1493.09    1493.10      0.923     12.167         27 0.0000e+00
      45636 206.065723   1901.461   1639.769     3.8639     3.8649     0.0009   3.311987   3.312119       0.73          1   38.87622  -63.67238   0.000128   1620.993   1621.000    34.9644    27.7855  315.91665  316.75990     3.7325    1493.11    1493.12      1.252     12.172         19 0.0000e+00
      45654 206.065732   1902.198   1640.785     3.8641     3.8648     0.0008   3.312047   3.312170       1.13          1   38.87622  -63.67238   0.000119   1621.998   1622.000    34.9644    27.7855  315.91530  316.75854     3.7326    1493.13    1493.13      1.416     12.177         17 0.0000e+00
      45670 206.065739   1902.890   1641.800     3.8642     3.8650     0.0008   3.312118   3.312235      33.91          1   38.87622  -63.67237   0.000106   1623.005   1623.000    34.9646    27.7857  315.91369  316.75691     3.7327    1493.15    1493.15      1.378     12.181         17 0.0000e+00
      45690 206.065749   1903.708   1642.816     3.8645     3.8657     0.0012   3.312200   3.312332      26.05          1   38.87622  -63.67236   0.000128   1624.015   1624.000    34.9647    27.7858  315.91106  316.75424     3.7328    1493.17    1493.17      1.010     12.186         24 0.0000e+00
      45732 206.065769   1905.448   1643.831     3.8647     3.8655     0.0009   3.312246   3.312361      11.30          1   38.87622  -63.67236   0.000114   1624.995   1625.000    34.9646    27.7857  315.91023  316.75339     3.7329    1493.18    1493.19      0.494     12.191         50 0.0000e+00
      45766 206.065786   1906.889   1644.847     3.8646     3.8657     0.0011   3.312292   3.312418       0.27          1   38.87622  -63.67236   0.000125   1625.993   1626.000    34.9648    27.7858  315.91058  316.75375     3.7327    1493.20    1493.21      1.034     12.196         23 0.0000e+00
      45787 206.065796   1907.750   1645.862     3.8646     3.8655     0.0009   3.312346   3.312477      30.96          1   38.87622  -63.67235   0.000125   1626.998   1627.000    34.9649    27.7859  315.91007  316.75324     3.7326    1493.22    1493.22      1.193     12.200         20 0.0000e+00
      45807 206.065805   1908.586   1646.878     3.8649     3.8660     0.0012   3.312399   3.312533      29.47          1   38.87622  -63.67234   0.000129   1628.001   1628.000    34.9648    27.7858  315.90849  316.75162     3.7328    1493.24    1493.24      1.187     12.205         21 0.0000e+00
      45828 206.065816   1909.468   1647.893     3.8647     3.8659     0.0013   3.312437   3.312563       1.02          1   38.87622  -63.67234   0.000121   1629.002   1629.000    34.9649    27.7859  315.90954  316.75271     3.7325    1493.25    1493.26      1.097     12.210         22 0.0000e+00
      45852 206.065827   1910.460   1648.909     3.8647     3.8658     0.0011   3.312474   3.312606      41.30          1   38.87622  -63.67232   0.000131   1630.003   1630.000    34.9648    27.7859  315.90965  316.75281     3.7324    1493.27    1493.27      0.962     12.215         26 0.0000e+00
      45880 206.065840   1911.612   1649.924     3.8646     3.8655     0.0009   3.312506   3.312629      21.19          1   38.87622  -63.67231   0.000121   1631.003   1631.000    34.9648    27.7859  315.91042  316.75359     3.7322    1493.28    1493.29      0.806     12.219         30 0.0000e+00
      45914 206.065857   1913.056   1650.940     3.8641     3.8650     0.0009   3.312509   3.312632       3.55          1   38.87622  -63.67230   0.000125   1631.999   1632.000    34.9649    27.7860  315.91393  316.75717     3.7317    1493.30    1493.30      0.683     12.224         37 0.0000e+00
      45946 206.065872   1914.381   1651.955     3.8637     3.8647     0.0010   3.312516   3.312640       0.40          1   38.87622  -63.67230   0.000130   1632.990   1633.000    34.9649    27.7861  315.91706  316.76036     3.7312    1493.32    1493.32      1.001     12.229         25 0.0000e+00
      45967 206.065882   1915.236   1652.971     3.8608     3.8614     0.0006   3.312309   3.312406       0.75          1   38.87622  -63.67228   0.000109   1633.995   1634.000    34.9650    27.7864  315.93868  316.78240     3.7283    1493.32    1493.32      1.299     12.234         18 0.0000e+00
      45984 206.065891   1915.960   1653.987     3.8608     3.8616     0.0008   3.312346   3.312467       0.62          1   38.87622  -63.67228   0.000115   1634.999   1635.000    34.9650    27.7865  315.93914  316.78287     3.7281    1493.34    1493.34      1.410     12.238         17 0.0000e+00
      46001 206.065899   1916.672   1655.002     3.8608     3.8617     0.0009   3.312397   3.312507      32.89          1   38.87622  -63.67227   0.000117   1636.006   1636.000    34.9650    27.7865  315.93864  316.78237     3.7281    1493.36    1493.36      1.331     12.243         18 0.0000e+00
      46022 206.065909   1917.526   1656.018     3.8598     3.8604     0.0007   3.312324   3.312422       1.97          1   38.87622  -63.67226   0.000105   1637.011   1637.000    34.9647    27.7864  315.94698  316.79085     3.7270    1493.37    1493.37      1.012     12.248         24 0.0000e+00
      46056 206.065925   1918.942   1657.033     3.8588     3.8598     0.0010   3.312279   3.312401      43.17          1   38.87622  -63.67226   0.000117   1638.000   1638.000    34.9648    27.7865  315.95448  316.79849     3.7259    1493.38    1493.38      0.617     12.252         42 0.0000e+00
      46094 206.065944   1920.536   1658.049     3.8576     3.8588     0.0012   3.312188   3.312339      18.63          1   38.87624  -63.67224   0.000170   1638.996   1639.000    34.9645    27.7864  315.96447  316.80865     3.7246    1493.39    1493.40      0.769     12.257         32 0.0000e+00
      46121 206.065957   1921.670   1659.065     3.8548     3.8558     0.0010   3.311984   3.312104      30.25          1   38.87624  -63.67223   0.000116   1639.993   1640.000    34.9645    27.7867  315.98561  316.83019     3.7218    1493.40    1493.40      1.049     12.262         23 0.0000e+00
      46142 206.065967   1922.532   1660.080     3.8539     3.8549     0.0010   3.311950   3.312089      56.03          1   38.87624  -63.67222   0.000144   1640.996   1641.000    34.9646    27.7869  315.99240  316.83712     3.7208    1493.41    1493.41      1.240     12.267         20 0.0000e+00
      46160 206.065976   1923.312   1661.096     3.8528     3.8540     0.0012   3.311919   3.312067      21.32          1   38.87624  -63.67222   0.000148   1642.003   1642.000    34.9649    27.7872  315.99999  316.84488     3.7196    1493.42    1493.43      1.257     12.271         19 0.0000e+00
      46181 206.065986   1924.162   1662.111     3.8519     3.8537     0.0018   3.311862   3.312055      10.63          1   38.87624  -63.67220   0.000198   1643.007   1643.000    34.9647    27.7872  316.00775  316.85278     3.7186    1493.44    1493.44      1.072     12.276         22 0.0000e+00
      46208 206.065999   1925.291   1663.127     3.8502     3.8511     0.0009   3.311739   3.311863       0.64          1   38.87624  -63.67220   0.000129   1644.002   1644.000    34.9645    27.7872  316.02102  316.86629     3.7168    1493.44    1493.45      0.835     12.281         31 0.0000e+00
      46237 206.066013   1926.513   1664.143     3.8501     3.8513     0.0012   3.311788   3.311918       0.99          1   38.87625  -63.67219   0.000128   1644.999   1645.000    34.9647    27.7874  316.02108  316.86636     3.7167    1493.46    1493.47      0.885     12.285         27 0.0000e+00
      46264 206.066026   1927.631   1665.158     3.8503     3.8516     0.0013   3.311845   3.311987      42.27          1   38.87626  -63.67218   0.000139   1646.003   1646.000    34.9646    27.7873  316.01965  316.86490     3.7168    1493.48    1493.49      0.853     12.290         28 0.0000e+00
      46296 206.066041   1928.963   1666.174     3.8505     3.8516     0.0011   3.311908   3.312037       0.37          1   38.87626  -63.67218   0.000126   1646.999   1647.000    34.9647    27.7874  316.01808  316.86330     3.7168    1493.50    1493.50      0.752     12.295         35 0.0000e+00
      46326 206.066056   1930.193   1667.190     3.8505     3.8517     0.0012   3.311957   3.312085      27.15          1   38.87626  -63.67216   0.000124   1647.990   1648.000    34.9647    27.7874  316.01771  316.86293     3.7168    1493.51    1493.52      1.037     12.300         23 0.0000e+00
      46346 206.066065   1931.034   1668.205     3.8507     3.8516     0.0008   3.312015   3.312126      34.21          1   38.87626  -63.67216   0.000104   1648.995   1649.000    34.9647    27.7874  316.01631  316.86150     3.7169    1493.53    1493.54      1.307     12.304         18 0.0000e+00
      46363 206.066074   1931.760   1669.221     3.8509     3.8516     0.0007   3.312066   3.312173      35.95          1   38.87626  -63.67215   0.000109   1650.001   1650.000    34.9647    27.7874  316.01525  316.86042     3.7169    1493.55    1493.55      1.369     12.309         17 0.0000e+00
      46382 206.066083   1932.524   1670.237     3.8487     3.8493     0.0006   3.311861   3.311965       1.19          1   38.87626  -63.67214   0.000132   1651.009   1651.000    34.9641    27.7871  316.03333  316.87879     3.7147    1493.56    1493.56      1.184     12.314         21 0.0000e+00
      46408 206.066095   1933.612   1671.252     3.8469     3.8475     0.0006   3.311748   3.311835       0.69          1   38.87626  -63.67214   0.000088   1652.005   1652.000    34.9642    27.7874  316.04697  316.89270     3.7128    1493.57    1493.57      0.799     12.319         33 0.0000e+00
      46443 206.066112   1935.083   1672.268     3.8462     3.8472     0.0010   3.311740   3.311861      15.15          1   38.87626  -63.67214   0.000117   1652.997   1653.000    34.9643    27.7875  316.05189  316.89772     3.7120    1493.58    1493.59      0.720     12.323         34 0.0000e+00
      46473 206.066127   1936.344   1673.283     3.8463     3.8476     0.0014   3.311797   3.311944      52.53          1   38.87626  -63.67212   0.000143   1653.995   1654.000    34.9644    27.7876  316.05102  316.89685     3.7120    1493.60    1493.61      0.933     12.328         26 0.0000e+00
      46497 206.066138   1937.313   1674.299     3.8465     3.8477     0.0012   3.311854   3.311994      28.28          1   38.87626  -63.67212   0.000142   1654.995   1655.000    34.9643    27.7876  316.04952  316.89531     3.7121    1493.62    1493.62      1.150     12.333         21 0.0000e+00
      46516 206.066147   1938.135   1675.315     3.8468     3.8476     0.0008   3.311940   3.312048      25.53          1   38.87626  -63.67212   0.000097   1656.001   1656.000    34.9645    27.7877  316.04671  316.89247     3.7123    1493.63    1493.64      1.222     12.337         19 0.0000e+00
      46537 206.066157   1938.998   1676.331     3.8472     3.8486     0.0014   3.312021   3.312162       5.69          1   38.87626  -63.67211   0.000129   1657.009   1657.000    34.9646    27.7877  316.04377  316.88948     3.7126    1493.65    1493.66      1.021     12.342         24 0.0000e+00
      46571 206.066174   1940.408   1677.346     3.8473     3.8479     0.0006   3.312079   3.312170      14.19          1   38.87626  -63.67210   0.000091   1658.000   1658.000    34.9647    27.7878  316.04256  316.88824     3.7127    1493.67    1493.67      0.625     12.347         43 0.0000e+00
      46606 206.066191   1941.880   1678.362     3.8478     3.8489     0.0011   3.312201   3.312321       0.40          1   38.87626  -63.67209   0.000112   1658.991   1659.000    34.9651    27.7880  316.03768  316.88330     3.7131    1493.69    1493.70      0.980     12.352         25 0.0000e+00
      46627 206.066201   1942.742   1679.378     3.8456     3.8459     0.0002   3.311995   3.312083      31.20          1   38.87626  -63.67208   0.000137   1659.995   1660.000    34.9645    27.7878  316.05598  316.90191     3.7108    1493.70    1493.70      1.254     12.356         19 0.0000e+00
      46645 206.066210   1943.503   1680.393     3.8406     3.8409     0.0003   3.311553   3.311653      11.06          1   38.87626  -63.67208   0.000154   1661.002   1661.000    34.9640    27.7879  316.09510  316.94174     3.7058    1493.69    1493.70      1.304     12.361         18 0.0000e+00
      46664 206.066219   1944.308   1681.409     3.8327     3.8335     0.0007   3.310850   3.310970      20.14          1   38.87626  -63.67208   0.000136   1662.006   1662.000    34.9636    27.7884  316.15664  317.00442     3.6979    1493.68    1493.68      1.151     12.366         21 0.0000e+00
      46689 206.066231   1945.335   1682.425     3.8332     3.8344     0.0012   3.311028   3.311160       0.88          1   38.87626  -63.67206   0.000111   1663.004   1663.000    34.9647    27.7892  316.15042  316.99817     3.6982    1493.70    1493.70      0.888     12.371         28 0.0000e+00
      46720 206.066245   1946.607   1683.441     3.8354     3.8361     0.0007   3.311310   3.311410       0.56          1   38.87626  -63.67206   0.000098   1663.999   1664.000    34.9652    27.7894  316.13216  316.97960     3.7003    1493.72    1493.73      0.786     12.375         32 0.0000e+00
      46750 206.066260   1947.892   1684.456     3.8354     3.8365     0.0011   3.311341   3.311482      36.59          1   38.87626  -63.67205   0.000137   1665.000   1665.000    34.9651    27.7893  316.13269  316.98013     3.7002    1493.74    1493.75      0.805     12.380         30 0.0000e+00
      46779 206.066274   1949.092   1685.472     3.8357     3.8368     0.0011   3.311416   3.311551      27.53          1   38.87626  -63.67204   0.000133   1665.994   1666.000    34.9651    27.7894  316.13016  316.97756     3.7004    1493.76    1493.76      0.960     12.385         26 0.0000e+00
      46802 206.066285   1950.036   1686.488     3.8389     3.8395     0.0005   3.311870   3.311911       0.14          1   38.87626  -63.67204  -0.000014   1666.996   1667.000    34.9666    27.7902  316.10194  316.94892     3.7035    1493.79    1493.79      1.178     12.389         20 0.0000e+00
      46821 206.066294   1950.841   1687.503     3.8409     3.8421     0.0012   3.312130   3.312260      30.22          1   38.87626  -63.67203   0.000119   1668.003   1668.000    34.9671    27.7904  316.08564  316.93234     3.7054    1493.82    1493.82      1.204     12.394         20 0.0000e+00
      46844 206.066305   1951.784   1688.519     3.8407     3.8419     0.0012   3.312151   3.312294       2.64          1   38.87626  -63.67202   0.000144   1669.010   1669.000    34.9670    27.7904  316.08728  316.93401     3.7051    1493.83    1493.84      0.901     12.399         28 0.0000e+00
      46879 206.066322   1953.247   1689.535     3.8389     3.8399     0.0010   3.312032   3.312160      26.06          1   38.87626  -63.67202   0.000133   1669.994   1670.000    34.9671    27.7907  316.10130  316.94830     3.7032    1493.84    1493.85      0.710     12.404         36 0.0000e+00
