ctd/proc/EN719_CTD04_avg.cnv
* Sea-Bird SBE 9 Data File:
* FileName = D:\ctd\raw\EN719_CTD04.hdr
* Software Version Seasave V 7.26.7.121
* Temperature SN = 4333
* Conductivity SN = 0864
* Number of Bytes Per Scan = 37
* Number of Voltage Words = 4
* Number of Scans Averaged by the Deck Unit = 1
* NMEA Latitude = 38 41.14 N
* NMEA Longitude = 063 42.51 W
* NMEA UTC (Time) = Jul 12 2024  20:37:11
* NMEA baud rate = 4800
** Ship: R/V Endeavor
** Cruise: EN719
** Principal Investigator: Chad Smith
** Chief Scientist: Chad Smith
** Project: NESMA24
** Cruise Start Date: 7 July 2024
** Ports: GSO, Narragansett RI to GSO, Narragansett RI
** Station:
** Bottom Depth: 4992
** Operator:  gDies
# nquan = 27
# nvalues = 1994                        
# units = specified
# name 0 = scan: Scan Count
# name 1 = timeJ: Julian Days
# name 2 = timeS: Time, Elapsed [seconds]
# name 3 = prDM: Pressure, Digiquartz [db]
# name 4 = t090C: Temperature [ITS-90, deg C]
# name 5 = t190C: Temperature, 2 [ITS-90, deg C]
# name 6 = T2-T190C: Temperature Difference, 2 - 1 [ITS-90, deg C]
# name 7 = c0S/m: Conductivity [S/m]
# name 8 = c1S/m: Conductivity, 2 [S/m]
# name 9 = altM: Altimeter [m]
# name 10 = pumps: Pump Status
# name 11 = latitude: Latitude [deg]
# name 12 = longitude: Longitude [deg]
# name 13 = C2-C1S/m: Conductivity Difference, 2 - 1 [S/m]
# name 14 = depSM: Depth [salt water, m]
# name 15 = depSM: Depth [salt water, m], lat = 38.6857
# name 16 = sal00: Salinity, Practical [PSU]
# name 17 = sigma-é00: Density [sigma-theta, kg/m^3]
# name 18 = oxsolMm/Kg: Oxygen Saturation, Garcia & Gordon [umol/kg]
# name 19 = oxsatMm/Kg: Oxygen Saturation, Weiss [umol/kg]
# name 20 = potemp090C: Potential Temperature [ITS-90, deg C]
# name 21 = svCM: Sound Velocity [Chen-Millero, m/s]
# name 22 = svCM1: Sound Velocity, 2 [Chen-Millero, m/s]
# name 23 = dz/dtM: Descent Rate [m/s], WS = 2
# name 24 = gpa: Geopotential Anomaly [J/kg]
# name 25 = nbin: number of scans per bin
# name 26 = flag: flag
# span 0 =        532,      57104       
# span 1 = 194.859446, 194.886728       
# span 2 =     22.115,   2379.301       
# span 3 =      8.061,   2025.974       
# span 4 =     3.7798,    28.0157       
# span 5 =     3.7811,    28.0147       
# span 6 =    -0.3846,     0.1691       
# span 7 =   3.320300,   5.824528       
# span 8 =   3.320448,   5.824218       
# span 9 =     -11.97,      90.16       
# span 10 =          1,          1      
# span 11 =   38.68222,   38.68570      
# span 12 =  -63.70837,  -63.68864      
# span 13 =  -0.047293,   0.021747      
# span 14 =      8.000,   2001.048      
# span 15 =      8.000,   2001.000      
# span 16 =    34.1526,    36.5815      
# span 17 =    22.7075,    27.7987      
# span 18 =  195.07885,  316.55531      
# span 19 =  194.57727,  317.41092      
# span 20 =     3.6131,    28.0100      
# span 21 =    1486.35,    1543.28      
# span 22 =    1486.35,    1543.28      
# span 23 =     -0.212,      1.600      
# span 24 =      0.067,     18.478      
# span 25 =          4,       1176      
# span 26 = 0.0000e+00, 0.0000e+00      
# interval = meters: 1                  
# start_time = Jul 12 2024 20:37:14 [System UTC, header]
# bad_flag = -9.990e-29
*END*
[from data line 54]
       5044 194.861622    210.112     62.481    27.2781    27.2772    -0.0009   5.739083   5.739277       0.54          1   38.68560  -63.70622   0.000277     61.994     62.000    36.3543    23.6534  197.46017  196.95100    27.2636    1542.21    1542.21      0.823      2.964         29 0.0000e+00
       5069 194.861634    211.154     63.489    27.2595    27.2581    -0.0014   5.736618   5.736800       0.53          1   38.68560  -63.70622   0.000529     63.003     63.000    36.3509    23.6569  197.52373  197.01440    27.2448    1542.18    1542.18      0.882      3.007         26 0.0000e+00
       5109 194.861653    212.832     64.497    27.0652    27.0718     0.0065   5.708503   5.708910       9.42          1   38.68560  -63.70619   0.002342     64.004     64.000    36.3007    23.6816  198.20953  197.69861    27.0504    1541.70    1541.72      0.457      3.050         62 0.0000e+00
       5175 194.861685    215.573     65.504    26.5791    26.5278    -0.0513   5.640341   5.634142      19.19          1   38.68560  -63.70616  -0.005383     64.997     65.000    36.1899    23.7534  199.92087  199.40687    26.5642    1540.50    1540.37      0.457      3.092         53 0.0000e+00
       5219 194.861706    217.402     66.512    26.4803    26.4831     0.0028   5.635396   5.635797      35.38          1   38.68559  -63.70614  -0.000583     66.000     66.000    36.2313    23.8161  200.19013  199.67610    26.4652    1540.33    1540.34      0.575      3.134         42 0.0000e+00
       5261 194.861727    219.174     67.520    26.7093    26.7339     0.0247   5.678513   5.682416       1.95          1   38.68559  -63.70612   0.002440     67.001     67.000    36.3630    23.8427  199.27750  198.76511    26.6939    1541.01    1541.08      0.517      3.175         47 0.0000e+00
       5314 194.861752    221.371     68.528    26.7773    26.7794     0.0020   5.691289   5.692234       8.32          1   38.68560  -63.70608   0.001313     67.998     68.000    36.4015    23.8501  199.00802  198.49615    26.7616    1541.23    1541.24      0.476      3.216         50 0.0000e+00
       5357 194.861773    223.161     69.536    26.4597    26.4440    -0.0157   5.643442   5.643239       6.29          1   38.68560  -63.70606   0.003984     69.000     69.000    36.3046    23.8779  200.16596  199.65247    26.4440    1540.41    1540.39      0.602      3.257         40 0.0000e+00
       5405 194.861796    225.165     70.544    25.9478    25.9421    -0.0057   5.569148   5.569366       1.06          1   38.68561  -63.70604   0.001442     70.002     70.000    36.1669    23.9352  202.02850  201.51356    25.9320    1539.09    1539.09      0.404      3.298         63 0.0000e+00
       5473 194.861829    227.991     71.552    25.7439    25.7440     0.0001   5.537871   5.538208       0.59          1   38.68560  -63.70600   0.001258     70.996     71.000    36.0986    23.9473  202.79535  202.28013    25.7280    1538.56    1538.56      0.445      3.338         57 0.0000e+00
       5511 194.861847    229.595     72.560    25.2058    25.1890    -0.0168   5.446836   5.449813       0.59          1   38.68560  -63.70598   0.013687     71.995     72.000    35.8511    23.9261  204.94317  204.42848    25.1900    1537.03    1537.03      0.836      3.378         28 0.0000e+00
       5537 194.861860    230.668     73.568    24.0977    24.0570    -0.0407   5.288000   5.287330      22.75          1   38.68560  -63.70597   0.005893     73.004     73.000    35.5420    24.0271  209.20148  208.69355    24.0822    1534.02    1533.95      0.877      3.418         26 0.0000e+00
       5594 194.861887    233.059     74.576    23.4824    23.0978    -0.3846   5.209448   5.158325       8.00          1   38.68561  -63.70594  -0.047293     74.001     74.000    35.4346    24.1267  211.55779  211.05736    23.4669    1532.39    1531.33      0.308      3.457         94 0.0000e+00
       5664 194.861921    235.973     75.584    22.5423    22.5278    -0.0145   5.086470   5.087228       5.74          1   38.68562  -63.70590   0.002405     74.994     75.000    35.2430    24.2537  215.25955  214.77304    22.5271    1529.81    1529.79      0.744      3.495         33 0.0000e+00
       5691 194.861934    237.095     76.592    21.9175    21.8687    -0.0488   5.006745   5.005245      18.38          1   38.68560  -63.70588   0.003770     76.005     76.000    35.1234    24.3387  217.79242  217.31838    21.9024    1528.06    1527.96      0.790      3.532         29 0.0000e+00
       5740 194.861958    239.144     77.600    21.5092    21.4984    -0.0109   4.958111   4.957066      16.84          1   38.68561  -63.70586  -0.000345     77.002     77.000    35.0707    24.4122  219.43263  218.96767    21.4941    1526.94    1526.91      0.374      3.568         74 0.0000e+00
       5806 194.861989    241.885     78.608    21.2287    21.2088    -0.0199   4.918798   4.917441      -0.64          1   38.68562  -63.70583   0.000992     77.995     78.000    34.9861    24.4250  220.64566  220.18721    21.2136    1526.12    1526.07      0.565      3.603         43 0.0000e+00
       5839 194.862005    243.271     79.616    20.7604    20.7446    -0.0159   4.858132   4.857827      20.33          1   38.68562  -63.70580   0.001966     79.001     79.000    34.8824    24.4733  222.64131  222.19476    20.7453    1524.76    1524.73      0.759      3.639         31 0.0000e+00
       5881 194.862025    244.999     80.624    20.4221    20.4009    -0.0213   4.816251   4.814220      11.24          1   38.68562  -63.70578  -0.000742     80.003     80.000    34.8211    24.5173  224.08514  223.64797    20.4070    1523.78    1523.72      0.447      3.673         62 0.0000e+00
       5943 194.862055    247.590     81.632    20.1936    20.1890    -0.0046   4.788256   4.788224       0.17          1   38.68562  -63.70575   0.000430     80.997     81.000    34.7815    24.5479  225.06470  224.63411    20.1785    1523.13    1523.12      0.499      3.708         47 0.0000e+00
       5990 194.862078    249.536     82.640    19.9370    19.9109    -0.0261   4.756137   4.753890      11.15          1   38.68562  -63.70573  -0.000239     82.002     82.000    34.7302    24.5764  226.18897  225.76616    19.9219    1522.38    1522.31      0.448      3.742         55 0.0000e+00
       6043 194.862104    251.755     83.648    19.4902    19.4852    -0.0050   4.702425   4.702747      17.34          1   38.68562  -63.70570   0.000651     82.998     83.000    34.6582    24.6380  228.13785  227.72922    19.4751    1521.06    1521.06      0.524      3.776         46 0.0000e+00
       6085 194.862124    253.496     84.656    19.6004    19.6305     0.0302   4.729761   4.733974      10.09          1   38.68562  -63.70567   0.000801     83.999     84.000    34.7918    24.7114  227.47951  227.06804    19.5850    1521.54    1521.63      0.615      3.809         40 0.0000e+00
       6125 194.862143    255.159     85.664    20.4732    20.4815     0.0084   4.870120   4.868147      12.95          1   38.68562  -63.70566  -0.007928     85.004     85.000    35.2124    24.8013  223.31433  222.87843    20.4571    1524.43    1524.43      0.511      3.842         47 0.0000e+00
       6194 194.862176    258.035     86.672    21.5312    21.5833     0.0521   5.031286   5.037687      -0.94          1   38.68561  -63.70563   0.002364     85.997     86.000    35.6308    24.8325  218.54331  218.08126    21.5143    1527.77    1527.92      0.330      3.873         70 0.0000e+00
       6243 194.862200    260.090     87.680    22.0925    22.0781    -0.0144   5.116983   5.114470       0.73          1   38.68561  -63.70560  -0.002647     86.999     87.000    35.8454    24.8392  216.09491  215.62114    22.0751    1529.50    1529.46      0.587      3.905         42 0.0000e+00
       6281 194.862218    261.669     88.688    22.4100    22.4213     0.0113   5.170092   5.170508      16.41          1   38.68561  -63.70558  -0.003209     88.000     88.000    35.9995    24.8664  214.69011  214.21078    22.3922    1530.51    1530.54      0.668      3.937         35 0.0000e+00
       6326 194.862240    263.548     89.696    22.4505    22.4430    -0.0076   5.178169   5.177930      10.12          1   38.68562  -63.70556  -0.000070     89.002     89.000    36.0290    24.8774  214.49745  214.01748    22.4325    1530.67    1530.65      0.418      3.968         64 0.0000e+00
       6396 194.862274    266.448     90.704    22.2263    22.2197    -0.0065   5.151251   5.151566       0.05          1   38.68562  -63.70552   0.002189     89.998     90.000    36.0031    24.9214  215.37159  214.89603    22.2081    1530.07    1530.07      0.410      3.999         59 0.0000e+00
       6440 194.862295    268.296     91.712    21.7059    21.6739    -0.0320   5.081653   5.079154       0.60          1   38.68562  -63.70550   0.000040     90.997     91.000    35.8852    24.9781  217.50371  217.03886    21.6879    1528.60    1528.52      0.686      4.030         35 0.0000e+00
       6473 194.862311    269.686     92.720    21.3468    21.2951    -0.0517   5.031641   5.026236       0.64          1   38.68562  -63.70548  -0.001688     92.003     92.000    35.7855    25.0016  219.02682  218.57014    21.3289    1527.55    1527.41      0.643      4.060         37 0.0000e+00
       6534 194.862341    272.227     93.728    20.6658    20.6141    -0.0518   4.936677   4.930771       7.72          1   38.68561  -63.70545  -0.003890     92.999     93.000    35.5905    25.0390  221.97288  221.53325    20.6481    1525.52    1525.38      0.310      4.090         80 0.0000e+00
       6593 194.862369    274.651     94.736    20.2489    20.1005    -0.1484   4.874085   4.854426       0.55          1   38.68560  -63.70541  -0.006186     93.999     94.000    35.4306    25.0288  223.87458  223.44630    20.2312    1524.22    1523.76      0.632      4.119         37 0.0000e+00
       6634 194.862389    276.382     95.744    17.0109    16.8595    -0.1514   4.438927   4.431426      13.95          1   38.68562  -63.70539   0.001808     95.001     95.000    34.5055    25.1321  239.22400  238.91506    16.9952    1513.85    1513.48      0.495      4.149         50 0.0000e+00
       6683 194.862412    278.437     96.752    15.8738    15.8773     0.0036   4.305070   4.306607      23.33          1   38.68562  -63.70536   0.003373     95.997     96.000    34.3112    25.2501  244.75233  244.49502    15.8587    1510.21    1510.23      0.578      4.177         42 0.0000e+00
       6726 194.862433    280.212     97.760    15.7143    15.6814    -0.0329   4.286952   4.283674      18.82          1   38.68562  -63.70535  -0.001994     97.004     97.000    34.2870    25.2672  245.55735  245.30822    15.6992    1509.70    1509.60      0.441      4.205         57 0.0000e+00
       6804 194.862470    283.439     98.769    15.3101    15.2780    -0.0321   4.240796   4.238197       0.24          1   38.68561  -63.70531  -0.001883     97.994     98.000    34.2237    25.3086  247.60811  247.37983    15.2951    1508.38    1508.29      0.357      4.232         66 0.0000e+00
       6842 194.862489    285.049     99.777    15.1626    15.1661     0.0035   4.229389   4.230214       0.59          1   38.68564  -63.70529   0.000245     99.001     99.000    34.2490    25.3607  248.28279  248.06276    15.1475    1507.97    1507.98      0.727      4.259         33 0.0000e+00
       6876 194.862505    286.441    100.785    15.2836    15.3009     0.0173   4.251416   4.253282       0.67          1   38.68564  -63.70526   0.000624    100.001    100.000    34.3419    25.4056  247.53617  247.31035    15.2683    1508.47    1508.53      0.671      4.285         35 0.0000e+00
       6933 194.862533    288.849    101.793    15.3023    15.2824    -0.0199   4.255619   4.253948       0.64          1   38.68564  -63.70524  -0.001567    101.002    101.000    34.3631    25.4178  247.40896  247.18230    15.2868    1508.57    1508.51      0.317      4.311         88 0.0000e+00
       7005 194.862568    291.837    102.801    15.2537    15.2559     0.0022   4.251413   4.251909       0.65          1   38.68562  -63.70520   0.000432    101.996    102.000    34.3673    25.4318  247.63737  247.41338    15.2381    1508.44    1508.45      0.576      4.337         42 0.0000e+00
       7042 194.862586    293.390    103.809    15.2589    15.2610     0.0022   4.252307   4.252761       0.74          1   38.68562  -63.70518   0.000350    103.001    103.000    34.3705    25.4332  247.60706  247.38282    15.2431    1508.48    1508.49      0.613      4.363         39 0.0000e+00
       7086 194.862607    295.207    104.817    15.2648    15.2632    -0.0017   4.253202   4.253143       1.87          1   38.68562  -63.70516  -0.000045    104.002    104.000    34.3729    25.4338  247.57384  247.34929    15.2489    1508.52    1508.51      0.487      4.389         51 0.0000e+00
       7145 194.862635    297.652    105.825    15.2697    15.2714     0.0017   4.254152   4.254428      35.49          1   38.68562  -63.70513   0.000094    104.998    105.000    34.3769    25.4358  247.54374  247.31896    15.2536    1508.55    1508.56      0.407      4.415         59 0.0000e+00
       7195 194.862659    299.761    106.833    15.3685    15.3733     0.0048   4.267997   4.268386      12.86          1   38.68562  -63.70510  -0.000256    106.001    106.000    34.4149    25.4432  247.00081  246.77101    15.3522    1508.92    1508.94      0.493      4.441         48 0.0000e+00
       7258 194.862689    302.361    107.842    15.4596    15.4622     0.0025   4.279930   4.280320       9.48          1   38.68562  -63.70507   0.000221    106.998    107.000    34.4422    25.4440  246.51486  246.28040    15.4431    1509.26    1509.27      0.371      4.467         67 0.0000e+00
       7304 194.862712    304.287    108.850    15.4768    15.4798     0.0030   4.282119   4.282632       0.59          1   38.68562  -63.70504   0.000477    107.997    108.000    34.4464    25.4435  246.42501  246.18967    15.4601    1509.33    1509.34      0.748      4.492         31 0.0000e+00
       7337 194.862728    305.665    109.858    15.4831    15.4860     0.0029   4.283063   4.283509      24.81          1   38.68561  -63.70503   0.000387    109.007    109.000    34.4490    25.4441  246.39036  246.15471    15.4662    1509.37    1509.38      0.565      4.518         44 0.0000e+00
       7419 194.862767    309.079    110.866    15.4914    15.4876    -0.0037   4.284002   4.283670       3.43          1   38.68562  -63.70500  -0.000330    109.996    110.000    34.4498    25.4430  246.34927  246.11318    15.4743    1509.42    1509.40      0.236      4.544         87 0.0000e+00
       7469 194.862791    311.169    111.874    15.4966    15.4993     0.0028   4.284745   4.285159       0.47          1   38.68562  -63.70496   0.000367    110.996    111.000    34.4516    25.4432  246.32132  246.08497    15.4794    1509.45    1509.46      0.689      4.570         35 0.0000e+00
       7501 194.862807    312.491    112.882    15.4990    15.4981    -0.0009   4.284966   4.284940      16.39          1   38.68562  -63.70495   0.000021    112.003    112.000    34.4510    25.4422  246.31038  246.07389    15.4817    1509.47    1509.47      0.705      4.596         34 0.0000e+00
       7549 194.862830    314.506    113.890    15.4817    15.4733    -0.0084   4.282510   4.281541       9.45          1   38.68562  -63.70492  -0.000700    113.002    113.000    34.4437    25.4405  246.40607  246.17044    15.4642    1509.43    1509.40      0.387      4.621         68 0.0000e+00
       7624 194.862866    317.618    114.899    15.4310    15.4276    -0.0034   4.275873   4.275534       7.09          1   38.68562  -63.70489  -0.000557    113.999    114.000    34.4280    25.4397  246.67696  246.44391    15.4134    1509.27    1509.26      0.349      4.647         71 0.0000e+00
