ctd/proc/en717_03.ros
* Sea-Bird SBE 9 Data File:
* FileName = D:\ctd\raw\EN717_03.hdr
* Software Version Seasave V 7.26.7.121
* Temperature SN = 4695
* Conductivity SN = 0618
* Number of Bytes Per Scan = 40
* Number of Voltage Words = 5
* Number of Scans Averaged by the Deck Unit = 1
* NMEA Latitude = 39 25.85 N
* NMEA Longitude = 071 17.74 W
* NMEA UTC (Time) = Jun 08 2024  18:07:13
* NMEA baud rate = 4800
** Ship: R/V Endeavor
** Cruise: EN717
** Principal Investigator: David Smith
** Chief Scientist: David Smith
** Project: RITAS
** Cruise Start Date: 07 June 2024
** Ports: from and to GSO, Narragansett, RI
** Station:  03
** Bottom Depth (m): 2471
** Operator:
# nquan = 25
# nvalues = 1176                                  
# units = specified
# name 0 = scan: Scan Count
# name 1 = timeJ: Julian Days
# name 2 = timeS: Time, Elapsed [seconds]
# name 3 = prDM: Pressure, Digiquartz [db]
# name 4 = t090C: Temperature [ITS-90, deg C]
# name 5 = t190C: Temperature, 2 [ITS-90, deg C]
# name 6 = T2-T190C: Temperature Difference, 2 - 1 [ITS-90, deg C]
# name 7 = c0S/m: Conductivity [S/m]
# name 8 = c1S/m: Conductivity, 2 [S/m]
# name 9 = CStarAt0: Beam Attenuation, WET Labs C-Star [1/m]
# name 10 = CStarTr0: Beam Transmission, WET Labs C-Star [%]
# name 11 = flECO-AFL: Fluorescence, WET Labs ECO-AFL/FL [mg/m^3]
# name 12 = altM: Altimeter [m]
# name 13 = sbeox0V: Oxygen raw, SBE 43 [V]
# name 14 = sbeox1V: Oxygen raw, SBE 43, 2 [V]
# name 15 = par: PAR/Irradiance, Biospherical/Licor [umol photons/m^2/sec]
# name 16 = cpar: CPAR/Corrected Irradiance [%]
# name 17 = spar: SPAR, Biospherical/Licor [umol photons/m^2/sec]
# name 18 = pumps: Pump Status
# name 19 = latitude: Latitude [deg]
# name 20 = longitude: Longitude [deg]
# name 21 = C2-C1S/m: Conductivity Difference, 2 - 1 [S/m]
# name 22 = depSM: Depth [salt water, m]
# name 23 = nbf: Bottles Fired
# name 24 = flag:  0.000e+00
# interval = seconds: 0.0416667
# start_time = Jun 08 2024 18:07:15 [System UTC, header]
# bad_flag = -9.990e-29
*END*
[from data line 174]
     113344 160.809695   4722.625   2024.746     3.5827     3.5831     0.0004   3.301969   3.301790     0.4527    89.2989     0.0003       0.37     2.5849     1.7670 1.0000e-12 4.3328e-14 2.3080e+03          1   39.41744  -71.29590  -0.000180   1999.661          4  0.000e+00
     113345 160.809695   4722.667   2024.678     3.5827     3.5832     0.0005   3.301995   3.301826     0.4527    89.2989     0.0003       0.42     2.5886     1.7670 1.0000e-12 4.3328e-14 2.3080e+03          1   39.41744  -71.29590  -0.000169   1999.594          4  0.000e+00
     113346 160.809696   4722.708   2024.678     3.5829     3.5832     0.0003   3.302028   3.301820     0.4527    89.2989     0.0003       0.68     2.5886     1.7670 1.0000e-12 4.3328e-14 2.3080e+03          1   39.41744  -71.29590  -0.000208   1999.594          4  0.000e+00
     113347 160.809696   4722.750   2024.609     3.5832     3.5833     0.0001   3.301989   3.301856     0.4527    89.2989     0.0003       0.78     2.5886     1.7670 1.0000e-12 4.3328e-14 2.3080e+03          1   39.41744  -71.29590  -0.000133   1999.527          4  0.000e+00
     113348 160.809697   4722.792   2024.678     3.5831     3.5831     0.0000   3.301995   3.301850     0.4517    89.3226     0.0003       0.78     2.5886     1.7670 1.0000e-12 4.3328e-14 2.3080e+03          1   39.41744  -71.29588  -0.000145   1999.594          4  0.000e+00
     113349 160.809697   4722.833   2024.609     3.5832     3.5832 7.3300e-07   3.302008   3.301820     0.4527    89.2989     0.0003       0.76     2.5886     1.7658 1.0000e-12 4.3328e-14 2.3080e+03          1   39.41744  -71.29588  -0.000188   1999.527          4  0.000e+00
     113350 160.809698   4722.875   2024.609     3.5834     3.5834 2.0700e-07   3.302021   3.301856     0.4517    89.3226     0.0003       0.78     2.5886     1.7670 1.0000e-12 4.3328e-14 2.3080e+03          1   39.41744  -71.29588  -0.000165   1999.527          4  0.000e+00
     113351 160.809698   4722.917   2024.550     3.5834     3.5836     0.0002   3.302008   3.301850     0.4517    89.3226     0.0003       0.71     2.5886     1.7670 1.0000e-12 4.3328e-14 2.3080e+03          1   39.41744  -71.29588  -0.000158   1999.468          4  0.000e+00
     113352 160.809699   4722.958   2024.610     3.5837     3.5836    -0.0001   3.302008   3.301850     0.4517    89.3226    -0.0070       0.51     2.5911     1.7670 1.0000e-12 4.3328e-14 2.3080e+03          1   39.41744  -71.29588  -0.000158   1999.527          4  0.000e+00
     113353 160.809699   4723.000   2024.558     3.5837     3.5834    -0.0003   3.302021   3.301886     0.4527    89.2989    -0.0070       0.46     2.5886     1.7670 1.0000e-12 4.3362e-14 2.3062e+03          1   39.41744  -71.29588  -0.000135   1999.477          4  0.000e+00
     113354 160.809700   4723.042   2024.550     3.5834     3.5833    -0.0001   3.302008   3.301850     0.4517    89.3226    -0.0070       0.46     2.5836     1.7658 1.0000e-12 4.3362e-14 2.3062e+03          1   39.41744  -71.29588  -0.000158   1999.469          4  0.000e+00
     113355 160.809700   4723.083   2024.481     3.5837     3.5834    -0.0003   3.302027   3.301820     0.4517    89.3226    -0.0070       0.46     2.5886     1.7670 1.0000e-12 4.3362e-14 2.3062e+03          1   39.41744  -71.29588  -0.000208   1999.401          4  0.000e+00
     113356 160.809701   4723.125   2024.550     3.5837     3.5834    -0.0003   3.302066   3.301856     0.4527    89.2989    -0.0070       0.46     2.5886     1.7670 1.0000e-12 4.3362e-14 2.3062e+03          1   39.41744  -71.29588  -0.000210   1999.469          4  0.000e+00
     113357 160.809701   4723.167   2024.482     3.5838     3.5834    -0.0005   3.302040   3.301820     0.4527    89.2989    -0.0070       0.44     2.5873     1.7670 1.0000e-12 4.3362e-14 2.3062e+03          1   39.41744  -71.29588  -0.000221   1999.401          4  0.000e+00
     113358 160.809701   4723.208   2024.482     3.5838     3.5834    -0.0004   3.302034   3.301850     0.4527    89.2989    -0.0070       0.42     2.5873     1.7670 1.0000e-12 4.3362e-14 2.3062e+03          1   39.41744  -71.29588  -0.000184   1999.402          4  0.000e+00
     113359 160.809702   4723.250   2024.482     3.5838     3.5836    -0.0003   3.302047   3.301886     0.4527    89.2989    -0.0070       0.39     2.5873     1.7670 1.0000e-12 4.3362e-14 2.3062e+03          1   39.41744  -71.29588  -0.000160   1999.402          4  0.000e+00
     113360 160.809702   4723.292   2024.482     3.5838     3.5837    -0.0001   3.302053   3.301850     0.4517    89.3226    -0.0070       0.39     2.5873     1.7670 1.0000e-12 4.3362e-14 2.3062e+03          1   39.41744  -71.29588  -0.000203   1999.402          4  0.000e+00
     113361 160.809703   4723.333   2024.422     3.5837     3.5837     0.0000   3.302040   3.301850     0.4517    89.3226    -0.0070       0.39     2.5873     1.7670 1.0000e-12 4.3362e-14 2.3062e+03          1   39.41744  -71.29588  -0.000190   1999.343          4  0.000e+00
     113362 160.809703   4723.375   2024.422     3.5837     3.5836    -0.0001   3.302047   3.301826     0.4517    89.3226    -0.0070       0.39     2.5873     1.7670 1.0000e-12 4.3362e-14 2.3062e+03          1   39.41744  -71.29588  -0.000221   1999.343          4  0.000e+00
     113363 160.809704   4723.417   2024.422     3.5838     3.5837    -0.0001   3.302040   3.301911     0.4517    89.3226    -0.0070       0.44     2.5886     1.7670 1.0000e-12 4.3362e-14 2.3062e+03          1   39.41744  -71.29588  -0.000130   1999.343          4  0.000e+00
     113364 160.809704   4723.458   2024.422     3.5835     3.5836     0.0000   3.302047   3.301911     0.4517    89.3226    -0.0070       0.54     2.5886     1.7670 1.0000e-12 4.3362e-14 2.3062e+03          1   39.41744  -71.29588  -0.000136   1999.343          4  0.000e+00
     113365 160.809705   4723.500   2024.354     3.5837     3.5836    -0.0001   3.302034   3.301856     0.4517    89.3226    -0.0070       0.59     2.5861     1.7670 1.0000e-12 4.3362e-14 2.3062e+03          1   39.41744  -71.29588  -0.000178   1999.276          4  0.000e+00
     127441 160.816493   5310.000   1516.491     3.8991     3.8990    -0.0001   3.308913   3.308744     0.4548    89.2515     0.0003     100.00     2.7613     1.8772 1.0000e-12 4.3432e-14 2.3025e+03          1   39.41504  -71.29614  -0.000169   1499.496          5  0.000e+00
     127442 160.816494   5310.042   1516.559     3.8987     3.8990     0.0002   3.308875   3.308745     0.4548    89.2515     0.0003     100.00     2.7613     1.8772 1.0000e-12 4.3432e-14 2.3025e+03          1   39.41504  -71.29614  -0.000130   1499.563          5  0.000e+00
     127443 160.816494   5310.083   1516.533     3.8987     3.8991     0.0004   3.308849   3.308744     0.4538    89.2752     0.0003     100.00     2.7613     1.8772 1.0000e-12 4.3432e-14 2.3025e+03          1   39.41504  -71.29614  -0.000104   1499.538          5  0.000e+00
     127444 160.816495   5310.125   1516.491     3.8987     3.8990     0.0002   3.308855   3.308744     0.4559    89.2278     0.0003     100.00     2.7625     1.8785 1.0000e-12 4.3432e-14 2.3025e+03          1   39.41504  -71.29614  -0.000111   1499.496          5  0.000e+00
     127445 160.816495   5310.167   1516.627     3.8985     3.8990     0.0004   3.308862   3.308775     0.4548    89.2515     0.0003      99.27     2.7613     1.8772 1.0000e-12 4.3432e-14 2.3025e+03          1   39.41504  -71.29614  -0.000087   1499.630          5  0.000e+00
     127446 160.816495   5310.208   1516.533     3.8985     3.8993     0.0007   3.308849   3.308775     0.4548    89.2515     0.0003      95.56     2.7638     1.8772 1.0000e-12 4.3432e-14 2.3025e+03          1   39.41504  -71.29614  -0.000074   1499.538          5  0.000e+00
     127447 160.816496   5310.250   1516.627     3.8987     3.8990     0.0002   3.308855   3.308745     0.4548    89.2515     0.0003      93.89     2.7613     1.8772 1.0000e-12 4.3432e-14 2.3025e+03          1   39.41504  -71.29614  -0.000111   1499.630          5  0.000e+00
     127448 160.816496   5310.292   1516.533     3.8987     3.8992     0.0004   3.308881   3.308744     0.4538    89.2752     0.0003      93.77     2.7613     1.8772 1.0000e-12 4.3432e-14 2.3025e+03          1   39.41504  -71.29614  -0.000137   1499.538          5  0.000e+00
     127449 160.816497   5310.333   1516.627     3.8986     3.8993     0.0007   3.308894   3.308714     0.4548    89.2515     0.0003      93.89     2.7601     1.8772 1.0000e-12 4.3432e-14 2.3025e+03          1   39.41504  -71.29614  -0.000180   1499.630          5  0.000e+00
     127450 160.816497   5310.375   1516.627     3.8989     3.8990     0.0001   3.308868   3.308775     0.4548    89.2515     0.0003      93.97     2.7650     1.8785 1.0000e-12 4.3432e-14 2.3025e+03          1   39.41504  -71.29614  -0.000093   1499.630          5  0.000e+00
     127451 160.816498   5310.417   1516.601     3.8987     3.8988     0.0001   3.308842   3.308745     0.4538    89.2752    -0.0070      83.49     2.7613     1.8785 1.0000e-12 4.3432e-14 2.3025e+03          1   39.41504  -71.29614  -0.000098   1499.605          5  0.000e+00
     127452 160.816498   5310.458   1516.686     3.8987     3.8988     0.0001   3.308875   3.308714     0.4538    89.2752    -0.0070      25.59     2.7613     1.8785 1.0000e-12 4.3432e-14 2.3025e+03          1   39.41504  -71.29614  -0.000160   1499.689          5  0.000e+00
     127453 160.816499   5310.500   1516.686     3.8989     3.8988    -0.0001   3.308855   3.308714     0.4538    89.2752    -0.0070       0.02     2.7613     1.8772 1.0000e-12 4.3432e-14 2.3025e+03          1   39.41504  -71.29614  -0.000141   1499.689          5  0.000e+00
     127454 160.816499   5310.542   1516.661     3.8985     3.8988     0.0003   3.308855   3.308714     0.4538    89.2752    -0.0070       0.00     2.7613     1.8772 1.0000e-12 4.3432e-14 2.3025e+03          1   39.41504  -71.29614  -0.000141   1499.664          5  0.000e+00
     127455 160.816500   5310.583   1516.687     3.8986     3.8988     0.0002   3.308862   3.308714     0.4548    89.2515    -0.0070       0.00     2.7613     1.8772 1.0000e-12 4.3432e-14 2.3025e+03          1   39.41504  -71.29614  -0.000148   1499.689          5  0.000e+00
     127456 160.816500   5310.625   1516.729     3.8985     3.8987     0.0001   3.308888   3.308720     0.4548    89.2515    -0.0070       0.29     2.7613     1.8772 1.0000e-12 4.3432e-14 2.3025e+03          1   39.41504  -71.29614  -0.000167   1499.731          5  0.000e+00
     127457 160.816501   5310.667   1516.755     3.8986     3.8987     0.0001   3.308868   3.308684     0.4538    89.2752    -0.0070       0.54     2.7613     1.8772 1.0000e-12 4.3432e-14 2.3025e+03          1   39.41504  -71.29614  -0.000184   1499.756          5  0.000e+00
     127458 160.816501   5310.708   1516.755     3.8985     3.8988     0.0003   3.308842   3.308714     0.4548    89.2515    -0.0070       0.51     2.7613     1.8772 1.0000e-12 4.3432e-14 2.3025e+03          1   39.41504  -71.29614  -0.000128   1499.756          5  0.000e+00
     127459 160.816502   5310.750   1516.729     3.8981     3.8987     0.0006   3.308842   3.308745     0.4548    89.2515    -0.0070       0.46     2.7613     1.8772 1.0000e-12 4.3432e-14 2.3025e+03          1   39.41504  -71.29614  -0.000098   1499.731          5  0.000e+00
     127460 160.816502   5310.792   1516.755     3.8981     3.8987     0.0005   3.308836   3.308714     0.4548    89.2515    -0.0070       0.46     2.7613     1.8785 1.0000e-12 4.3467e-14 2.3006e+03          1   39.41504  -71.29612  -0.000122   1499.756          5  0.000e+00
     127461 160.816503   5310.833   1516.814     3.8982     3.8987     0.0004   3.308855   3.308745     0.4538    89.2752    -0.0070       0.46     2.7613     1.8772 1.0000e-12 4.3467e-14 2.3006e+03          1   39.41504  -71.29612  -0.000111   1499.815          5  0.000e+00
     127462 160.816503   5310.875   1516.789     3.8982     3.8988     0.0006   3.308862   3.308690     0.4538    89.2752    -0.0070       0.46     2.7613     1.8785 1.0000e-12 4.3467e-14 2.3006e+03          1   39.41504  -71.29612  -0.000172   1499.790          5  0.000e+00
     127463 160.816504   5310.917   1516.814     3.8981     3.8987     0.0005   3.308868   3.308714     0.4538    89.2752    -0.0070       0.44     2.7625     1.8772 1.0000e-12 4.3467e-14 2.3006e+03          1   39.41504  -71.29612  -0.000154   1499.815          5  0.000e+00
     127464 160.816504   5310.958   1516.789     3.8987     3.8984    -0.0004   3.308901   3.308714     0.4548    89.2515    -0.0070       0.32     2.7625     1.8772 1.0000e-12 4.3467e-14 2.3006e+03          1   39.41504  -71.29612  -0.000186   1499.790          5  0.000e+00
     127465 160.816505   5311.000   1516.882     3.8986     3.8983    -0.0003   3.308875   3.308714     0.4538    89.2752    -0.0070       0.29     2.7613     1.8772 1.0000e-12 4.3467e-14 2.3006e+03          1   39.41504  -71.29612  -0.000160   1499.882          5  0.000e+00
     127466 160.816505   5311.042   1516.814     3.8985     3.8984    -0.0002   3.308888   3.308714     0.4548    89.2515    -0.0070       0.29     2.7613     1.8772 1.0000e-12 4.3432e-14 2.3025e+03          1   39.41504  -71.29612  -0.000173   1499.815          5  0.000e+00
     127467 160.816506   5311.083   1516.925     3.8987     3.8987    -0.0001   3.308907   3.308654     0.4538    89.2752    -0.0070       0.29     2.7613     1.8772 1.0000e-12 4.3432e-14 2.3025e+03          1   39.41504  -71.29612  -0.000253   1499.924          5  0.000e+00
     127468 160.816506   5311.125   1516.882     3.8991     3.8985    -0.0006   3.308914   3.308720     0.4548    89.2515    -0.0070       0.29     2.7613     1.8772 1.0000e-12 4.3432e-14 2.3025e+03          1   39.41504  -71.29612  -0.000193   1499.882          5  0.000e+00
     127469 160.816507   5311.167   1516.882     3.8989     3.8985    -0.0004   3.308914   3.308684     0.4538    89.2752    -0.0070       0.29     2.7613     1.8785 1.0000e-12 4.3432e-14 2.3025e+03          1   39.41504  -71.29612  -0.000230   1499.882          5  0.000e+00
     127470 160.816507   5311.208   1516.984     3.8985     3.8985    -0.0000   3.308881   3.308714     0.4538    89.2752    -0.0070       0.29     2.7613     1.8785 1.0000e-12 4.3432e-14 2.3025e+03          1   39.41504  -71.29612  -0.000167   1499.982          5  0.000e+00
     127471 160.816508   5311.250   1516.942     3.8991     3.8987    -0.0004   3.308881   3.308684     0.4538    89.2752    -0.0070       0.29     2.7613     1.8785 1.0000e-12 4.3467e-14 2.3006e+03          1   39.41504  -71.29612  -0.000197   1499.941          5  0.000e+00
     127472 160.816508   5311.292   1516.925     3.8989     3.8988    -0.0001   3.308907   3.308714     0.4548    89.2515    -0.0070       0.29     2.7613     1.8772 1.0000e-12 4.3467e-14 2.3006e+03          1   39.41504  -71.29612  -0.000193   1499.924          5  0.000e+00
     127473 160.816508   5311.333   1517.010     3.8989     3.8990     0.0000   3.308920   3.308745     0.4538    89.2752    -0.0070       0.29     2.7613     1.8772 1.0000e-12 4.3467e-14 2.3006e+03          1   39.41504  -71.29612  -0.000175   1500.008          5  0.000e+00
     127474 160.816509   5311.375   1516.942     3.8987     3.8988     0.0001   3.308894   3.308714     0.4548    89.2515    -0.0070       0.29     2.7625     1.8772 1.0000e-12 4.3467e-14 2.3006e+03          1   39.41504  -71.29612  -0.000180   1499.941          5  0.000e+00
     127475 160.816509   5311.417   1517.052     3.8987     3.8988     0.0001   3.308907   3.308745     0.4538    89.2752    -0.0070       0.29     2.7625     1.8772 1.0000e-12 4.3467e-14 2.3006e+03          1   39.41504  -71.29612  -0.000163   1500.049          5  0.000e+00
