ctd/proc/en717_02_avg.cnv
* Sea-Bird SBE 9 Data File:
* FileName = D:\ctd\raw\EN717_02.hdr
* Software Version Seasave V 7.26.7.121
* Temperature SN = 4695
* Conductivity SN = 0618
* Number of Bytes Per Scan = 40
* Number of Voltage Words = 5
* Number of Scans Averaged by the Deck Unit = 1
* NMEA Latitude = 39 26.35 N
* NMEA Longitude = 071 17.87 W
* NMEA UTC (Time) = Jun 08 2024  17:08:20
* NMEA baud rate = 4800
** Ship: R/V Endeavor
** Cruise: EN717
** Principal Investigator: David Smith
** Chief Scientist: David Smith
** Project: RITAS
** Cruise Start Date: 07 June 2024
** Ports: from and to GSO, Narragansett, RI
** Station:  02
** Bottom Depth (m):
** Operator:
# nquan = 36
# nvalues = 1033                        
# units = specified
# name 0 = scan: Scan Count
# name 1 = timeJ: Julian Days
# name 2 = timeS: Time, Elapsed [seconds]
# name 3 = prDM: Pressure, Digiquartz [db]
# name 4 = t090C: Temperature [ITS-90, deg C]
# name 5 = t190C: Temperature, 2 [ITS-90, deg C]
# name 6 = T2-T190C: Temperature Difference, 2 - 1 [ITS-90, deg C]
# name 7 = c0S/m: Conductivity [S/m]
# name 8 = c1S/m: Conductivity, 2 [S/m]
# name 9 = CStarAt0: Beam Attenuation, WET Labs C-Star [1/m]
# name 10 = CStarTr0: Beam Transmission, WET Labs C-Star [%]
# name 11 = flECO-AFL: Fluorescence, WET Labs ECO-AFL/FL [mg/m^3]
# name 12 = altM: Altimeter [m]
# name 13 = sbeox0V: Oxygen raw, SBE 43 [V]
# name 14 = sbeox1V: Oxygen raw, SBE 43, 2 [V]
# name 15 = par: PAR/Irradiance, Biospherical/Licor [umol photons/m^2/sec]
# name 16 = cpar: CPAR/Corrected Irradiance [%]
# name 17 = spar: SPAR, Biospherical/Licor [umol photons/m^2/sec]
# name 18 = pumps: Pump Status
# name 19 = latitude: Latitude [deg]
# name 20 = longitude: Longitude [deg]
# name 21 = C2-C1S/m: Conductivity Difference, 2 - 1 [S/m]
# name 22 = depSM: Depth [salt water, m]
# name 23 = depSM: Depth [salt water, m], lat = 39.4392
# name 24 = sal00: Salinity, Practical [PSU]
# name 25 = sigma-é00: Density [sigma-theta, kg/m^3]
# name 26 = sbox0Mm/Kg: Oxygen, SBE 43 [umol/kg], WS = 2
# name 27 = oxsolMm/Kg: Oxygen Saturation, Garcia & Gordon [umol/kg]
# name 28 = oxsatMm/Kg: Oxygen Saturation, Weiss [umol/kg]
# name 29 = potemp090C: Potential Temperature [ITS-90, deg C]
# name 30 = svCM: Sound Velocity [Chen-Millero, m/s]
# name 31 = svCM1: Sound Velocity, 2 [Chen-Millero, m/s]
# name 32 = dz/dtM: Descent Rate [m/s], WS = 2
# name 33 = gpa: Geopotential Anomaly [J/kg]
# name 34 = nbin: number of scans per bin
# name 35 = flag: flag
# span 0 =       1506,      33275       
# span 1 = 160.714881, 160.730202       
# span 2 =     62.704,   1386.420       
# span 3 =     13.100,   1055.691       
# span 4 =     4.4154,    12.1935       
# span 5 =     4.4149,    12.1932       
# span 6 =    -0.0425,     0.0551       
# span 7 =   3.191260,   4.067849       
# span 8 =   3.190857,   4.067344       
# span 9 =     0.4543,     0.9862       
# span 10 =    78.1510,    89.2634      
# span 11 =    -0.0104,     3.3393      
# span 12 =      -0.25,      50.79      
# span 13 =     2.2582,     4.0711      
# span 14 =     1.5333,     2.8371      
# span 15 = -2.286e-07, 4.7403e+02      
# span 16 = -9.818e-09, 2.0364e+01      
# span 17 = 2.3229e+03, 2.3283e+03      
# span 18 =          1,          1      
# span 19 =   39.43602,   39.43916      
# span 20 =  -71.29788,  -71.29629      
# span 21 =  -0.006670,   0.007106      
# span 22 =     13.001,   1045.005      
# span 23 =     13.000,   1045.000      
# span 24 =    32.0227,    35.4184      
# span 25 =    24.5720,    27.7390      
# span 26 =    154.436,    352.063      
# span 27 =  261.49159,  311.71418      
# span 28 =  261.47120,  312.47965      
# span 29 =     4.3313,    12.1705      
# span 30 =    1471.98,    1500.92      
# span 31 =    1471.97,    1500.91      
# span 32 =      0.033,      1.252      
# span 33 =      0.165,      9.251      
# span 34 =         19,       1662      
# span 35 = 0.0000e+00, 0.0000e+00      
# interval = meters: 1                  
# start_time = Jun 08 2024 17:08:23 [System UTC, header]
# bad_flag = -9.990e-29
*END*
       1506 160.714881     62.704     13.100    12.0939    12.1013     0.0075   3.744339   3.744491     0.8382    81.0956     0.5539       3.55     4.0711     2.8371 4.7403e+02 2.0364e+01 2.3278e+03          1   39.43916  -71.29788   0.001657     13.001     13.000    32.4269    24.5720    318.697  267.60916  267.56149    12.0922    1494.27    1494.29      0.136      0.165       1662 0.0000e+00
       3617 160.715899    150.662     14.108    11.1536    11.1459    -0.0077   3.644129   3.641714     0.8372    81.1146     0.5509       0.52     4.0458     2.8220 4.4492e+02 1.9110e+01 2.3282e+03          1   39.43900  -71.29776   0.003552     14.003     14.000    32.2717    24.6234    323.592  273.23488  273.25219    11.1519    1490.84    1490.80      0.558      0.575         42 0.0000e+00
       3730 160.715954    155.387     15.116    10.4585    10.4740     0.0155   3.576297   3.577166     0.8324    81.2119     0.5945       0.40     4.0134     2.7868 4.0191e+02 1.7262e+01 2.3283e+03          1   39.43899  -71.29776   0.001378     14.999     15.000    32.2120    24.6991    322.220  277.40370  277.47239    10.4568    1488.34    1488.39      0.416      0.619         60 0.0000e+00
       3780 160.715978    157.471     16.123     9.7767     9.8023     0.0256   3.514749   3.515440     0.8698    80.4574     0.6931       0.52     3.9986     2.7709 3.4430e+02 1.4789e+01 2.3281e+03          1   39.43898  -71.29776   0.007106     16.000     16.000    32.1948    24.7970    328.509  281.60922  281.73380     9.7749    1485.85    1485.93      0.544      0.651         43 0.0000e+00
       3829 160.716001    159.515     17.131     8.0015     8.0565     0.0551   3.348629   3.352324     0.8517    80.8224     0.7448       0.45     3.9937     2.7708 3.1511e+02 1.3535e+01 2.3281e+03          1   39.43898  -71.29776   0.006106     16.999     17.000    32.0770    24.9792    343.746  293.08035  293.35893     7.9999    1479.14    1479.34      0.478      0.682         52 0.0000e+00
       3872 160.716022    161.301     18.139     7.6128     7.6101    -0.0027   3.311585   3.310914     0.8296    81.2704     0.7954       0.49     4.0004     2.7734 2.7149e+02 1.1660e+01 2.3283e+03          1   39.43898  -71.29776   0.000953     17.999     18.000    32.0382    25.0034    348.408  295.75188  296.06731     7.6111    1477.62    1477.60      0.663      0.711         35 0.0000e+00
       3913 160.716042    162.988     19.147     7.4126     7.4276     0.0150   3.293527   3.294842     0.8163    81.5408     0.8751       0.38     4.0038     2.7707 2.3285e+02 1.0001e+01 2.3283e+03          1   39.43898  -71.29776   0.001749     19.003     19.000    32.0283    25.0233    349.868  297.12047  297.45548     7.4108    1476.86    1476.91      0.498      0.741         51 0.0000e+00
       3966 160.716067    165.217     20.154     7.2928     7.2982     0.0054   3.282788   3.283187     0.8101    81.6665     0.9633       0.48     4.0036     2.7657 2.0492e+02 8.8013e+00 2.3283e+03          1   39.43897  -71.29776   0.001013     19.997     20.000    32.0227    25.0352    350.611  297.94377  298.29063     7.2910    1476.40    1476.42      0.507      0.770         47 0.0000e+00
       4009 160.716088    166.982     21.162     7.0878     7.0944     0.0066   3.265590   3.265912     0.8207    81.4514     1.1791       0.48     4.0018     2.7617 1.7946e+02 7.7075e+00 2.3283e+03          1   39.43896  -71.29776   0.001077     21.001     21.000    32.0260    25.0653    352.063  299.33570  299.70344     7.0859    1475.63    1475.65      0.562      0.800         43 0.0000e+00
       4055 160.716110    168.913     22.170     6.9494     6.9572     0.0079   3.254992   3.255423     0.8504    80.8482     1.5586       0.41     3.9928     2.7528 1.5508e+02 6.6607e+00 2.3283e+03          1   39.43896  -71.29776   0.000676     22.000     22.000    32.0389    25.0938    350.624  300.25748  300.63975     6.9474    1475.12    1475.15      0.494      0.829         49 0.0000e+00
       4102 160.716133    170.885     23.178     6.9127     6.9140     0.0013   3.253079   3.253208     0.8876    80.1009     2.2834       0.47     3.9690     2.7331 1.3140e+02 5.6442e+00 2.3280e+03          1   39.43896  -71.29776   0.000118     23.000     23.000    32.0517    25.1087    346.231  300.48176  300.86811     6.9107    1475.01    1475.01      0.543      0.857         44 0.0000e+00
       4148 160.716155    172.776     24.185     6.8599     6.8708     0.0109   3.249765   3.250392     0.9862    78.1510     3.3393       0.35     3.9159     2.6902 1.1537e+02 4.9568e+00 2.3275e+03          1   39.43896  -71.29776   0.000993     24.000     24.000    32.0643    25.1256    336.257  300.81904  301.21119     6.8578    1474.83    1474.87      0.514      0.886         48 0.0000e+00
       4195 160.716178    174.745     25.193     6.7336     6.7407     0.0072   3.241211   3.241582     0.9856    78.1642     3.1267       0.43     3.8384     2.6314 9.7847e+01 4.2027e+00 2.3281e+03          1   39.43895  -71.29775   0.000728     24.999     25.000    32.0883    25.1609    329.679  301.64143  302.04740     6.7314    1474.39    1474.41      0.526      0.914         46 0.0000e+00
       4238 160.716199    176.556     26.201     6.6285     6.6301     0.0016   3.234933   3.235086     0.8887    80.0794     2.8481       0.44     3.7910     2.5958 8.3200e+01 3.5746e+00 2.3276e+03          1   39.43894  -71.29774   0.000268     26.001     26.000    32.1173    25.1973    329.109  302.30816  302.72594     6.6263    1474.03    1474.03      0.554      0.942         43 0.0000e+00
       4289 160.716223    178.646     27.209     6.6085     6.6119     0.0034   3.233642   3.233949     0.8572    80.7097     2.7944       0.49     3.7586     2.5693 6.8712e+01 2.9514e+00 2.3281e+03          1   39.43894  -71.29774   0.000415     26.998     27.000    32.1214    25.2031    326.538  302.43853  302.85853     6.6062    1473.97    1473.98      0.467      0.970         53 0.0000e+00
       4331 160.716243    180.419     28.217     6.5335     6.5319    -0.0016   3.228626   3.228503     0.8358    81.1434     2.8892       0.45     3.7290     2.5466 5.7977e+01 2.4901e+00 2.3283e+03          1   39.43894  -71.29774   0.000194     28.001     28.000    32.1362    25.2243    324.454  302.93018  303.35858     6.5311    1473.71    1473.70      0.653      0.998         35 0.0000e+00
       4378 160.716266    182.362     29.225     6.4802     6.4828     0.0026   3.225504   3.225826     0.7980    81.9137     2.7612       0.50     3.7074     2.5256 4.8332e+01 2.0759e+00 2.3283e+03          1   39.43893  -71.29774   0.000387     29.001     29.000    32.1515    25.2432    323.447  303.26989  303.70440     6.4777    1473.53    1473.55      0.435      1.025         59 0.0000e+00
       4426 160.716289    184.375     30.232     6.4225     6.4226     0.0001   3.220502   3.220503     0.7809    82.2641     2.7518      17.86     3.6870     2.5069 4.2222e+01 1.8134e+00 2.3283e+03          1   39.43892  -71.29774   0.000396     29.997     30.000    32.1500    25.2493    322.158  303.67829  304.11900     6.4200    1473.32    1473.32      0.669      1.053         35 0.0000e+00
       4469 160.716310    186.150     31.240     6.3049     6.3105     0.0056   3.209983   3.210572     0.7642    82.6087     2.5119       1.74     3.6730     2.4934 3.5346e+01 1.5181e+00 2.3283e+03          1   39.43892  -71.29774   0.000913     31.002     31.000    32.1441    25.2593    321.666  304.52172  304.97510     6.3023    1472.86    1472.89      0.444      1.080         59 0.0000e+00
       4523 160.716336    188.431     32.248     6.2113     6.2113     0.0000   3.201691   3.201768     0.7531    82.8390     2.4942       0.39     3.6504     2.4749 3.0235e+01 1.2986e+00 2.3283e+03          1   39.43892  -71.29774   0.000397     31.996     32.000    32.1400    25.2677    319.385  305.19386  305.65743     6.2086    1472.50    1472.50      0.610      1.107         39 0.0000e+00
       4558 160.716353    189.891     33.256     6.1084     6.1086     0.0002   3.193225   3.193211     0.7323    83.2700     2.3061       0.44     3.6331     2.4624 2.6417e+01 1.1346e+00 2.3282e+03          1   39.43892  -71.29773   0.000561     33.002     33.000    32.1426    25.2824    318.500  305.91988  306.39492     6.1057    1472.11    1472.11      0.645      1.134         37 0.0000e+00
       4602 160.716374    191.712     34.264     6.0667     6.0625    -0.0043   3.191260   3.190857     0.7075    83.7882     1.9397       0.62     3.6202     2.4505 2.2759e+01 9.7776e-01 2.3277e+03          1   39.43892  -71.29772  -0.000638     34.002     34.000    32.1597    25.3011    318.940  306.17831  306.65842     6.0640    1471.98    1471.97      0.475      1.161         53 0.0000e+00
       4658 160.716401    194.053     35.271     6.1461     6.1405    -0.0056   3.201393   3.200971     0.6948    84.0542     1.8609       0.41     3.6106     2.4405 1.9018e+01 8.1689e-01 2.3281e+03          1   39.43891  -71.29772  -0.000701     34.996     35.000    32.1969    25.3208    317.379  305.52835  306.00057     6.1432    1472.36    1472.34      0.502      1.188         48 0.0000e+00
       4696 160.716419    195.626     36.279     6.1721     6.1715    -0.0006   3.204960   3.204998     0.6738    84.4977     1.7326       0.61     3.6048     2.4333 1.6676e+01 7.1672e-01 2.3267e+03          1   39.43890  -71.29772  -0.000014     36.002     36.000    32.2115    25.3290    316.625  305.31032  305.78000     6.1692    1472.50    1472.50      0.651      1.215         36 0.0000e+00
       4743 160.716442    197.589     37.287     6.1674     6.1672    -0.0002   3.205552   3.205549     0.6651    84.6811     1.5897       0.42     3.5942     2.4231 1.4663e+01 6.3007e-01 2.3272e+03          1   39.43890  -71.29772  -0.000013     36.999     37.000    32.2220    25.3379    314.730  305.31976  305.79023     6.1644    1472.51    1472.51      0.454      1.241         55 0.0000e+00
       4788 160.716464    199.466     38.295     6.1646     6.1640    -0.0006   3.206710   3.206732     0.6433    85.1456     1.3456      31.78     3.5822     2.4120 1.3275e+01 5.7020e-01 2.3282e+03          1   39.43890  -71.29772   0.000008     38.001     38.000    32.2371    25.3502    314.090  305.30582  305.77699     6.1615    1472.54    1472.54      0.613      1.268         38 0.0000e+00
       4839 160.716488    201.593     39.303     6.1522     6.1510    -0.0011   3.206389   3.206282     0.6263    85.5071     1.1053       0.39     3.5727     2.4049 1.1132e+01 4.7826e-01 2.3277e+03          1   39.43890  -71.29772  -0.000141     39.000     39.000    32.2449    25.3579    312.649  305.37676  305.84950     6.1490    1472.52    1472.51      0.400      1.294         63 0.0000e+00
       4889 160.716512    203.670     40.311     6.1749     6.1737    -0.0012   3.210472   3.210391     0.6114    85.8247     1.0363       0.63     3.5563     2.3937 9.8479e+00 4.2331e-01 2.3264e+03          1   39.43888  -71.29772  -0.000207     39.997     40.000    32.2683    25.3735    310.478  305.16239  305.63320     6.1716    1472.65    1472.65      0.712      1.320         33 0.0000e+00
       4920 160.716527    204.970     41.319     6.1265     6.1267     0.0002   3.207160   3.207147     0.5962    86.1517     0.9026       0.54     3.5502     2.3872 9.0793e+00 3.9026e-01 2.3265e+03          1   39.43888  -71.29772   0.000164     41.002     41.000    32.2769    25.3863    311.035  305.48703  305.96345     6.1231    1472.49    1472.49      0.703      1.347         35 0.0000e+00
       4962 160.716548    206.724     42.326     6.1110     6.1095    -0.0015   3.206605   3.206485     0.5874    86.3421     0.7869       0.40     3.5445     2.3843 8.0761e+00 3.4706e-01 2.3270e+03          1   39.43888  -71.29772  -0.000176     42.003     42.000    32.2849    25.3946    310.857  305.57893  306.05727     6.1076    1472.45    1472.45      0.478      1.373         51 0.0000e+00
       5032 160.716581    209.619     43.334     6.1263     6.1262    -0.0001   3.209039   3.209039     0.5805    86.4904     0.6889       0.42     3.5382     2.3780 6.9514e+00 2.9857e-01 2.3282e+03          1   39.43888  -71.29772  -0.000013     42.996     43.000    32.2970    25.4023    310.019  305.44265  305.91959     6.1228    1472.54    1472.54      0.355      1.398         70 0.0000e+00
       5074 160.716601    211.357     44.342     6.1080     6.1085     0.0006   3.208506   3.208528     0.5758    86.5925     0.6693       0.48     3.5311     2.3709 6.4111e+00 2.7555e-01 2.3267e+03          1   39.43888  -71.29772   0.000077     43.998     44.000    32.3081    25.4132    309.063  305.54825  306.02752     6.1044    1472.50    1472.50      0.823      1.424         28 0.0000e+00
       5103 160.716615    212.574     45.350     6.0789     6.0793     0.0004   3.206597   3.206634     0.5657    86.8112     0.6058       0.56     3.5254     2.3667 5.9111e+00 2.5404e-01 2.3269e+03          1   39.43886  -71.29772   0.000138     45.006     45.000    32.3139    25.4214    308.515  305.74193  306.22460     6.0752    1472.41    1472.41      0.703      1.450         34 0.0000e+00
       5150 160.716638    214.551     46.358     6.0600     6.0598    -0.0002   3.205539   3.205571     0.5607    86.9209     0.5318       0.58     3.5151     2.3592 5.3965e+00 2.3181e-01 2.3280e+03          1   39.43886  -71.29772   0.000032     45.999     46.000    32.3197    25.4283    307.378  305.86387  306.34882     6.0562    1472.36    1472.36      0.444      1.476         55 0.0000e+00
       5204 160.716664    216.778     47.366     6.0487     6.0483    -0.0004   3.206449   3.206419     0.5539    87.0691     0.4358       0.46     3.5030     2.3503 4.7155e+00 2.0253e-01 2.3283e+03          1   39.43886  -71.29772  -0.000074     47.002     47.000    32.3401    25.4458    306.197  305.89812  306.38485     6.0449    1472.35    1472.35      0.427      1.501         58 0.0000e+00
       5259 160.716691    219.079     48.374     6.0530     6.0524    -0.0006   3.208365   3.208356     0.5491    87.1740     0.3973      14.80     3.4914     2.3416 4.2304e+00 1.8170e-01 2.3283e+03          1   39.43886  -71.29772  -0.000114     47.997     48.000    32.3570    25.4586    305.217  305.82952  306.31620     6.0491    1472.41    1472.41      0.549      1.527         44 0.0000e+00
       5297 160.716709    220.677     49.382     6.0661     6.0647    -0.0013   3.210888   3.210780     0.5478    87.2019     0.3869       0.83     3.4859     2.3357 3.9048e+00 1.6771e-01 2.3283e+03          1   39.43884  -71.29772  -0.000186     49.002     49.000    32.3722    25.4690    304.660  305.70184  306.18744     6.0621    1472.50    1472.49      0.591      1.552         40 0.0000e+00
       5343 160.716731    222.585     50.390     6.0936     6.0900    -0.0036   3.215074   3.214650     0.5473    87.2119     0.3385       0.51     3.4756     2.3273 3.6232e+00 1.5562e-01 2.3282e+03          1   39.43884  -71.29771  -0.000705     49.999     50.000    32.3921    25.4814    302.455  305.46044  305.94345     6.0895    1472.65    1472.63      0.526      1.577         47 0.0000e+00
       5385 160.716751    224.320     51.398     6.1476     6.1471    -0.0005   3.222904   3.222906     0.5378    87.4204     0.2486      15.63     3.4632     2.3212 3.3394e+00 1.4348e-01 2.3274e+03          1   39.43884  -71.29770  -0.000208     51.000     51.000    32.4274    25.5026    300.641  304.99714  305.47499     6.1434    1472.92    1472.92      0.611      1.602         39 0.0000e+00
       5427 160.716772    226.093     52.405     6.1896     6.1859    -0.0037   3.228346   3.227970     0.5342    87.4982     0.1812       1.34     3.4547     2.3160 2.9761e+00 1.2785e-01 2.3278e+03          1   39.43884  -71.29770  -0.000602     52.003     52.000    32.4474    25.5132    300.919  304.65409  305.12776     6.1853    1473.13    1473.12      0.490      1.627         50 0.0000e+00
