ctd/proc/EN719_CTD08_avg.cnv
* Sea-Bird SBE 9 Data File:
* FileName = D:\ctd\raw\EN719_CTD08.hdr
* Software Version Seasave V 7.26.7.121
* Temperature SN = 4333
* Conductivity SN = 0864
* Number of Bytes Per Scan = 37
* Number of Voltage Words = 4
* Number of Scans Averaged by the Deck Unit = 1
* NMEA Latitude = 38 54.40 N
* NMEA Longitude = 063 50.75 W
* NMEA UTC (Time) = Jul 22 2024  11:12:19
* NMEA baud rate = 4800
** Ship: R/V Endeavor
** Cruise: EN719
** Principal Investigator: Chad Smith
** Chief Scientist: Chad Smith
** Project: NESMA24
** Cruise Start Date: 7 July 2024
** Ports: GSO, Narragansett RI to GSO, Narragansett RI
** Station:  CTD08
** Bottom Depth: 3072
** Operator:  JC
# nquan = 27
# nvalues = 1989                        
# units = specified
# name 0 = scan: Scan Count
# name 1 = timeJ: Julian Days
# name 2 = timeS: Time, Elapsed [seconds]
# name 3 = prDM: Pressure, Digiquartz [db]
# name 4 = t090C: Temperature [ITS-90, deg C]
# name 5 = t190C: Temperature, 2 [ITS-90, deg C]
# name 6 = T2-T190C: Temperature Difference, 2 - 1 [ITS-90, deg C]
# name 7 = c0S/m: Conductivity [S/m]
# name 8 = c1S/m: Conductivity, 2 [S/m]
# name 9 = altM: Altimeter [m]
# name 10 = pumps: Pump Status
# name 11 = latitude: Latitude [deg]
# name 12 = longitude: Longitude [deg]
# name 13 = C2-C1S/m: Conductivity Difference, 2 - 1 [S/m]
# name 14 = depSM: Depth [salt water, m]
# name 15 = depSM: Depth [salt water, m], lat = 38.9067
# name 16 = sal00: Salinity, Practical [PSU]
# name 17 = sigma-é00: Density [sigma-theta, kg/m^3]
# name 18 = oxsolMm/Kg: Oxygen Saturation, Garcia & Gordon [umol/kg]
# name 19 = oxsatMm/Kg: Oxygen Saturation, Weiss [umol/kg]
# name 20 = potemp090C: Potential Temperature [ITS-90, deg C]
# name 21 = svCM: Sound Velocity [Chen-Millero, m/s]
# name 22 = svCM1: Sound Velocity, 2 [Chen-Millero, m/s]
# name 23 = dz/dtM: Descent Rate [m/s], WS = 2
# name 24 = gpa: Geopotential Anomaly [J/kg]
# name 25 = nbin: number of scans per bin
# name 26 = flag: flag
# span 0 =       1171,      57487       
# span 1 = 204.467485, 204.494644       
# span 2 =     48.743,   2395.267       
# span 3 =     12.092,   2024.996       
# span 4 =     3.5015,    22.5042       
# span 5 =     3.5023,    22.4240       
# span 6 =    -0.2766,     0.0225       
# span 7 =   3.294241,   4.677880       
# span 8 =   3.294401,   4.672101       
# span 9 =      -7.05,     100.11       
# span 10 =          1,          1      
# span 11 =   38.90689,   38.91161      
# span 12 =  -63.85758,  -63.84613      
# span 13 =  -0.029784,   0.002015      
# span 14 =     12.000,   2000.005      
# span 15 =     12.000,   2000.000      
# span 16 =    32.1303,    35.0639      
# span 17 =    21.8995,    27.8173      
# span 18 =  219.84105,  318.72392      
# span 19 =  219.33790,  319.62050      
# span 20 =     3.3391,    22.5017      
# span 21 =    1478.76,    1525.25      
# span 22 =    1478.77,    1525.07      
# span 23 =     -0.265,      1.605      
# span 24 =      0.243,     13.604      
# span 25 =         15,       1315      
# span 26 = 0.0000e+00, 0.0000e+00      
# interval = meters: 1                  
# start_time = Jul 22 2024 11:12:22 [System UTC, header]
# bad_flag = -9.990e-29
*END*
[from data line 376]
      15698 204.474491    654.054    391.327     5.5106     5.5097    -0.0009   3.400434   3.400160      23.12          1   38.90803  -63.84950  -0.000151    387.997    388.000    34.8939    27.5342  303.95270  304.57060     5.4779    1479.08    1479.07      0.903      5.888         27 0.0000e+00
      15723 204.474503    655.087    392.337     5.4813     5.4790    -0.0023   3.397379   3.397057       0.51          1   38.90804  -63.84952  -0.000061    388.997    389.000    34.8889    27.5338  304.17280  304.79427     5.4486    1478.97    1478.96      1.052      5.894         23 0.0000e+00
      15745 204.474514    655.986    393.346     5.4546     5.4520    -0.0025   3.394881   3.394453       0.56          1   38.90804  -63.84952  -0.000309    389.997    390.000    34.8875    27.5359  304.36617  304.99098     5.4219    1478.88    1478.87      1.191      5.900         20 0.0000e+00
      15764 204.474523    656.791    394.356     5.4507     5.4534     0.0027   3.394565   3.394653      31.90          1   38.90804  -63.84952   0.000088    391.000    391.000    34.8874    27.5363  304.39397  305.01927     5.4180    1478.88    1478.89      1.282      5.906         19 0.0000e+00
      15782 204.474532    657.560    395.365     5.4392     5.4417     0.0025   3.393484   3.393486       0.83          1   38.90804  -63.84952   0.000185    392.000    392.000    34.8865    27.5370  304.47832  305.10505     5.4064    1478.85    1478.86      1.309      5.912         18 0.0000e+00
      15801 204.474541    658.338    396.375     5.4327     5.4328     0.0001   3.392910   3.392698       0.59          1   38.90804  -63.84954  -0.000169    393.006    393.000    34.8861    27.5375  304.52534  305.15288     5.3999    1478.84    1478.84      1.191      5.918         20 0.0000e+00
      15825 204.474553    659.347    397.384     5.4258     5.4232    -0.0027   3.392232   3.391775       8.87          1   38.90806  -63.84954  -0.000397    394.007    394.000    34.8850    27.5374  304.57718  305.20557     5.3929    1478.83    1478.82      0.853      5.924         30 0.0000e+00
      15860 204.474569    660.789    398.394     5.4093     5.4108     0.0015   3.390682   3.390617      28.90          1   38.90806  -63.84955  -0.000032    394.997    395.000    34.8838    27.5385  304.69753  305.32799     5.3764    1478.78    1478.78      0.701      5.930         35 0.0000e+00
      15891 204.474584    662.071    399.404     5.4045     5.4061     0.0016   3.390344   3.390285      -0.09          1   38.90804  -63.84955  -0.000044    395.996    396.000    34.8844    27.5396  304.73055  305.36163     5.3715    1478.77    1478.78      0.894      5.936         27 0.0000e+00
      15916 204.474596    663.110    400.413     5.4028     5.4049     0.0020   3.390314   3.390286      26.43          1   38.90804  -63.84954  -0.000057    396.998    397.000    34.8853    27.5405  304.74052  305.37184     5.3697    1478.79    1478.79      1.014      5.942         24 0.0000e+00
      15939 204.474607    664.074    401.423     5.4056     5.4089     0.0033   3.390861   3.390939       0.92          1   38.90806  -63.84956  -0.000016    398.000    398.000    34.8882    27.5424  304.71412  305.34516     5.3724    1478.82    1478.83      1.038      5.948         23 0.0000e+00
      15963 204.474619    665.072    402.432     5.4235     5.4274     0.0039   3.393050   3.393107       0.58          1   38.90806  -63.84956  -0.000146    399.003    399.000    34.8941    27.5450  304.57279  305.20172     5.3902    1478.91    1478.92      0.951      5.954         25 0.0000e+00
      15990 204.474632    666.227    403.442     5.4395     5.4420     0.0024   3.394702   3.394705       0.50          1   38.90806  -63.84958  -0.000013    400.001    400.000    34.8959    27.5445  304.45446  305.08140     5.4060    1479.00    1479.00      0.850      5.960         30 0.0000e+00
      16018 204.474646    667.387    404.451     5.4424     5.4446     0.0022   3.395093   3.395072      26.75          1   38.90806  -63.84958  -0.000046    400.992    401.000    34.8969    27.5449  304.43173  305.05834     5.4088    1479.03    1479.03      1.003      5.966         24 0.0000e+00
      16040 204.474656    668.272    405.461     5.4435     5.4458     0.0022   3.395254   3.395243       0.04          1   38.90804  -63.84956  -0.000018    401.993    402.000    34.8970    27.5449  304.42336  305.04982     5.4099    1479.05    1479.05      1.260      5.972         19 0.0000e+00
      16057 204.474664    669.010    406.471     5.4418     5.4430     0.0011   3.395128   3.395017       0.48          1   38.90804  -63.84956  -0.000088    403.004    403.000    34.8968    27.5450  304.43608  305.06276     5.4081    1479.06    1479.06      1.327      5.977         18 0.0000e+00
      16076 204.474674    669.796    407.480     5.4410     5.4424     0.0014   3.395074   3.395009       0.68          1   38.90805  -63.84957  -0.000032    404.007    404.000    34.8965    27.5449  304.44241  305.06918     5.4072    1479.07    1479.07      1.161      5.983         20 0.0000e+00
      16101 204.474686    670.834    408.490     5.4213     5.4209    -0.0004   3.392990   3.392819      20.35          1   38.90806  -63.84959   0.000012    405.004    405.000    34.8926    27.5442  304.59206  305.22124     5.3874    1479.00    1479.00      0.873      5.989         30 0.0000e+00
      16132 204.474700    672.106    409.499     5.3887     5.3898     0.0012   3.389824   3.389795       5.27          1   38.90804  -63.84958   0.000097    405.998    406.000    34.8898    27.5458  304.83182  305.46507     5.3548    1478.88    1478.89      0.811      5.995         30 0.0000e+00
      16160 204.474714    673.280    410.509     5.3681     5.3691     0.0010   3.387858   3.387790      41.30          1   38.90806  -63.84960   0.000062    406.999    407.000    34.8880    27.5470  304.98265  305.61846     5.3342    1478.82    1478.82      0.909      6.001         26 0.0000e+00
      16185 204.474726    674.353    411.519     5.3566     5.3582     0.0016   3.386848   3.386823       0.62          1   38.90806  -63.84960   0.000031    408.000    408.000    34.8879    27.5482  305.06515  305.70243     5.3227    1478.79    1478.79      0.954      6.007         26 0.0000e+00
      16211 204.474738    675.396    412.528     5.3500     5.3517     0.0017   3.386292   3.386251      25.82          1   38.90808  -63.84962  -0.000015    409.000    409.000    34.8879    27.5490  305.11280  305.75092     5.3160    1478.78    1478.78      0.965      6.013         24 0.0000e+00
      16236 204.474751    676.473    413.538     5.3474     5.3492     0.0018   3.386102   3.386064      21.81          1   38.90808  -63.84962  -0.000035    410.002    410.000    34.8879    27.5494  305.13151  305.76997     5.3133    1478.78    1478.79      0.895      6.019         28 0.0000e+00
      16264 204.474764    677.631    414.548     5.3470     5.3489     0.0019   3.386134   3.386111       0.13          1   38.90808  -63.84963  -0.000035    410.996    411.000    34.8882    27.5496  305.13380  305.77232     5.3128    1478.80    1478.80      0.927      6.025         26 0.0000e+00
      16288 204.474776    678.632    415.557     5.3522     5.3550     0.0028   3.386858   3.386878       0.64          1   38.90808  -63.84964  -0.000052    411.995    412.000    34.8905    27.5509  305.09093  305.72885     5.3179    1478.84    1478.84      1.108      6.031         22 0.0000e+00
      16308 204.474786    679.476    416.567     5.3557     5.3575     0.0019   3.387237   3.387188      24.45          1   38.90808  -63.84964  -0.000051    412.997    413.000    34.8908    27.5507  305.06565  305.70313     5.3213    1478.87    1478.87      1.237      6.037         19 0.0000e+00
      16327 204.474795    680.269    417.576     5.3545     5.3564     0.0019   3.387159   3.387134       8.53          1   38.90810  -63.84966  -0.000018    414.003    414.000    34.8906    27.5506  305.07442  305.71205     5.3201    1478.88    1478.89      1.224      6.042         20 0.0000e+00
      16349 204.474805    681.154    418.586     5.3520     5.3543     0.0023   3.386976   3.386990      24.76          1   38.90810  -63.84966   0.000031    415.008    415.000    34.8905    27.5509  305.09225  305.73019     5.3175    1478.89    1478.89      0.996      6.048         24 0.0000e+00
      16380 204.474820    682.445    419.596     5.3497     5.3514     0.0017   3.386826   3.386777      33.57          1   38.90806  -63.84964  -0.000040    416.000    416.000    34.8906    27.5513  305.10828  305.74652     5.3151    1478.90    1478.90      0.721      6.054         36 0.0000e+00
      16411 204.474835    683.766    420.605     5.3494     5.3509     0.0015   3.386846   3.386783      -0.24          1   38.90805  -63.84964  -0.000081    416.994    417.000    34.8907    27.5514  305.11069  305.74897     5.3147    1478.91    1478.91      0.898      6.060         26 0.0000e+00
      16436 204.474847    684.784    421.615     5.3502     5.3522     0.0020   3.386970   3.386954      25.77          1   38.90804  -63.84964  -0.000018    418.002    418.000    34.8907    27.5513  305.10452  305.74269     5.3155    1478.93    1478.93      0.990      6.066         24 0.0000e+00
      16461 204.474859    685.834    422.625     5.3502     5.3520     0.0018   3.386999   3.386977       0.59          1   38.90805  -63.84965  -0.000024    419.001    419.000    34.8906    27.5512  305.10493  305.74310     5.3154    1478.95    1478.95      0.934      6.072         27 0.0000e+00
      16487 204.474872    686.919    423.634     5.3494     5.3516     0.0022   3.386975   3.386985      25.92          1   38.90807  -63.84967   0.000031    419.995    420.000    34.8907    27.5514  305.11096  305.74924     5.3144    1478.96    1478.97      1.015      6.078         24 0.0000e+00
      16509 204.474882    687.824    424.644     5.3456     5.3471     0.0015   3.386645   3.386602       0.23          1   38.90807  -63.84967  -0.000038    420.998    421.000    34.8903    27.5516  305.13877  305.77752     5.3106    1478.96    1478.96      1.168      6.084         20 0.0000e+00
      16529 204.474892    688.667    425.654     5.3443     5.3461     0.0018   3.386565   3.386552       0.60          1   38.90807  -63.84967   0.000023    422.004    422.000    34.8902    27.5517  305.14842  305.78734     5.3092    1478.97    1478.98      1.125      6.089         21 0.0000e+00
      16553 204.474903    689.661    426.664     5.3337     5.3349     0.0012   3.385519   3.385458       5.75          1   38.90809  -63.84968   0.000027    423.003    423.000    34.8887    27.5517  305.22753  305.86776     5.2986    1478.94    1478.95      0.948      6.095         27 0.0000e+00
      16580 204.474916    690.775    427.673     5.3223     5.3235     0.0012   3.384474   3.384411      31.33          1   38.90810  -63.84969  -0.000022    423.998    424.000    34.8881    27.5526  305.31102  305.95269     5.2871    1478.91    1478.91      0.946      6.101         26 0.0000e+00
      16604 204.474928    691.791    428.683     5.3163     5.3173     0.0010   3.383908   3.383841      11.66          1   38.90811  -63.84971 -3.551e-07    425.000    425.000    34.8873    27.5528  305.35581  305.99824     5.2810    1478.90    1478.91      1.000      6.107         23 0.0000e+00
      16629 204.474940    692.827    429.693     5.3026     5.3050     0.0024   3.382637   3.382692      22.78          1   38.90812  -63.84972   0.000126    426.004    426.000    34.8864    27.5537  305.45593  306.10009     5.2673    1478.87    1478.87      0.911      6.113         27 0.0000e+00
      16658 204.474954    694.037    430.702     5.2925     5.2939     0.0014   3.381710   3.381648       0.75          1   38.90809  -63.84971  -0.000008    427.000    427.000    34.8857    27.5543  305.52985  306.17528     5.2572    1478.84    1478.84      0.810      6.119         31 0.0000e+00
      16687 204.474968    695.260    431.712     5.2882     5.2900     0.0018   3.381382   3.381353       0.58          1   38.90808  -63.84970  -0.000035    427.996    428.000    34.8860    27.5551  305.56054  306.20654     5.2527    1478.84    1478.84      0.905      6.125         27 0.0000e+00
      16712 204.474980    696.276    432.722     5.2835     5.2847     0.0012   3.380889   3.380828       0.72          1   38.90808  -63.84970   0.000051    428.996    429.000    34.8846    27.5546  305.59694  306.24349     5.2480    1478.84    1478.84      1.080      6.130         22 0.0000e+00
      16733 204.474990    697.155    433.732     5.2729     5.2736     0.0006   3.379965   3.379845       0.73          1   38.90808  -63.84970  -0.000096    430.002    430.000    34.8845    27.5557  305.67321  306.32112     5.2374    1478.81    1478.81      1.126      6.136         21 0.0000e+00
      16755 204.475001    698.099    434.741     5.2674     5.2689     0.0015   3.379481   3.379437       0.58          1   38.90806  -63.84970  -0.000002    431.006    431.000    34.8842    27.5561  305.71378  306.36240     5.2318    1478.80    1478.81      0.975      6.142         25 0.0000e+00
      16783 204.475015    699.254    435.751     5.2589     5.2599     0.0010   3.378675   3.378592      22.42          1   38.90806  -63.84970 2.7436e-07    431.998    432.000    34.8833    27.5564  305.77711  306.42680     5.2232    1478.78    1478.79      0.878      6.148         28 0.0000e+00
      16809 204.475027    700.331    436.761     5.2498     5.2515     0.0018   3.378016   3.377971      37.68          1   38.90806  -63.84970  -0.000072    432.995    433.000    34.8846    27.5586  305.83955  306.49045     5.2140    1478.76    1478.77      1.051      6.154         23 0.0000e+00
      16830 204.475037    701.207    437.771     5.3156     5.3227     0.0071   3.386188   3.386222      17.70          1   38.90806  -63.84972  -0.001000    433.998    434.000    34.9095    27.5705  305.31046  305.95359     5.2795    1479.08    1479.10      1.198      6.160         20 0.0000e+00
      16850 204.475047    702.025    438.780     5.3821     5.3873     0.0052   3.392975   3.393096       0.52          1   38.90808  -63.84974  -0.000400    435.004    435.000    34.9176    27.5690  304.81528  305.45012     5.3458    1479.37    1479.39      1.162      6.165         20 0.0000e+00
      16873 204.475058    703.012    439.790     5.4698     5.4769     0.0071   3.403076   3.403116       0.49          1   38.90809  -63.84975  -0.000758    436.008    436.000    34.9415    27.5773  304.13535  304.75970     5.4331    1479.77    1479.79      0.872      6.171         29 0.0000e+00
      16908 204.475075    704.468    440.800     5.5652     5.5677     0.0024   3.412821   3.412877      16.69          1   38.90811  -63.84976  -0.000163    436.998    437.000    34.9533    27.5750  303.43041  304.04303     5.5281    1480.19    1480.20      0.673      6.177         38 0.0000e+00
      16940 204.475090    705.805    441.810     5.5853     5.5873     0.0020   3.414913   3.414894       0.18          1   38.90809  -63.84976  -0.000054    437.995    438.000    34.9558    27.5746  303.28240  303.89257     5.5480    1480.29    1480.30      0.901      6.182         26 0.0000e+00
      16964 204.475102    706.809    442.819     5.6001     5.5945    -0.0056   3.416777   3.415882       0.55          1   38.90808  -63.84976  -0.001145    438.999    439.000    34.9612    27.5770  303.16537  303.77383     5.5627    1480.37    1480.35      1.050      6.188         23 0.0000e+00
      16987 204.475113    707.742    443.829     5.6282     5.6310     0.0027   3.419907   3.419846       2.86          1   38.90809  -63.84977  -0.000210    440.000    440.000    34.9672    27.5783  302.95295  303.55804     5.5906    1480.51    1480.52      1.082      6.194         22 0.0000e+00
