ctd/proc/en717_03.ros
* Sea-Bird SBE 9 Data File:
* FileName = D:\ctd\raw\EN717_03.hdr
* Software Version Seasave V 7.26.7.121
* Temperature SN = 4695
* Conductivity SN = 0618
* Number of Bytes Per Scan = 40
* Number of Voltage Words = 5
* Number of Scans Averaged by the Deck Unit = 1
* NMEA Latitude = 39 25.85 N
* NMEA Longitude = 071 17.74 W
* NMEA UTC (Time) = Jun 08 2024  18:07:13
* NMEA baud rate = 4800
** Ship: R/V Endeavor
** Cruise: EN717
** Principal Investigator: David Smith
** Chief Scientist: David Smith
** Project: RITAS
** Cruise Start Date: 07 June 2024
** Ports: from and to GSO, Narragansett, RI
** Station:  03
** Bottom Depth (m): 2471
** Operator:
# nquan = 25
# nvalues = 1176                                  
# units = specified
# name 0 = scan: Scan Count
# name 1 = timeJ: Julian Days
# name 2 = timeS: Time, Elapsed [seconds]
# name 3 = prDM: Pressure, Digiquartz [db]
# name 4 = t090C: Temperature [ITS-90, deg C]
# name 5 = t190C: Temperature, 2 [ITS-90, deg C]
# name 6 = T2-T190C: Temperature Difference, 2 - 1 [ITS-90, deg C]
# name 7 = c0S/m: Conductivity [S/m]
# name 8 = c1S/m: Conductivity, 2 [S/m]
# name 9 = CStarAt0: Beam Attenuation, WET Labs C-Star [1/m]
# name 10 = CStarTr0: Beam Transmission, WET Labs C-Star [%]
# name 11 = flECO-AFL: Fluorescence, WET Labs ECO-AFL/FL [mg/m^3]
# name 12 = altM: Altimeter [m]
# name 13 = sbeox0V: Oxygen raw, SBE 43 [V]
# name 14 = sbeox1V: Oxygen raw, SBE 43, 2 [V]
# name 15 = par: PAR/Irradiance, Biospherical/Licor [umol photons/m^2/sec]
# name 16 = cpar: CPAR/Corrected Irradiance [%]
# name 17 = spar: SPAR, Biospherical/Licor [umol photons/m^2/sec]
# name 18 = pumps: Pump Status
# name 19 = latitude: Latitude [deg]
# name 20 = longitude: Longitude [deg]
# name 21 = C2-C1S/m: Conductivity Difference, 2 - 1 [S/m]
# name 22 = depSM: Depth [salt water, m]
# name 23 = nbf: Bottles Fired
# name 24 = flag:  0.000e+00
# interval = seconds: 0.0416667
# start_time = Jun 08 2024 18:07:15 [System UTC, header]
# bad_flag = -9.990e-29
*END*
[from data line 522]
     168743 160.836411   7030.917    101.924    11.8547    11.8533    -0.0014   3.952877   3.952532     0.4804    88.6830     0.0150       0.61     3.3308     2.2444 1.0000e-12 4.3783e-14 2.2840e+03          1   39.40926  -71.29574  -0.000346    101.123         11  0.000e+00
     168744 160.836412   7030.958    101.824    11.8551    11.8535    -0.0016   3.952853   3.952532     0.4804    88.6830     0.0150       0.39     3.3321     2.2432 1.0000e-12 4.3783e-14 2.2840e+03          1   39.40926  -71.29574  -0.000321    101.025         11  0.000e+00
     168745 160.836412   7031.000    102.048    11.8551    11.8537    -0.0014   3.952906   3.952532     0.4804    88.6830     0.0150       0.27     3.3333     2.2444 1.0000e-12 4.3783e-14 2.2840e+03          1   39.40926  -71.29574  -0.000374    101.247         11  0.000e+00
     168746 160.836413   7031.042    101.924    11.8555    11.8541    -0.0015   3.953021   3.952532     0.4815    88.6593     0.0150       0.27     3.3308     2.2432 1.0000e-12 4.3783e-14 2.2840e+03          1   39.40926  -71.29574  -0.000490    101.123         11  0.000e+00
     168747 160.836413   7031.083    101.924    11.8562    11.8542    -0.0021   3.953151   3.952564     0.4804    88.6830     0.0150       0.27     3.3308     2.2444 1.0000e-12 4.3783e-14 2.2840e+03          1   39.40926  -71.29574  -0.000587    101.124         11  0.000e+00
     168748 160.836413   7031.125    101.982    11.8572    11.8547    -0.0026   3.953221   3.952668     0.4804    88.6830     0.0150       0.27     3.3308     2.2444 1.0000e-12 4.3783e-14 2.2840e+03          1   39.40926  -71.29574  -0.000553    101.181         11  0.000e+00
     168749 160.836414   7031.167    101.982    11.8572    11.8543    -0.0029   3.953256   3.952668     0.4815    88.6593     0.0150       0.27     3.3308     2.2444 1.0000e-12 4.3783e-14 2.2840e+03          1   39.40926  -71.29574  -0.000588    101.181         11  0.000e+00
     168750 160.836414   7031.208    101.982    11.8574    11.8543    -0.0031   3.953267   3.952739     0.4804    88.6830     0.0150       0.39     3.3321     2.2444 1.0000e-12 4.3783e-14 2.2840e+03          1   39.40926  -71.29574  -0.000527    101.181         11  0.000e+00
     168751 160.836415   7031.250    101.982    11.8576    11.8543    -0.0032   3.953309   3.952668     0.4804    88.6830     0.0150       0.51     3.3321     2.2444 1.0000e-12 4.3783e-14 2.2840e+03          1   39.40926  -71.29574  -0.000641    101.181         11  0.000e+00
     168752 160.836415   7031.292    102.049    11.8581    11.8547    -0.0034   3.953326   3.952707     0.4815    88.6593     0.0150       0.51     3.3308     2.2444 1.0000e-12 4.3783e-14 2.2840e+03          1   39.40926  -71.29574  -0.000619    101.247         11  0.000e+00
     168753 160.836416   7031.333    102.049    11.8581    11.8542    -0.0039   3.953379   3.952707     0.4804    88.6830     0.0150       0.51     3.3321     2.2444 1.0000e-12 4.3783e-14 2.2840e+03          1   39.40926  -71.29574  -0.000672    101.247         11  0.000e+00
     168754 160.836416   7031.375    102.049    11.8584    11.8538    -0.0046   3.953432   3.952668     0.4815    88.6593     0.0150       0.51     3.3308     2.2432 1.0000e-12 4.3783e-14 2.2840e+03          1   39.40926  -71.29574  -0.000764    101.247         11  0.000e+00
     168755 160.836417   7031.417    102.065    11.8586    11.8537    -0.0049   3.953491   3.952603     0.4804    88.6830     0.0150       0.51     3.3308     2.2444 1.0000e-12 4.3783e-14 2.2840e+03          1   39.40926  -71.29574  -0.000888    101.264         11  0.000e+00
     168756 160.836417   7031.458    102.049    11.8591    11.8537    -0.0054   3.953530   3.952532     0.4815    88.6593     0.0150       0.39     3.3308     2.2444 1.0000e-12 4.3783e-14 2.2840e+03          1   39.40926  -71.29574  -0.000998    101.247         11  0.000e+00
     168757 160.836418   7031.500    102.107    11.8589    11.8538    -0.0050   3.953582   3.952603     0.4815    88.6593     0.0150       0.32     3.3308     2.2444 1.0000e-12 4.3783e-14 2.2840e+03          1   39.40926  -71.29574  -0.000979    101.305         11  0.000e+00
     168758 160.836418   7031.542    102.049    11.8591    11.8539    -0.0052   3.953600   3.952603     0.4804    88.6830     0.0150       0.29     3.3308     2.2432 1.0000e-12 4.3783e-14 2.2840e+03          1   39.40926  -71.29574  -0.000997    101.247         11  0.000e+00
     168759 160.836419   7031.583    102.173    11.8591    11.8540    -0.0051   3.953551   3.952707     0.4804    88.6830     0.0150       0.29     3.3321     2.2444 1.0000e-12 4.3783e-14 2.2840e+03          1   39.40926  -71.29574  -0.000844    101.371         11  0.000e+00
     168863 160.836469   7035.917    101.985    11.8542    11.8539    -0.0003   3.952741   3.952707     0.4836    88.6119     0.0150       0.54     3.3320     2.2382 1.0000e-12 4.3748e-14 2.2858e+03          1   39.40924  -71.29574  -0.000034    101.184         12  0.000e+00
     168864 160.836469   7035.958    101.985    11.8544    11.8540    -0.0004   3.952793   3.952707     0.4825    88.6356     0.0150       0.88     3.3320     2.2382 1.0000e-12 4.3748e-14 2.2858e+03          1   39.40924  -71.29574  -0.000086    101.184         12  0.000e+00
     168865 160.836470   7036.000    101.985    11.8546    11.8540    -0.0006   3.952811   3.952739     0.4825    88.6356     0.0150       1.10     3.3320     2.2382 1.0000e-12 4.3748e-14 2.2858e+03          1   39.40924  -71.29574  -0.000071    101.184         12  0.000e+00
     168866 160.836470   7036.042    102.051    11.8551    11.8543    -0.0007   3.952863   3.952707     0.4825    88.6356     0.0150       1.12     3.3320     2.2382 1.0000e-12 4.3748e-14 2.2858e+03          1   39.40924  -71.29574  -0.000157    101.250         12  0.000e+00
     168867 160.836471   7036.083    102.010    11.8552    11.8542    -0.0011   3.952870   3.952707     0.4825    88.6356     0.0150       1.12     3.3320     2.2382 1.0000e-12 4.3783e-14 2.2840e+03          1   39.40924  -71.29574  -0.000164    101.208         12  0.000e+00
     168868 160.836471   7036.125    102.051    11.8552    11.8542    -0.0010   3.952892   3.952772     0.4825    88.6356     0.0150       1.12     3.3344     2.2382 1.0000e-12 4.3783e-14 2.2840e+03          1   39.40924  -71.29574  -0.000120    101.250         12  0.000e+00
     168869 160.836472   7036.167    102.051    11.8552    11.8544    -0.0009   3.952832   3.952707     0.4815    88.6593     0.0150       1.10     3.3320     2.2382 1.0000e-12 4.3783e-14 2.2840e+03          1   39.40924  -71.29574  -0.000125    101.250         12  0.000e+00
     168870 160.836472   7036.208    101.985    11.8551    11.8545    -0.0006   3.952832   3.952811     0.4815    88.6593     0.0150       0.73     3.3332     2.2382 1.0000e-12 4.3783e-14 2.2840e+03          1   39.40924  -71.29574  -0.000021    101.184         12  0.000e+00
     168871 160.836473   7036.250    102.051    11.8549    11.8543    -0.0006   3.952818   3.952811     0.4815    88.6593     0.0150       0.51     3.3320     2.2382 1.0000e-12 4.3783e-14 2.2840e+03          1   39.40924  -71.29574  -0.000007    101.250         12  0.000e+00
     168872 160.836473   7036.292    102.051    11.8547    11.8540    -0.0008   3.952818   3.952739     0.4815    88.6593     0.0150       0.49     3.3320     2.2370 1.0000e-12 4.3783e-14 2.2840e+03          1   39.40924  -71.29574  -0.000078    101.250         12  0.000e+00
     168873 160.836474   7036.333    101.985    11.8546    11.8535    -0.0011   3.952765   3.952739     0.4815    88.6593     0.0076       0.51     3.3332     2.2370 1.0000e-12 4.3783e-14 2.2840e+03          1   39.40924  -71.29574  -0.000026    101.184         12  0.000e+00
     168874 160.836474   7036.375    102.051    11.8542    11.8535    -0.0007   3.952769   3.952636     0.4815    88.6593     0.0150       0.51     3.3332     2.2370 1.0000e-12 4.3783e-14 2.2840e+03          1   39.40924  -71.29574  -0.000133    101.250         12  0.000e+00
     168875 160.836475   7036.417    102.051    11.8542    11.8535    -0.0007   3.952734   3.952603     0.4815    88.6593     0.0150       0.49     3.3320     2.2370 1.0000e-12 4.3783e-14 2.2840e+03          1   39.40924  -71.29574  -0.000131    101.250         12  0.000e+00
     168876 160.836475   7036.458    102.051    11.8541    11.8537    -0.0004   3.952695   3.952597     0.4815    88.6593     0.0150       0.34     3.3320     2.2370 1.0000e-12 4.3783e-14 2.2840e+03          1   39.40924  -71.29574  -0.000099    101.250         12  0.000e+00
     168877 160.836476   7036.500    101.943    11.8541    11.8540    -0.0001   3.952730   3.952564     0.4804    88.6830     0.0150       0.29     3.3320     2.2382 1.0000e-12 4.3783e-14 2.2840e+03          1   39.40924  -71.29574  -0.000166    101.143         12  0.000e+00
     168878 160.836476   7036.542    102.109    11.8539    11.8542     0.0002   3.952734   3.952668     0.4793    88.7067     0.0150       0.27     3.3332     2.2370 1.0000e-12 4.3818e-14 2.2821e+03          1   39.40924  -71.29574  -0.000066    101.307         12  0.000e+00
     168879 160.836477   7036.583    102.051    11.8539    11.8542     0.0002   3.952720   3.952636     0.4815    88.6593     0.0150       0.27     3.3332     2.2370 1.0000e-12 4.3818e-14 2.2821e+03          1   39.40924  -71.29574  -0.000084    101.250         12  0.000e+00
     168880 160.836477   7036.625    102.051    11.8539    11.8542     0.0002   3.952741   3.952636     0.4804    88.6830     0.0076       0.27     3.3332     2.2370 1.0000e-12 4.3818e-14 2.2821e+03          1   39.40924  -71.29574  -0.000105    101.250         12  0.000e+00
     168881 160.836478   7036.667    102.051    11.8539    11.8541     0.0002   3.952727   3.952597     0.4804    88.6830     0.0076       0.27     3.3332     2.2370 1.0000e-12 4.3818e-14 2.2821e+03          1   39.40924  -71.29574  -0.000130    101.250         12  0.000e+00
     168882 160.836478   7036.708    102.051    11.8541    11.8540    -0.0001   3.952671   3.952636     0.4804    88.6830     0.0150       0.51     3.3332     2.2370 1.0000e-12 4.3818e-14 2.2821e+03          1   39.40924  -71.29574  -0.000035    101.250         12  0.000e+00
     168883 160.836479   7036.750    102.051    11.8539    11.8542     0.0002   3.952709   3.952668     0.4825    88.6356     0.0150       0.71     3.3332     2.2370 1.0000e-12 4.3818e-14 2.2821e+03          1   39.40924  -71.29574  -0.000041    101.250         12  0.000e+00
     168884 160.836479   7036.792    102.051    11.8541    11.8540    -0.0001   3.952699   3.952636     0.4825    88.6356     0.0150       0.73     3.3332     2.2370 1.0000e-12 4.3783e-14 2.2840e+03          1   39.40924  -71.29574  -0.000063    101.250         12  0.000e+00
     168885 160.836480   7036.833    102.051    11.8539    11.8540     0.0001   3.952709   3.952597     0.4815    88.6593     0.0150       0.73     3.3332     2.2370 1.0000e-12 4.3818e-14 2.2821e+03          1   39.40924  -71.29574  -0.000113    101.250         12  0.000e+00
     168886 160.836480   7036.875    102.051    11.8544    11.8538    -0.0006   3.952762   3.952636     0.4825    88.6356     0.0223       0.73     3.3332     2.2370 1.0000e-12 4.3783e-14 2.2840e+03          1   39.40924  -71.29574  -0.000126    101.250         12  0.000e+00
     168887 160.836481   7036.917    102.051    11.8547    11.8539    -0.0009   3.952821   3.952597     0.4825    88.6356     0.0223       0.71     3.3344     2.2370 1.0000e-12 4.3783e-14 2.2840e+03          1   39.40924  -71.29574  -0.000225    101.250         12  0.000e+00
     168888 160.836481   7036.958    102.134    11.8549    11.8538    -0.0010   3.952885   3.952603     0.4825    88.6356     0.0296       0.56     3.3332     2.2370 1.0000e-12 4.3783e-14 2.2840e+03          1   39.40924  -71.29574  -0.000281    101.332         12  0.000e+00
     168889 160.836481   7037.000    102.052    11.8551    11.8538    -0.0012   3.952930   3.952564     0.4815    88.6593     0.0223       0.46     3.3332     2.2370 1.0000e-12 4.3783e-14 2.2840e+03          1   39.40924  -71.29574  -0.000366    101.250         12  0.000e+00
     168890 160.836482   7037.042    102.052    11.8554    11.8537    -0.0018   3.953000   3.952597     0.4825    88.6356     0.0296       0.46     3.3332     2.2370 1.0000e-12 4.3783e-14 2.2840e+03          1   39.40924  -71.29574  -0.000404    101.250         12  0.000e+00
     168891 160.836482   7037.083    102.052    11.8557    11.8537    -0.0021   3.953000   3.952564     0.4825    88.6356     0.0296       0.46     3.3332     2.2370 1.0000e-12 4.3783e-14 2.2840e+03          1   39.40924  -71.29574  -0.000436    101.250         12  0.000e+00
     168892 160.836483   7037.125    102.110    11.8557    11.8537    -0.0021   3.952993   3.952597     0.4815    88.6593     0.0223       0.46     3.3344     2.2370 1.0000e-12 4.3783e-14 2.2840e+03          1   39.40924  -71.29574  -0.000397    101.308         12  0.000e+00
     168893 160.836483   7037.167    102.052    11.8557    11.8539    -0.0018   3.953035   3.952603     0.4804    88.6830     0.0223       0.49     3.3344     2.2370 1.0000e-12 4.3783e-14 2.2840e+03          1   39.40924  -71.29574  -0.000432    101.250         12  0.000e+00
     168894 160.836484   7037.208    102.052    11.8562    11.8540    -0.0022   3.953074   3.952597     0.4815    88.6593     0.0223       0.68     3.3344     2.2370 1.0000e-12 4.3783e-14 2.2840e+03          1   39.40924  -71.29574  -0.000477    101.250         12  0.000e+00
     168895 160.836484   7037.250    102.052    11.8559    11.8538    -0.0021   3.953035   3.952636     0.4825    88.6356     0.0296       0.81     3.3357     2.2370 1.0000e-12 4.3783e-14 2.2840e+03          1   39.40924  -71.29574  -0.000400    101.250         12  0.000e+00
     168896 160.836485   7037.292    102.110    11.8555    11.8538    -0.0017   3.952916   3.952636     0.4815    88.6593     0.0296       0.81     3.3357     2.2382 1.0000e-12 4.3783e-14 2.2840e+03          1   39.40924  -71.29574  -0.000281    101.308         12  0.000e+00
     168897 160.836485   7037.333    102.052    11.8549    11.8542    -0.0007   3.952804   3.952668     0.4815    88.6593     0.0296       0.81     3.3357     2.2370 1.0000e-12 4.3818e-14 2.2821e+03          1   39.40924  -71.29574  -0.000136    101.250         12  0.000e+00
     168898 160.836486   7037.375    102.135    11.8531    11.8542     0.0011   3.952597   3.952636     0.4815    88.6593     0.0150       0.81     3.3320     2.2382 1.0000e-12 4.3818e-14 2.2821e+03          1   39.40924  -71.29574   0.000039    101.332         12  0.000e+00
     168899 160.836486   7037.417    102.052    11.8519    11.8544     0.0025   3.952492   3.952668     0.4815    88.6593     0.0076       0.81     3.3344     2.2370 1.0000e-12 4.3818e-14 2.2821e+03          1   39.40924  -71.29574   0.000176    101.250         12  0.000e+00
     168900 160.836487   7037.458    102.176    11.8531    11.8543     0.0013   3.952636   3.952707     0.4804    88.6830     0.0003       0.85     3.3357     2.2370 1.0000e-12 4.3818e-14 2.2821e+03          1   39.40924  -71.29574   0.000071    101.374         12  0.000e+00
     168901 160.836487   7037.500    102.052    11.8542    11.8545     0.0003   3.952762   3.952707     0.4804    88.6830     0.0076       0.88     3.3357     2.2382 1.0000e-12 4.3818e-14 2.2821e+03          1   39.40924  -71.29574  -0.000055    101.250         12  0.000e+00
     168902 160.836488   7037.542    102.110    11.8547    11.8545    -0.0002   3.952941   3.952739     0.4815    88.6593     0.0076       0.88     3.3357     2.2370 1.0000e-12 4.3818e-14 2.2821e+03          1   39.40924  -71.29574  -0.000201    101.308         12  0.000e+00
