ctd/proc/EN719_CTD04_avg.cnv
* Sea-Bird SBE 9 Data File:
* FileName = D:\ctd\raw\EN719_CTD04.hdr
* Software Version Seasave V 7.26.7.121
* Temperature SN = 4333
* Conductivity SN = 0864
* Number of Bytes Per Scan = 37
* Number of Voltage Words = 4
* Number of Scans Averaged by the Deck Unit = 1
* NMEA Latitude = 38 41.14 N
* NMEA Longitude = 063 42.51 W
* NMEA UTC (Time) = Jul 12 2024  20:37:11
* NMEA baud rate = 4800
** Ship: R/V Endeavor
** Cruise: EN719
** Principal Investigator: Chad Smith
** Chief Scientist: Chad Smith
** Project: NESMA24
** Cruise Start Date: 7 July 2024
** Ports: GSO, Narragansett RI to GSO, Narragansett RI
** Station:
** Bottom Depth: 4992
** Operator:  gDies
# nquan = 27
# nvalues = 1994                        
# units = specified
# name 0 = scan: Scan Count
# name 1 = timeJ: Julian Days
# name 2 = timeS: Time, Elapsed [seconds]
# name 3 = prDM: Pressure, Digiquartz [db]
# name 4 = t090C: Temperature [ITS-90, deg C]
# name 5 = t190C: Temperature, 2 [ITS-90, deg C]
# name 6 = T2-T190C: Temperature Difference, 2 - 1 [ITS-90, deg C]
# name 7 = c0S/m: Conductivity [S/m]
# name 8 = c1S/m: Conductivity, 2 [S/m]
# name 9 = altM: Altimeter [m]
# name 10 = pumps: Pump Status
# name 11 = latitude: Latitude [deg]
# name 12 = longitude: Longitude [deg]
# name 13 = C2-C1S/m: Conductivity Difference, 2 - 1 [S/m]
# name 14 = depSM: Depth [salt water, m]
# name 15 = depSM: Depth [salt water, m], lat = 38.6857
# name 16 = sal00: Salinity, Practical [PSU]
# name 17 = sigma-é00: Density [sigma-theta, kg/m^3]
# name 18 = oxsolMm/Kg: Oxygen Saturation, Garcia & Gordon [umol/kg]
# name 19 = oxsatMm/Kg: Oxygen Saturation, Weiss [umol/kg]
# name 20 = potemp090C: Potential Temperature [ITS-90, deg C]
# name 21 = svCM: Sound Velocity [Chen-Millero, m/s]
# name 22 = svCM1: Sound Velocity, 2 [Chen-Millero, m/s]
# name 23 = dz/dtM: Descent Rate [m/s], WS = 2
# name 24 = gpa: Geopotential Anomaly [J/kg]
# name 25 = nbin: number of scans per bin
# name 26 = flag: flag
# span 0 =        532,      57104       
# span 1 = 194.859446, 194.886728       
# span 2 =     22.115,   2379.301       
# span 3 =      8.061,   2025.974       
# span 4 =     3.7798,    28.0157       
# span 5 =     3.7811,    28.0147       
# span 6 =    -0.3846,     0.1691       
# span 7 =   3.320300,   5.824528       
# span 8 =   3.320448,   5.824218       
# span 9 =     -11.97,      90.16       
# span 10 =          1,          1      
# span 11 =   38.68222,   38.68570      
# span 12 =  -63.70837,  -63.68864      
# span 13 =  -0.047293,   0.021747      
# span 14 =      8.000,   2001.048      
# span 15 =      8.000,   2001.000      
# span 16 =    34.1526,    36.5815      
# span 17 =    22.7075,    27.7987      
# span 18 =  195.07885,  316.55531      
# span 19 =  194.57727,  317.41092      
# span 20 =     3.6131,    28.0100      
# span 21 =    1486.35,    1543.28      
# span 22 =    1486.35,    1543.28      
# span 23 =     -0.212,      1.600      
# span 24 =      0.067,     18.478      
# span 25 =          4,       1176      
# span 26 = 0.0000e+00, 0.0000e+00      
# interval = meters: 1                  
# start_time = Jul 12 2024 20:37:14 [System UTC, header]
# bad_flag = -9.990e-29
*END*
[from data line 430]
      16992 194.867384    707.972    441.801    10.4358    10.4340    -0.0019   3.899607   3.899238       0.52          1   38.68566  -63.70037  -0.000360    437.998    438.000    35.2983    27.1185  271.48228  271.59823    10.3823    1499.03    1499.03      0.870      9.718         27 0.0000e+00
      17018 194.867397    709.062    442.811    10.4250    10.4213    -0.0037   3.898184   3.897827      24.87          1   38.68566  -63.70034   0.000073    438.998    439.000    35.2939    27.1170  271.55329  271.67008    10.3715    1499.01    1498.99      0.959      9.729         25 0.0000e+00
      17043 194.867409    710.098    443.820    10.3542    10.3526    -0.0016   3.890819   3.890768       0.97          1   38.68566  -63.70034   0.000184    440.003    440.000    35.2875    27.1244  271.97664  272.09931    10.3007    1498.76    1498.76      0.952      9.739         26 0.0000e+00
      17070 194.867421    711.203    444.830    10.3313    10.3319     0.0006   3.888608   3.888613      23.01          1   38.68566  -63.70032   0.000140    441.000    441.000    35.2868    27.1279  272.11103  272.23563    10.2778    1498.70    1498.70      0.884      9.750         27 0.0000e+00
      17098 194.867435    712.379    445.840    10.2926    10.2886    -0.0039   3.884375   3.883993       0.46          1   38.68566  -63.70030  -0.000060    442.002    442.000    35.2809    27.1300  272.34771  272.47551    10.2391    1498.57    1498.56      0.838      9.760         29 0.0000e+00
      17127 194.867449    713.603    446.850    10.2545    10.2537    -0.0008   3.880499   3.880350       0.59          1   38.68566  -63.70030   0.000054    442.999    443.000    35.2780    27.1344  272.57523  272.70623    10.2010    1498.45    1498.44      0.840      9.771         29 0.0000e+00
      17155 194.867462    714.761    447.859    10.2267    10.2268     0.0001   3.877631   3.877590      45.29          1   38.68566  -63.70029   0.000059    443.997    444.000    35.2753    27.1371  272.74228  272.87562    10.1732    1498.36    1498.36      0.917      9.781         27 0.0000e+00
      17180 194.867475    715.811    448.869    10.2140    10.2146     0.0006   3.876372   3.876348      22.19          1   38.68566  -63.70027   0.000077    445.001    445.000    35.2744    27.1386  272.81824  272.95264    10.1604    1498.33    1498.33      0.963      9.791         24 0.0000e+00
      17207 194.867487    716.913    449.879    10.1992    10.1989    -0.0004   3.874818   3.874699       1.14          1   38.68566  -63.70026  -0.000015    446.005    446.000    35.2725    27.1397  272.90838  273.04402    10.1455    1498.29    1498.29      0.814      9.802         30 0.0000e+00
      17242 194.867505    718.388    450.889    10.1823    10.1821    -0.0002   3.873092   3.873001      31.67          1   38.68566  -63.70024  -0.000027    446.998    447.000    35.2709    27.1414  273.01035  273.14742    10.1286    1498.25    1498.25      0.677      9.812         38 0.0000e+00
      17274 194.867520    719.690    451.899    10.1719    10.1731     0.0012   3.872084   3.872084       0.02          1   38.68566  -63.70023   0.000045    447.994    448.000    35.2703    27.1428  273.07239  273.21034    10.1181    1498.23    1498.23      0.960      9.822         25 0.0000e+00
      17296 194.867530    720.612    452.908    10.1658    10.1662     0.0005   3.871432   3.871416       0.66          1   38.68566  -63.70022   0.000061    448.998    449.000    35.2692    27.1430  273.11056  273.24903    10.1118    1498.22    1498.22      1.144      9.833         20 0.0000e+00
      17316 194.867540    721.475    453.918    10.1423    10.1436     0.0013   3.868690   3.868930       0.51          1   38.68566  -63.70022   0.000585    450.005    450.000    35.2636    27.1427  273.25907  273.39947    10.0883    1498.15    1498.15      1.098      9.843         22 0.0000e+00
      17341 194.867552    722.521    454.928    10.1169    10.1192     0.0022   3.866322   3.866466       0.63          1   38.68566  -63.70019   0.000162    451.006    451.000    35.2637    27.1471  273.40747  273.55006    10.0629    1498.07    1498.08      0.839      9.853         30 0.0000e+00
      17377 194.867570    724.011    455.938    10.0631    10.0441    -0.0190   3.860070   3.858428      31.14          1   38.68566  -63.70018  -0.000840    451.999    452.000    35.2517    27.1471  273.74709  273.89416    10.0091    1497.88    1497.82      0.637      9.863         39 0.0000e+00
      17412 194.867586    725.451    456.948     9.9493     9.9490    -0.0003   3.848600   3.848591      24.40          1   38.68566  -63.70016  -0.000104    452.995    453.000    35.2449    27.1612  274.43086  274.58773     9.8956    1497.48    1497.48      0.867      9.874         28 0.0000e+00
      17436 194.867598    726.456    457.957     9.9654     9.9802     0.0148   3.850552   3.851814      27.94          1   38.68566  -63.70016   0.001460    453.999    454.000    35.2486    27.1614  274.32813  274.48365     9.9115    1497.56    1497.61      1.060      9.884         22 0.0000e+00
      17458 194.867609    727.391    458.967     9.9324     9.9293    -0.0031   3.846848   3.846601      25.55          1   38.68566  -63.70014  -0.000136    455.005    455.000    35.2424    27.1622  274.53533  274.69363     9.8785    1497.45    1497.44      1.009      9.894         24 0.0000e+00
      17486 194.867622    728.522    459.977     9.9173     9.9200     0.0027   3.845443   3.845650      15.59          1   38.68565  -63.70013   0.000271    456.002    456.000    35.2423    27.1646  274.62472  274.78435     9.8634    1497.41    1497.42      0.812      9.904         31 0.0000e+00
      17517 194.867637    729.854    460.987     9.9084     9.9106     0.0022   3.844663   3.844744      25.02          1   38.68564  -63.70011   0.000067    456.998    457.000    35.2425    27.1663  274.67689  274.83730     9.8544    1497.40    1497.40      0.778      9.914         31 0.0000e+00
      17547 194.867651    731.079    461.997     9.9095     9.9112     0.0017   3.844844   3.844866      43.44          1   38.68564  -63.70010   0.000023    458.000    458.000    35.2428    27.1665  274.66985  274.83017     9.8553    1497.42    1497.42      0.857      9.924         28 0.0000e+00
      17574 194.867665    732.227    463.007     9.9080     9.9095     0.0015   3.844731   3.844753      -0.20          1   38.68564  -63.70008   0.000022    458.999    459.000    35.2427    27.1666  274.67906  274.83951     9.8537    1497.43    1497.43      0.898      9.934         27 0.0000e+00
      17601 194.867677    733.334    464.016     9.9080     9.9097     0.0017   3.844793   3.844828       0.62          1   38.68564  -63.70008   0.000022    460.000    460.000    35.2429    27.1668  274.67886  274.83932     9.8535    1497.45    1497.45      0.902      9.944         27 0.0000e+00
      17629 194.867691    734.496    465.026     9.9089     9.9104     0.0015   3.844947   3.844959      19.97          1   38.68564  -63.70006   0.000012    461.002    461.000    35.2431    27.1669  274.67300  274.83338     9.8543    1497.47    1497.47      0.822      9.954         30 0.0000e+00
      17660 194.867706    735.779    466.036     9.9080     9.9094     0.0014   3.844875   3.844902      20.77          1   38.68564  -63.70005   0.000042    461.999    462.000    35.2428    27.1668  274.67885  274.83930     9.8533    1497.48    1497.48      0.815      9.965         30 0.0000e+00
      17687 194.867719    736.922    467.046     9.9067     9.9083     0.0015   3.844832   3.844859      25.37          1   38.68564  -63.70003   0.000006    462.994    463.000    35.2431    27.1673  274.68562  274.84618     9.8520    1497.49    1497.50      0.991      9.975         24 0.0000e+00
      17710 194.867730    737.869    468.056     9.9081     9.9098     0.0016   3.845034   3.845068       0.77          1   38.68564  -63.70002   0.000024    464.004    464.000    35.2434    27.1673  274.67700  274.83745     9.8532    1497.51    1497.52      1.019      9.985         23 0.0000e+00
      17737 194.867743    738.992    469.066     9.9060     9.9063     0.0003   3.844806   3.844727      14.27          1   38.68564  -63.70001  -0.000037    465.006    465.000    35.2427    27.1671  274.69091  274.85153     9.8510    1497.52    1497.52      0.776      9.995         33 0.0000e+00
      17775 194.867761    740.565    470.076     9.9013     9.9023     0.0011   3.844394   3.844363      32.97          1   38.68564  -63.69999  -0.000049    465.998    466.000    35.2426    27.1678  274.71900  274.88003     9.8461    1497.52    1497.52      0.633     10.005         39 0.0000e+00
      17808 194.867777    741.958    471.086     9.8993     9.8993    -0.0001   3.844196   3.844052      20.64          1   38.68564  -63.69998  -0.000073    466.995    467.000    35.2420    27.1677  274.73166  274.89286     9.8441    1497.53    1497.53      0.879     10.015         27 0.0000e+00
      17833 194.867789    742.981    472.096     9.8826     9.8836     0.0010   3.842278   3.842431       2.11          1   38.68564  -63.69997   0.000261    467.999    468.000    35.2382    27.1676  274.83826  275.00087     9.8273    1497.48    1497.49      1.023     10.025         24 0.0000e+00
      17856 194.867800    743.950    473.105     9.8537     9.8562     0.0026   3.839334   3.839517       0.69          1   38.68564  -63.69996   0.000418    469.001    469.000    35.2358    27.1706  275.01438  275.17950     9.7983    1497.39    1497.40      1.030     10.035         23 0.0000e+00
      17880 194.867812    744.948    474.115     9.8357     9.8347    -0.0010   3.837394   3.837288       0.62          1   38.68563  -63.69995   0.000128    470.001    470.000    35.2329    27.1714  275.12650  275.29316     9.7803    1497.34    1497.34      0.981     10.045         25 0.0000e+00
      17906 194.867825    746.042    475.125     9.8059     9.8054    -0.0005   3.834361   3.834239       0.55          1   38.68562  -63.69994   0.000026    471.005    471.000    35.2304    27.1746  275.30847  275.47772     9.7505    1497.25    1497.24      0.822     10.055         29 0.0000e+00
      17942 194.867842    747.558    476.135     9.7869     9.7867    -0.0002   3.832439   3.832337      29.90          1   38.68562  -63.69992  -0.000032    472.000    472.000    35.2287    27.1765  275.42450  275.59541     9.7314    1497.19    1497.19      0.616     10.065         41 0.0000e+00
      17978 194.867859    749.042    477.145     9.7717     9.7720     0.0004   3.830828   3.830793       5.37          1   38.68562  -63.69991   0.000125    472.993    473.000    35.2266    27.1774  275.51940  275.69163     9.7162    1497.15    1497.15      0.862     10.075         28 0.0000e+00
      18002 194.867871    750.042    478.155     9.7386     9.7377    -0.0009   3.827328   3.827236      19.81          1   38.68562  -63.69990   0.000131    473.998    474.000    35.2225    27.1797  275.72454  275.89964     9.6831    1497.04    1497.04      1.055     10.085         23 0.0000e+00
      18025 194.867882    750.988    479.165     9.7128     9.7112    -0.0016   3.824687   3.824498       1.13          1   38.68562  -63.69989   0.000112    475.005    475.000    35.2200    27.1821  275.88290  276.06025     9.6572    1496.96    1496.96      0.982     10.095         24 0.0000e+00
      18053 194.867896    752.184    480.175     9.6602     9.6546    -0.0056   3.819127   3.818662       0.48          1   38.68562  -63.69988  -0.000097    476.002    476.000    35.2137    27.1861  276.20947  276.39142     9.6047    1496.78    1496.76      0.759     10.105         33 0.0000e+00
      18087 194.867912    753.597    481.185     9.6062     9.6066     0.0004   3.813817   3.813831      19.34          1   38.68562  -63.69986   0.000168    476.999    477.000    35.2113    27.1932  276.53706  276.72382     9.5508    1496.60    1496.60      0.733     10.115         33 0.0000e+00
      18119 194.867927    754.901    482.195     9.5563     9.5512    -0.0050   3.808473   3.808097      21.27          1   38.68562  -63.69985   0.000199    477.995    478.000    35.2045    27.1962  276.85004  277.04119     9.5009    1496.43    1496.41      0.859     10.125         29 0.0000e+00
      18144 194.867939    755.958    483.205     9.4886     9.4885    -0.0001   3.802123   3.802074       0.58          1   38.68562  -63.69983   0.000048    478.997    479.000    35.2047    27.2076  277.25632  277.45361     9.4333    1496.20    1496.20      1.032     10.134         23 0.0000e+00
      18166 194.867950    756.886    484.215     9.4782     9.4790     0.0008   3.801190   3.801165      30.16          1   38.68562  -63.69982   0.000055    480.002    480.000    35.2048    27.2094  277.31868  277.51691     9.4229    1496.18    1496.18      1.067     10.144         22 0.0000e+00
      18190 194.867962    757.892    485.225     9.4692     9.4705     0.0013   3.800373   3.800383      22.43          1   38.68562  -63.69981   0.000040    481.006    481.000    35.2047    27.2108  277.37296  277.57201     9.4138    1496.16    1496.16      0.886     10.154         27 0.0000e+00
      18225 194.867979    759.351    486.235     9.4623     9.4636     0.0013   3.799760   3.799768      29.12          1   38.68562  -63.69979   0.000033    482.001    482.000    35.2046    27.2119  277.41470  277.61437     9.4068    1496.15    1496.15      0.616     10.163         42 0.0000e+00
      18263 194.867997    760.910    487.245     9.4574     9.4588     0.0013   3.799360   3.799362      -0.34          1   38.68562  -63.69978   0.000019    482.995    483.000    35.2048    27.2129  277.44370  277.64382     9.4018    1496.15    1496.16      0.793     10.173         30 0.0000e+00
      18290 194.868010    762.024    488.255     9.4531     9.4544     0.0013   3.798992   3.798988       3.30          1   38.68562  -63.69977   0.000018    483.998    484.000    35.2047    27.2136  277.46971  277.67022     9.3974    1496.15    1496.16      0.970     10.183         25 0.0000e+00
      18313 194.868021    763.013    489.265     9.4464     9.4472     0.0007   3.798337   3.798316      24.14          1   38.68562  -63.69974   0.000077    485.000    485.000    35.2041    27.2142  277.51144  277.71255     9.3906    1496.14    1496.15      1.039     10.192         23 0.0000e+00
      18337 194.868032    763.981    490.274     9.4295     9.4297     0.0002   3.796684   3.796649       0.64          1   38.68562  -63.69974   0.000060    486.002    486.000    35.2031    27.2162  277.61547  277.81811     9.3736    1496.10    1496.10      0.998     10.202         24 0.0000e+00
      18363 194.868045    765.085    491.285     9.4203     9.4208     0.0005   3.795845   3.795787      20.05          1   38.68562  -63.69972   0.000029    487.003    487.000    35.2029    27.2176  277.67111  277.87458     9.3644    1496.08    1496.08      0.838     10.212         30 0.0000e+00
      18394 194.868060    766.395    492.295     9.4044     9.4048     0.0004   3.794323   3.794276      39.26          1   38.68562  -63.69972  -0.000007    487.999    488.000    35.2023    27.2197  277.76833  277.97324     9.3484    1496.04    1496.04      0.777     10.221         31 0.0000e+00
      18424 194.868074    767.625    493.304     9.4001     9.4018     0.0016   3.794004   3.794044      40.42          1   38.68562  -63.69970   0.000043    489.001    489.000    35.2027    27.2208  277.79341  277.99872     9.3440    1496.04    1496.05      0.832     10.231         29 0.0000e+00
      18454 194.868089    768.887    494.314     9.3955     9.3966     0.0011   3.793575   3.793571      39.53          1   38.68562  -63.69969   0.000048    490.001    490.000    35.2024    27.2213  277.82218  278.02792     9.3393    1496.04    1496.04      0.776     10.240         32 0.0000e+00
