ctd/proc/en717_01_avg.cnv
* Sea-Bird SBE 9 Data File:
* FileName = D:\ctd\raw\EN717_01.hdr
* Software Version Seasave V 7.26.7.121
* Temperature SN = 4695
* Conductivity SN = 0618
* Number of Bytes Per Scan = 40
* Number of Voltage Words = 5
* Number of Scans Averaged by the Deck Unit = 1
* NMEA Latitude = 41 08.84 N
* NMEA Longitude = 071 16.87 W
* NMEA UTC (Time) = Jun 07 2024  18:33:32
* NMEA baud rate = 4800
** Ship: R/V Endeavor
** Cruise: EN717
** Principal Investigator: David Smith
** Chief Scientist: David Smith
** Project: RITAS
** Cruise Start Date: 07 June 2024
** Ports: from and to GSO, Narragansett, RI
** Station:
** Bottom Depth (m):
** Operator:
# nquan = 36
# nvalues = 39                          
# units = specified
# name 0 = scan: Scan Count
# name 1 = timeJ: Julian Days
# name 2 = timeS: Time, Elapsed [seconds]
# name 3 = prDM: Pressure, Digiquartz [db]
# name 4 = t090C: Temperature [ITS-90, deg C]
# name 5 = t190C: Temperature, 2 [ITS-90, deg C]
# name 6 = T2-T190C: Temperature Difference, 2 - 1 [ITS-90, deg C]
# name 7 = c0S/m: Conductivity [S/m]
# name 8 = c1S/m: Conductivity, 2 [S/m]
# name 9 = CStarAt0: Beam Attenuation, WET Labs C-Star [1/m]
# name 10 = CStarTr0: Beam Transmission, WET Labs C-Star [%]
# name 11 = flECO-AFL: Fluorescence, WET Labs ECO-AFL/FL [mg/m^3]
# name 12 = altM: Altimeter [m]
# name 13 = sbeox0V: Oxygen raw, SBE 43 [V]
# name 14 = sbeox1V: Oxygen raw, SBE 43, 2 [V]
# name 15 = par: PAR/Irradiance, Biospherical/Licor [umol photons/m^2/sec]
# name 16 = cpar: CPAR/Corrected Irradiance [%]
# name 17 = spar: SPAR, Biospherical/Licor [umol photons/m^2/sec]
# name 18 = pumps: Pump Status
# name 19 = latitude: Latitude [deg]
# name 20 = longitude: Longitude [deg]
# name 21 = C2-C1S/m: Conductivity Difference, 2 - 1 [S/m]
# name 22 = depSM: Depth [salt water, m]
# name 23 = depSM: Depth [salt water, m], lat = 41.1473
# name 24 = sal00: Salinity, Practical [PSU]
# name 25 = sigma-é00: Density [sigma-theta, kg/m^3]
# name 26 = sbox0Mm/Kg: Oxygen, SBE 43 [umol/kg], WS = 2
# name 27 = oxsolMm/Kg: Oxygen Saturation, Garcia & Gordon [umol/kg]
# name 28 = oxsatMm/Kg: Oxygen Saturation, Weiss [umol/kg]
# name 29 = potemp090C: Potential Temperature [ITS-90, deg C]
# name 30 = svCM: Sound Velocity [Chen-Millero, m/s]
# name 31 = svCM1: Sound Velocity, 2 [Chen-Millero, m/s]
# name 32 = dz/dtM: Descent Rate [m/s], WS = 2
# name 33 = gpa: Geopotential Anomaly [J/kg]
# name 34 = nbin: number of scans per bin
# name 35 = flag: flag
# span 0 =       1906,       9076       
# span 1 = 159.774240, 159.777698       
# span 2 =     79.369,    378.132       
# span 3 =     13.102,     51.406       
# span 4 =     8.5163,    14.4989       
# span 5 =     8.5173,    14.5048       
# span 6 =    -0.0093,     0.0242       
# span 7 =   3.352825,   3.810816       
# span 8 =   3.352896,   3.811059       
# span 9 =     0.6772,     1.5065       
# span 10 =    68.6107,    84.4260      
# span 11 =     0.2443,     2.5649      
# span 12 =       7.01,      45.84      
# span 13 =     3.3055,     3.8912      
# span 14 =     2.2035,     2.7108      
# span 15 = 1.2961e-01, 1.8997e+02      
# span 16 = 8.3232e-03, 8.4077e+00      
# span 17 = 1.4966e+03, 3.0786e+03      
# span 18 =          1,          1      
# span 19 =   41.14686,   41.14731      
# span 20 =  -71.28141,  -71.28129      
# span 21 =  -0.005215,   0.002825      
# span 22 =     13.000,     51.008      
# span 23 =     13.000,     51.000      
# span 24 =    31.0461,    31.6390      
# span 25 =    23.0313,    24.5611      
# span 26 =    268.381,    290.949      
# span 27 =  257.20923,  290.64800      
# span 28 =  256.99816,  290.87054      
# span 29 =     8.5112,    14.4970      
# span 30 =    1481.11,    1500.68      
# span 31 =    1481.11,    1500.69      
# span 32 =     -0.093,      0.715      
# span 33 =      0.299,      2.592      
# span 34 =         34,       2518      
# span 35 = 0.0000e+00, 0.0000e+00      
# interval = meters: 1                  
# start_time = Jun 07 2024 18:33:35 [System UTC, header]
# bad_flag = -9.990e-29
*END*
       1906 159.774240     79.369     13.102    14.4989    14.5048     0.0060   3.810816   3.811059     0.8917    80.0185     1.3723      45.84     3.8912     2.7108 1.7047e+02 8.4077e+00 2.0104e+03          1   41.14731  -71.28129   0.000512     13.000     13.000    31.0461    23.0313    288.949  257.20923  256.99816    14.4970    1500.68    1500.69      0.095      0.299       2518 0.0000e+00
       5110 159.775785    212.860     14.110    14.1273    14.1515     0.0242   3.781195   3.781797     0.8909    80.0341     1.4040      45.15     3.8692     2.6889 1.8997e+02 7.4769e+00 2.5304e+03          1   41.14715  -71.28136   0.002825     13.997     14.000    31.0744    23.1298    288.156  259.08370  258.89356    14.1254    1499.52    1499.58      0.602      1.005         40 0.0000e+00
       5088 159.775775    211.965     15.118    13.5227    13.5371     0.0144   3.731895   3.731789     0.8990    79.8722     1.7265      44.03     3.8455     2.6736 1.4332e+02 6.6412e+00 2.1552e+03          1   41.14714  -71.28136   0.002155     15.003     15.000    31.1098    23.2788    287.784  262.21700  262.06246    13.5206    1497.58    1497.61      0.580      1.039         41 0.0000e+00
       5143 159.775802    214.251     16.126    12.7882    12.7960     0.0078   3.672161   3.672228     0.9310    79.2355     2.2112      42.80     3.7918     2.6252 1.0698e+02 5.5472e+00 1.9221e+03          1   41.14714  -71.28136   0.002075     16.000     16.000    31.1526    23.4551    287.209  266.11704  266.00814    12.7861    1495.19    1495.21      0.382      1.085         64 0.0000e+00
       5198 159.775828    216.552     17.134    11.9667    11.9755     0.0088   3.604012   3.603717     0.9811    78.2503     2.5649      41.95     3.7609     2.6057 7.5788e+01 4.4001e+00 1.7229e+03          1   41.14714  -71.28137   0.001741     16.999     17.000    31.1855    23.6345    290.949  270.64029  270.58562    11.9646    1492.43    1492.45      0.523      1.129         46 0.0000e+00
       5246 159.775851    218.542     18.142    11.5069    11.5076     0.0008   3.567186   3.566901     0.9624    78.6167     2.5106      40.91     3.7283     2.5798 6.3071e+01 3.6691e+00 1.7189e+03          1   41.14713  -71.28136   0.000348     18.001     18.000    31.2153    23.7410    288.291  273.20951  273.18685    11.5047    1490.89    1490.89      0.453      1.171         54 0.0000e+00
       5300 159.775877    220.777     19.150    11.0697    11.0858     0.0161   3.533059   3.532392     0.8854    80.1452     2.1357      39.86     3.6484     2.5259 5.4111e+01 3.1036e+00 1.7446e+03          1   41.14712  -71.28136   0.001780     18.998     19.000    31.2514    23.8460    279.893  275.68960  275.69886    11.0674    1489.41    1489.45      0.523      1.212         46 0.0000e+00
       5343 159.775898    222.602     20.158    10.4806    10.4852     0.0046   3.486584   3.486683     0.8437    80.9860     2.2735      38.90     3.5804     2.4779 5.7294e+01 2.7573e+00 2.0879e+03          1   41.14712  -71.28137   0.000792     20.002     20.000    31.2946    23.9807    278.523  279.09857  279.15230    10.4783    1487.39    1487.40      0.478      1.252         51 0.0000e+00
       5405 159.775928    225.146     21.165    10.2505    10.2538     0.0033   3.469731   3.469561     0.7757    82.3717     1.7146      37.74     3.5130     2.4257 6.6027e+01 2.2564e+00 2.9221e+03          1   41.14714  -71.28138   0.000725     20.998     21.000    31.3239    24.0420    276.539  280.42621  280.49807    10.2482    1486.61    1486.62      0.414      1.291         59 0.0000e+00
       5452 159.775950    227.107     22.173     9.9176     9.9181     0.0005   3.444993   3.444804     0.7308    83.3023     1.2271      36.71     3.4926     2.4033 5.7418e+01 1.8638e+00 3.0786e+03          1   41.14716  -71.28140   0.000188     22.000     22.000    31.3629    24.1272    277.664  282.37795  282.47667     9.9152    1485.47    1485.47      0.545      1.330         43 0.0000e+00
       5498 159.775973    229.031     23.181     9.7681     9.7718     0.0037   3.435664   3.435557     0.8656    80.6349     1.0149      35.78     3.4681     2.3846 3.8581e+01 1.5052e+00 2.5505e+03          1   41.14714  -71.28140   0.000384     23.000     23.000    31.3981    24.1788    275.467  283.22688  283.33820     9.7656    1484.99    1485.00      0.519      1.368         47 0.0000e+00
       5547 159.775996    231.082     24.189     9.6235     9.6255     0.0019   3.425138   3.424689     0.6997    83.9586     0.8396      34.70     3.4441     2.3662 2.6483e+01 1.2693e+00 2.0803e+03          1   41.14714  -71.28140  -0.000132     24.002     24.000    31.4170    24.2168    274.543  284.08390  284.20733     9.6209    1484.50    1484.50      0.433      1.405         57 0.0000e+00
       5608 159.776026    233.615     25.197     9.4837     9.4822    -0.0015   3.415469   3.415031     0.6772    84.4260     0.7075      33.61     3.4137     2.3359 1.9482e+01 9.9970e-01 1.9475e+03          1   41.14713  -71.28140  -0.000072     24.998     25.000    31.4404    24.2573    271.583  284.90648  285.04182     9.4810    1484.03    1484.02      0.427      1.442         57 0.0000e+00
       5656 159.776049    235.642     26.205     9.2606     9.2610     0.0004   3.399538   3.399324     0.6840    84.2839     0.4905      32.57     3.3828     2.3097 1.4821e+01 8.0383e-01 1.8419e+03          1   41.14713  -71.28139   0.000700     25.999     26.000    31.4730    24.3177    270.298  286.24035  286.39499     9.2579    1483.26    1483.26      0.566      1.479         42 0.0000e+00
       5698 159.776069    237.376     27.213     9.0723     9.0690    -0.0032   3.387226   3.387081     0.7239    83.4464     0.3606      31.59     3.3663     2.2964 1.1517e+01 6.8353e-01 1.6834e+03          1   41.14710  -71.28138  -0.000042     27.002     27.000    31.5121    24.3774    270.476  287.34839  287.51970     9.0695    1482.63    1482.62      0.537      1.515         45 0.0000e+00
       5752 159.776095    239.626     28.221     9.0380     9.0334    -0.0046   3.384973   3.384891     0.7385    83.1418     0.3429      30.52     3.3472     2.2831 1.0298e+01 6.2406e-01 1.6500e+03          1   41.14712  -71.28138   0.000063     28.000     28.000    31.5187    24.3879    269.073  287.55185  287.72622     9.0351    1482.53    1482.52      0.400      1.551         62 0.0000e+00
       5809 159.776123    242.000     29.229     8.9328     8.9235    -0.0093   3.377499   3.377102     0.7955    81.9665     0.2760      29.53     3.3349     2.2702 8.9534e+00 5.4460e-01 1.6441e+03          1   41.14712  -71.28138  -0.000129     28.998     29.000    31.5342    24.4161    269.376  288.18942  288.37317     8.9298    1482.17    1482.14      0.510      1.586         47 0.0000e+00
       5853 159.776144    243.818     30.237     8.9060     8.9024    -0.0036   3.375765   3.375713     0.8059    81.7523     0.2735      28.55     3.3308     2.2660 7.8029e+00 4.6831e-01 1.6669e+03          1   41.14712  -71.28136  -0.000021     30.003     30.000    31.5396    24.4244    269.699  288.34907  288.53525     8.9030    1482.10    1482.09      0.499      1.622         48 0.0000e+00
       5912 159.776172    246.272     31.245     8.8963     8.8936    -0.0027   3.375266   3.375435     0.8112    81.6447     0.2679      27.48     3.3326     2.2592 8.6260e+00 4.5460e-01 1.8982e+03          1   41.14711  -71.28137   0.000194     30.998     31.000    31.5426    24.4283    270.486  288.40502  288.59209     8.8931    1482.08    1482.08      0.412      1.657         60 0.0000e+00
       5958 159.776195    248.209     32.253     8.8870     8.8848    -0.0022   3.374774   3.374770     0.8224    81.4158     0.2689      26.49     3.3371     2.2593 8.7107e+00 4.1042e-01 2.1218e+03          1   41.14710  -71.28138   0.000019     31.999     32.000    31.5453    24.4318    271.090  288.45850  288.64643     8.8838    1482.07    1482.06      0.614      1.692         38 0.0000e+00
       5999 159.776215    249.933     33.261     8.8787     8.8771    -0.0016   3.374399   3.374391     0.8325    81.2098     0.2779      25.40     3.3403     2.2602 7.7559e+00 3.4757e-01 2.2427e+03          1   41.14710  -71.28138 2.4578e-07     33.003     33.000    31.5484    24.4355    271.433  288.50545  288.69417     8.8753    1482.06    1482.05      0.495      1.727         50 0.0000e+00
       6061 159.776244    252.483     34.269     8.8728     8.8730     0.0002   3.374122   3.373794     0.8426    81.0058     0.2732      24.38     3.3428     2.2510 6.2042e+00 2.5858e-01 2.3889e+03          1   41.14709  -71.28138  -0.000047     33.998     34.000    31.5503    24.4379    271.400  288.53891  288.72817     8.8694    1482.05    1482.05      0.399      1.762         61 0.0000e+00
       6109 159.776267    254.491     35.277     8.8605     8.8612     0.0007   3.373538   3.373471     0.8562    80.7315     0.2778      23.44     3.3422     2.2472 4.0646e+00 2.0082e-01 2.0150e+03          1   41.14711  -71.28138  -0.000390     35.001     35.000    31.5547    24.4433    271.488  288.60835  288.79877     8.8569    1482.03    1482.03      0.532      1.797         44 0.0000e+00
       6162 159.776293    256.727     36.285     8.8503     8.8533     0.0029   3.373047   3.373355     0.8708    80.4358     0.2505      22.37     3.3432     2.2478 2.6727e+00 1.6526e-01 1.6164e+03          1   41.14710  -71.28138   0.000317     35.999     36.000    31.5583    24.4476    271.707  288.66624  288.85762     8.8466    1482.01    1482.02      0.425      1.833         59 0.0000e+00
       6208 159.776315    258.640     37.293     8.8464     8.8463    -0.0001   3.372870   3.372936     0.8698    80.4573     0.2473      21.37     3.3449     2.2423 2.0902e+00 1.3522e-01 1.5456e+03          1   41.14708  -71.28138   0.000083     36.999     37.000    31.5595    24.4492    272.150  288.68893  288.88067     8.8426    1482.02    1482.02      0.666      1.868         35 0.0000e+00
       6248 159.776334    260.298     38.301     8.8413     8.8426     0.0013   3.372623   3.371996     1.0890    76.7448     0.2458      20.32     3.3465     2.2402 1.7450e+00 1.1426e-01 1.5266e+03          1   41.14708  -71.28138  -0.000632     38.004     38.000    31.5610    24.4511    272.363  288.71827  288.91049     8.8374    1482.02    1482.01      0.479      1.903         53 0.0000e+00
       6315 159.776367    263.085     39.309     8.8362     8.8377     0.0015   3.372369   3.372513     0.8561    80.6591     0.2443      19.18     3.3492     2.2371 1.4555e+00 9.6842e-02 1.5030e+03          1   41.14708  -71.28138   0.000164     38.997     39.000    31.5625    24.4531    272.396  288.74791  288.94060     8.8322    1482.01    1482.02      0.386      1.938         62 0.0000e+00
       6364 159.776390    265.131     40.317     8.8305     8.8322     0.0016   3.372179   3.370973     0.9069    79.7149     0.2463      18.28     3.3437     2.2298 1.1586e+00 7.7401e-02 1.4967e+03          1   41.14710  -71.28138  -0.001186     40.000     40.000    31.5651    24.4560    270.838  288.77860  288.97183     8.8265    1482.01    1482.00      0.490      1.973         50 0.0000e+00
       6411 159.776413    267.095     41.325     8.8114     8.8162     0.0048   3.371098   3.365856     0.9968    77.9453     0.2591      17.32     3.3327     2.2252 9.6824e-01 6.4698e-02 1.4966e+03          1   41.14710  -71.28138  -0.005215     40.997     41.000    31.5704    24.4631    270.015  288.88995  289.08495     8.8072    1481.96    1481.91      0.619      2.008         38 0.0000e+00
       6446 159.776430    268.528     42.333     8.7975     8.7974    -0.0001   3.370270   3.370170     1.0759    76.4177     0.2784      16.32     3.3274     2.2231 8.4114e-01 5.6100e-02 1.4994e+03          1   41.14709  -71.28138  -0.000040     42.004     42.000    31.5738    24.4678    269.707  288.97208  289.16837     8.7932    1481.93    1481.93      0.650      2.043         36 0.0000e+00
       6510 159.776461    271.214     43.341     8.7764     8.7781     0.0017   3.369219   3.369387     1.1119    75.7334     0.2506      15.18     3.3185     2.2169 6.9246e-01 4.6140e-02 1.5009e+03          1   41.14707  -71.28138   0.000178     43.000     43.000    31.5812    24.4768    269.019  289.09202  289.29031     8.7720    1481.88    1481.89      0.283      2.077         87 0.0000e+00
       6572 159.776491    273.810     44.349     8.7181     8.7205     0.0025   3.365576   3.365668     0.9966    77.9473     0.2608      14.26     3.3076     2.2066 5.4738e-01 3.6193e-02 1.5126e+03          1   41.14705  -71.28138   0.000454     43.997     44.000    31.5949    24.4963    268.381  289.43839  289.64209     8.7136    1481.70    1481.70      0.629      2.112         38 0.0000e+00
       6606 159.776507    275.228     45.357     8.6170     8.6181     0.0011   3.358780   3.358861     1.0996    75.9654     0.2619      13.30     3.3058     2.2051 4.5583e-01 2.9731e-02 1.5336e+03          1   41.14704  -71.28138   0.000252     45.000     45.000    31.6138    24.5263    269.439  290.04970  290.26273     8.6125    1481.36    1481.36      0.715      2.147         34 0.0000e+00
       6643 159.776525    276.732     46.365     8.5869     8.5876     0.0006   3.356910   3.357017     1.1344    75.3065     0.2820      12.24     3.3055     2.2035 3.7643e-01 2.4422e-02 1.5412e+03          1   41.14704  -71.28138   0.000174     46.004     46.000    31.6207    24.5362    269.609  290.22931  290.44516     8.5823    1481.27    1481.27      0.570      2.181         42 0.0000e+00
       6717 159.776560    279.814     47.373     8.5801     8.5835     0.0033   3.356732   3.356948     1.1240    75.5040     0.2690      11.06     3.3100     2.2045 2.9332e-01 1.8925e-02 1.5510e+03          1   41.14704  -71.28138   0.000215     46.997     47.000    31.6245    24.5402    271.012  290.26543  290.48196     8.5754    1481.26    1481.28      0.269      2.215         82 0.0000e+00
       6764 159.776583    281.773     48.381     8.5584     8.5584     0.0000   3.355381   3.355430     1.1551    74.9180     0.3057      10.26     3.3162     2.2092 2.2238e-01 1.4008e-02 1.5877e+03          1   41.14703  -71.28138   0.000112     48.001     48.000    31.6294    24.5472    271.057  290.39552  290.61408     8.5536    1481.20    1481.21      0.682      2.249         34 0.0000e+00
       6805 159.776603    283.494     49.389     8.5390     8.5382    -0.0007   3.354208   3.354226     1.2703    72.7964     0.3115       9.24     3.3142     2.2085 1.7421e-01 1.1165e-02 1.5588e+03          1   41.14702  -71.28138   0.000061     49.002     49.000    31.6341    24.5538    270.752  290.51155  290.73195     8.5341    1481.16    1481.15      0.496      2.283         50 0.0000e+00
       6878 159.776638    286.539     50.397     8.5273     8.5295     0.0022   3.353499   3.353710     1.3874    70.6983     0.2838       8.16     3.3118     2.2056 1.2961e-01 8.3232e-03 1.5580e+03          1   41.14702  -71.28138   0.000217     50.002     50.000    31.6366    24.5576    270.808  290.58144  290.80293     8.5224    1481.13    1481.14      0.248      2.318        116 0.0000e+00
       9076 159.777698    378.132     51.406     8.5163     8.5173     0.0010   3.352825   3.352896     1.5065    68.6107     0.2937       7.01     3.3096     2.2077 2.6895e-01 1.0399e-02 2.5715e+03          1   41.14686  -71.28141   0.000074     51.008     51.000    31.6390    24.5611    270.935  290.64800  290.87054     8.5112    1481.11    1481.11     -0.093      2.592        588 0.0000e+00
