ctd/proc/en717_03_avg.cnv
* Sea-Bird SBE 9 Data File:
* FileName = D:\ctd\raw\EN717_03.hdr
* Software Version Seasave V 7.26.7.121
* Temperature SN = 4695
* Conductivity SN = 0618
* Number of Bytes Per Scan = 40
* Number of Voltage Words = 5
* Number of Scans Averaged by the Deck Unit = 1
* NMEA Latitude = 39 25.85 N
* NMEA Longitude = 071 17.74 W
* NMEA UTC (Time) = Jun 08 2024  18:07:13
* NMEA baud rate = 4800
** Ship: R/V Endeavor
** Cruise: EN717
** Principal Investigator: David Smith
** Chief Scientist: David Smith
** Project: RITAS
** Cruise Start Date: 07 June 2024
** Ports: from and to GSO, Narragansett, RI
** Station:  03
** Bottom Depth (m): 2471
** Operator:
# nquan = 36
# nvalues = 2444                        
# units = specified
# name 0 = scan: Scan Count
# name 1 = timeJ: Julian Days
# name 2 = timeS: Time, Elapsed [seconds]
# name 3 = prDM: Pressure, Digiquartz [db]
# name 4 = t090C: Temperature [ITS-90, deg C]
# name 5 = t190C: Temperature, 2 [ITS-90, deg C]
# name 6 = T2-T190C: Temperature Difference, 2 - 1 [ITS-90, deg C]
# name 7 = c0S/m: Conductivity [S/m]
# name 8 = c1S/m: Conductivity, 2 [S/m]
# name 9 = CStarAt0: Beam Attenuation, WET Labs C-Star [1/m]
# name 10 = CStarTr0: Beam Transmission, WET Labs C-Star [%]
# name 11 = flECO-AFL: Fluorescence, WET Labs ECO-AFL/FL [mg/m^3]
# name 12 = altM: Altimeter [m]
# name 13 = sbeox0V: Oxygen raw, SBE 43 [V]
# name 14 = sbeox1V: Oxygen raw, SBE 43, 2 [V]
# name 15 = par: PAR/Irradiance, Biospherical/Licor [umol photons/m^2/sec]
# name 16 = cpar: CPAR/Corrected Irradiance [%]
# name 17 = spar: SPAR, Biospherical/Licor [umol photons/m^2/sec]
# name 18 = pumps: Pump Status
# name 19 = latitude: Latitude [deg]
# name 20 = longitude: Longitude [deg]
# name 21 = C2-C1S/m: Conductivity Difference, 2 - 1 [S/m]
# name 22 = depSM: Depth [salt water, m]
# name 23 = depSM: Depth [salt water, m], lat = 39.4308
# name 24 = sal00: Salinity, Practical [PSU]
# name 25 = sigma-é00: Density [sigma-theta, kg/m^3]
# name 26 = sbox0Mm/Kg: Oxygen, SBE 43 [umol/kg], WS = 2
# name 27 = oxsolMm/Kg: Oxygen Saturation, Garcia & Gordon [umol/kg]
# name 28 = oxsatMm/Kg: Oxygen Saturation, Weiss [umol/kg]
# name 29 = potemp090C: Potential Temperature [ITS-90, deg C]
# name 30 = svCM: Sound Velocity [Chen-Millero, m/s]
# name 31 = svCM1: Sound Velocity, 2 [Chen-Millero, m/s]
# name 32 = dz/dtM: Descent Rate [m/s], WS = 2
# name 33 = gpa: Geopotential Anomaly [J/kg]
# name 34 = nbin: number of scans per bin
# name 35 = flag: flag
# span 0 =       1043,      79140       
# span 1 = 160.755537, 160.793200       
# span 2 =     43.407,   3297.469       
# span 3 =     13.100,   2489.511       
# span 4 =     2.8958,    13.9314       
# span 5 =     2.8955,    14.0175       
# span 6 =    -0.0676,     0.0861       
# span 7 =   3.190198,   4.068892       
# span 8 =   3.190286,   4.068647       
# span 9 =     0.4515,     1.0290       
# span 10 =    77.3175,    89.3269      
# span 11 =    -0.0144,     3.5631      
# span 12 =      -1.20,      97.80      
# span 13 =     2.2607,     4.0681      
# span 14 =     1.5370,     2.8298      
# span 15 = 1.0000e-12, 1.0000e-12      
# span 16 = 4.3142e-14, 4.3433e-14      
# span 17 = 2.3025e+03, 2.3179e+03      
# span 18 =          1,          1      
# span 19 =   39.42318,   39.43083      
# span 20 =  -71.29573,  -71.29419      
# span 21 =  -0.009080,   0.009099      
# span 22 =     13.000,   2456.015      
# span 23 =     13.000,   2456.000      
# span 24 =    32.1445,    35.3942      
# span 25 =    24.2268,    27.8566      
# span 26 =    154.628,    342.104      
# span 27 =  257.84095,  323.54202      
# span 28 =  257.68017,  324.53120      
# span 29 =     2.6989,    13.9296      
# span 30 =    1471.93,    1503.27      
# span 31 =    1471.92,    1503.27      
# span 32 =     -0.026,      1.433      
# span 33 =      0.151,     15.860      
# span 34 =         16,       1271      
# span 35 = 0.0000e+00, 0.0000e+00      
# interval = meters: 1                  
# start_time = Jun 08 2024 18:07:15 [System UTC, header]
# bad_flag = -9.990e-29
*END*
[from data line 1129]
      37189 160.772969   1549.516   1153.952     4.2042     4.2042    -0.0000   3.322273   3.322157     0.4542    89.2651     0.0003       0.34     2.8537     1.9226 1.0000e-12 4.3227e-14 2.3134e+03          1   39.42805  -71.29454  -0.000144   1142.002   1142.000    34.9671    27.7481    280.602  313.33453  314.12904     4.1129    1486.44    1486.44      0.928      9.607         26 0.0000e+00
      37216 160.772982   1550.615   1154.965     4.2073     4.2070    -0.0002   3.322646   3.322499     0.4544    89.2609    -0.0006       0.41     2.8526     1.9216 1.0000e-12 4.3224e-14 2.3135e+03          1   39.42804  -71.29454  -0.000154   1142.997   1143.000    34.9677    27.7483    280.453  313.30990  314.10399     4.1159    1486.47    1486.47      0.976      9.612         25 0.0000e+00
      37239 160.772993   1551.590   1155.979     4.2062     4.2061    -0.0001   3.322576   3.322424     0.4551    89.2463     0.0009       0.55     2.8519     1.9214 1.0000e-12 4.3224e-14 2.3135e+03          1   39.42804  -71.29454  -0.000135   1143.999   1144.000    34.9675    27.7483    280.547  313.31857  314.11281     4.1147    1486.48    1486.48      1.074      9.617         23 0.0000e+00
      37261 160.773004   1552.513   1156.992     4.2031     4.2033     0.0001   3.322304   3.322184     0.4548    89.2515     0.0149       0.62     2.8518     1.9211 1.0000e-12 4.3249e-14 2.3122e+03          1   39.42804  -71.29454  -0.000101   1145.002   1145.000    34.9671    27.7483    280.795  313.34284  314.13750     4.1115    1486.49    1486.49      1.061      9.621         22 0.0000e+00
      37286 160.773015   1553.541   1158.005     4.2007     4.2005    -0.0001   3.322108   3.321956     0.4546    89.2556    -0.0047       0.38     2.8518     1.9211 1.0000e-12 4.3252e-14 2.3120e+03          1   39.42804  -71.29453  -0.000145   1146.005   1146.000    34.9669    27.7484    280.881  313.36186  314.15687     4.1090    1486.49    1486.49      0.900      9.626         28 0.0000e+00
      37315 160.773030   1554.766   1159.019     4.1985     4.1984    -0.0000   3.321925   3.321777     0.4549    89.2496    -0.0071       0.65     2.8516     1.9207 1.0000e-12 4.3258e-14 2.3117e+03          1   39.42804  -71.29452  -0.000137   1146.996   1147.000    34.9665    27.7483    280.800  313.37894  314.17424     4.1068    1486.50    1486.50      0.872      9.631         28 0.0000e+00
      37340 160.773042   1555.811   1160.032     4.1940     4.1938    -0.0001   3.321523   3.321366     0.4551    89.2463    -0.0070       0.52     2.8514     1.9200 1.0000e-12 4.3258e-14 2.3117e+03          1   39.42804  -71.29452  -0.000126   1147.996   1148.000    34.9661    27.7485    281.071  313.41425  314.21018     4.1022    1486.50    1486.49      1.069      9.635         23 0.0000e+00
      37362 160.773052   1556.696   1161.045     4.1938     4.1934    -0.0004   3.321585   3.321430     0.4542    89.2647    -0.0070      30.74     2.8520     1.9201 1.0000e-12 4.3258e-14 2.3117e+03          1   39.42804  -71.29452  -0.000173   1149.000   1149.000    34.9664    27.7487    281.078  313.41440  314.21036     4.1020    1486.51    1486.51      1.163      9.640         20 0.0000e+00
      37382 160.773062   1557.559   1162.058     4.1930     4.1928    -0.0002   3.321555   3.321387     0.4547    89.2547     0.0015      -0.22     2.8515     1.9200 1.0000e-12 4.3227e-14 2.3134e+03          1   39.42804  -71.29452  -0.000156   1150.002   1150.000    34.9664    27.7489    280.788  313.42068  314.21676     4.1011    1486.53    1486.52      1.146      9.645         21 0.0000e+00
      37405 160.773073   1558.481   1163.072     4.1926     4.1922    -0.0004   3.321551   3.321399     0.4549    89.2505    -0.0058       0.32     2.8508     1.9201 1.0000e-12 4.3217e-14 2.3139e+03          1   39.42804  -71.29452  -0.000162   1151.004   1151.000    34.9662    27.7488    280.630  313.42374  314.21986     4.1006    1486.54    1486.54      1.020      9.649         24 0.0000e+00
      37431 160.773085   1559.585   1164.085     4.1932     4.1929    -0.0002   3.321654   3.321500     0.4549    89.2490    -0.0017       0.37     2.8498     1.9200 1.0000e-12 4.3222e-14 2.3136e+03          1   39.42804  -71.29452  -0.000156   1152.002   1152.000    34.9664    27.7488    280.633  313.41940  314.21546     4.1011    1486.56    1486.56      0.871      9.654         29 0.0000e+00
      37459 160.773099   1560.765   1165.098     4.1936     4.1934    -0.0002   3.321752   3.321605     0.4546    89.2569     0.0020       0.40     2.8497     1.9196 1.0000e-12 4.3237e-14 2.3128e+03          1   39.42804  -71.29452  -0.000151   1152.998   1153.000    34.9666    27.7489    281.154  313.41549  314.21148     4.1014    1486.58    1486.58      0.906      9.659         27 0.0000e+00
      37485 160.773111   1561.820   1166.112     4.1898     4.1897    -0.0001   3.321408   3.321259     0.4546    89.2574    -0.0028       0.56     2.8506     1.9200 1.0000e-12 4.3257e-14 2.3118e+03          1   39.42804  -71.29452  -0.000114   1153.998   1154.000    34.9660    27.7489    281.275  313.44559  314.24211     4.0975    1486.58    1486.58      1.003      9.664         24 0.0000e+00
      37508 160.773123   1562.796   1167.125     4.1846     4.1841    -0.0005   3.320919   3.320722     0.4542    89.2649     0.0003       0.41     2.8506     1.9202 1.0000e-12 4.3257e-14 2.3118e+03          1   39.42804  -71.29452  -0.000152   1155.000   1155.000    34.9653    27.7489    281.095  313.48653  314.28376     4.0923    1486.58    1486.57      1.057      9.668         23 0.0000e+00
      37531 160.773134   1563.741   1168.138     4.1792     4.1792     0.0001   3.320414   3.320284     0.4546    89.2568    -0.0041       0.47     2.8504     1.9210 1.0000e-12 4.3244e-14 2.3124e+03          1   39.42803  -71.29452  -0.000104   1155.999   1156.000    34.9645    27.7488    281.225  313.52894  314.32691     4.0869    1486.57    1486.57      1.079      9.673         22 0.0000e+00
      37553 160.773144   1564.677   1169.151     4.1768     4.1768    -0.0000   3.320210   3.320057     0.4556    89.2338     0.0016       0.38     2.8504     1.9208 1.0000e-12 4.3224e-14 2.3135e+03          1   39.42802  -71.29452  -0.000122   1157.002   1157.000    34.9641    27.7488    281.334  313.54778  314.34608     4.0844    1486.58    1486.57      1.076      9.678         23 0.0000e+00
      37576 160.773155   1565.629   1170.165     4.1669     4.1670     0.0001   3.319240   3.319068     0.4546    89.2567     0.0026       0.52     2.8503     1.9208 1.0000e-12 4.3252e-14 2.3120e+03          1   39.42802  -71.29452  -0.000075   1158.001   1158.000    34.9626    27.7486    281.274  313.62557  314.42522     4.0745    1486.55    1486.55      1.040      9.682         23 0.0000e+00
      37600 160.773167   1566.633   1171.178     4.1591     4.1592     0.0001   3.318501   3.318380     0.4552    89.2438    -0.0071       0.46     2.8503     1.9211 1.0000e-12 4.3258e-14 2.3117e+03          1   39.42802  -71.29452  -0.000121   1159.002   1159.000    34.9617    27.7487    281.531  313.68668  314.48741     4.0667    1486.53    1486.53      0.985      9.687         25 0.0000e+00
      37625 160.773179   1567.680   1172.191     4.1575     4.1576     0.0002   3.318388   3.318262     0.4562    89.2219    -0.0070      24.61     2.8501     1.9209 1.0000e-12 4.3243e-14 2.3125e+03          1   39.42802  -71.29451  -0.000116   1159.999   1160.000    34.9616    27.7488    281.425  313.69947  314.50043     4.0650    1486.54    1486.54      0.982      9.692         25 0.0000e+00
      37650 160.773191   1568.688   1173.205     4.1618     4.1603    -0.0015   3.318911   3.318641     0.4546    89.2564    -0.0033      25.71     2.8502     1.9212 1.0000e-12 4.3252e-14 2.3120e+03          1   39.42802  -71.29450  -0.000324   1161.000   1161.000    34.9626    27.7492    281.611  313.66415  314.46453     4.0692    1486.58    1486.57      1.021      9.696         24 0.0000e+00
      37673 160.773202   1569.672   1174.218     4.1658     4.1658     0.0000   3.319380   3.319251     0.4545    89.2594     0.0066       0.83     2.8502     1.9212 1.0000e-12 4.3230e-14 2.3132e+03          1   39.42802  -71.29450  -0.000137   1162.001   1162.000    34.9635    27.7495    281.562  313.63243  314.43227     4.0730    1486.61    1486.61      1.011      9.701         24 0.0000e+00
      37698 160.773214   1570.708   1175.232     4.1628     4.1629     0.0001   3.319125   3.319009     0.4547    89.2534    -0.0056       0.56     2.8505     1.9218 1.0000e-12 4.3224e-14 2.3135e+03          1   39.42802  -71.29450  -0.000090   1163.003   1163.000    34.9630    27.7495    281.826  313.65542  314.45566     4.0700    1486.62    1486.62      0.934      9.706         26 0.0000e+00
      37725 160.773227   1571.845   1176.245     4.1562     4.1571     0.0008   3.318516   3.318453     0.4553    89.2409     0.0001       0.59     2.8512     1.9218 1.0000e-12 4.3224e-14 2.3135e+03          1   39.42802  -71.29450  -0.000023   1163.998   1164.000    34.9623    27.7496    282.138  313.70678  314.50794     4.0634    1486.61    1486.61      0.913      9.710         27 0.0000e+00
      37750 160.773239   1572.891   1177.258     4.1528     4.1524    -0.0005   3.318230   3.318036     0.4547    89.2538    -0.0032       0.55     2.8521     1.9226 1.0000e-12 4.3224e-14 2.3135e+03          1   39.42801  -71.29450  -0.000179   1164.998   1165.000    34.9621    27.7497    282.193  313.73308  314.53471     4.0599    1486.61    1486.60      1.037      9.715         23 0.0000e+00
      37773 160.773250   1573.820   1178.272     4.1506     4.1500    -0.0005   3.318037   3.317855     0.4554    89.2395    -0.0000       0.48     2.8520     1.9237 1.0000e-12 4.3224e-14 2.3135e+03          1   39.42800  -71.29450  -0.000179   1166.000   1166.000    34.9617    27.7497    282.055  313.75116  314.55311     4.0576    1486.61    1486.61      1.104      9.720         22 0.0000e+00
      37795 160.773261   1574.734   1179.285     4.1419     4.1411    -0.0008   3.317211   3.316929     0.4550    89.2472     0.0023       0.35     2.8524     1.9243 1.0000e-12 4.3224e-14 2.3135e+03          1   39.42800  -71.29450  -0.000176   1167.002   1167.000    34.9606    27.7498    282.461  313.81911  314.62225     4.0489    1486.59    1486.59      1.085      9.724         22 0.0000e+00
      37818 160.773272   1575.697   1180.298     4.1401     4.1382    -0.0019   3.317061   3.316749     0.4551    89.2456    -0.0043       0.36     2.8531     1.9243 1.0000e-12 4.3254e-14 2.3119e+03          1   39.42800  -71.29449  -0.000334   1168.001   1168.000    34.9602    27.7496    282.649  313.83348  314.63687     4.0470    1486.60    1486.59      1.029      9.729         24 0.0000e+00
      37842 160.773284   1576.700   1181.312     4.1372     4.1373     0.0001   3.316812   3.316672     0.4547    89.2543    -0.0015       0.46     2.8536     1.9244 1.0000e-12 4.3277e-14 2.3106e+03          1   39.42800  -71.29448  -0.000121   1169.003   1169.000    34.9598    27.7496    282.557  313.85612  314.65990     4.0441    1486.61    1486.60      0.976      9.734         25 0.0000e+00
      37870 160.773297   1577.867   1182.325     4.1380     4.1381     0.0001   3.316954   3.316840     0.4547    89.2536    -0.0004       0.41     2.8537     1.9253 1.0000e-12 4.3267e-14 2.3112e+03          1   39.42800  -71.29448  -0.000121   1170.008   1170.000    34.9601    27.7498    282.581  313.84929  314.65296     4.0448    1486.63    1486.63      0.698      9.739         35 0.0000e+00
      38792 160.773742   1616.295   1183.338     4.1369     4.1371     0.0002   3.316900   3.316779     0.4553    89.2405    -0.0035       1.48     2.8540     1.9242 1.0000e-12 4.3263e-14 2.3114e+03          1   39.42792  -71.29443  -0.000120   1171.001   1171.000    34.9602    27.7500    282.596  313.85768  314.66151     4.0436    1486.64    1486.64     -0.026      9.756       1271 0.0000e+00
      39551 160.774108   1647.926   1184.352     4.1344     4.1343    -0.0001   3.316693   3.316539     0.4550    89.2480    -0.0054       0.29     2.8530     1.9253 1.0000e-12 4.3269e-14 2.3111e+03          1   39.42786  -71.29437  -0.000149   1171.999   1172.000    34.9599    27.7500    282.397  313.87740  314.68159     4.0410    1486.65    1486.64      0.297      9.771         95 0.0000e+00
      39535 160.774100   1647.259   1185.365     4.1316     4.1318     0.0001   3.316465   3.316326     0.4549    89.2503    -0.0019       8.52     2.8535     1.9241 1.0000e-12 4.3236e-14 2.3129e+03          1   39.42786  -71.29436  -0.000137   1173.001   1173.000    34.9596    27.7501    282.663  313.89871  314.70328     4.0382    1486.65    1486.65      0.198      9.774        134 0.0000e+00
      39635 160.774149   1651.432   1186.379     4.1285     4.1285    -0.0000   3.316203   3.316046     0.4550    89.2473     0.0021       0.48     2.8534     1.9241 1.0000e-12 4.3273e-14 2.3109e+03          1   39.42784  -71.29436  -0.000149   1174.001   1174.000    34.9593    27.7501    282.732  313.92285  314.72785     4.0350    1486.65    1486.65      0.494      9.779         45 0.0000e+00
      39730 160.774194   1655.373   1187.392     4.1258     4.1259     0.0001   3.315971   3.315827     0.4552    89.2432    -0.0028       6.64     2.8545     1.9250 1.0000e-12 4.3238e-14 2.3128e+03          1   39.42784  -71.29435  -0.000143   1175.001   1175.000    34.9589    27.7502    282.990  313.94431  314.74968     4.0323    1486.66    1486.66      0.170      9.784        114 0.0000e+00
      39838 160.774246   1659.890   1188.405     4.1257     4.1257    -0.0000   3.315996   3.315857     0.4547    89.2543    -0.0007      -0.44     2.8538     1.9260 1.0000e-12 4.3261e-14 2.3115e+03          1   39.42784  -71.29434  -0.000139   1175.998   1176.000    34.9588    27.7501    282.729  313.94538  314.75077     4.0321    1486.68    1486.67      0.260      9.788         95 0.0000e+00
      39922 160.774287   1663.358   1189.419     4.1254     4.1253    -0.0001   3.316015   3.315858     0.4551    89.2459    -0.0005      10.90     2.8537     1.9250 1.0000e-12 4.3230e-14 2.3132e+03          1   39.42782  -71.29434  -0.000157   1177.002   1177.000    34.9589    27.7502    282.830  313.94776  314.75320     4.0316    1486.69    1486.69      0.221      9.793        112 0.0000e+00
      40031 160.774339   1667.909   1190.432     4.1222     4.1224     0.0002   3.315752   3.315608     0.4547    89.2533    -0.0026      -1.05     2.8534     1.9239 1.0000e-12 4.3269e-14 2.3111e+03          1   39.42782  -71.29432  -0.000123   1177.998   1178.000    34.9586    27.7503    282.988  313.97207  314.77794     4.0284    1486.69    1486.69      0.328      9.798         77 0.0000e+00
      40085 160.774365   1670.179   1191.446     4.1147     4.1146    -0.0001   3.315037   3.314883     0.4548    89.2510    -0.0002       0.49     2.8536     1.9232 1.0000e-12 4.3258e-14 2.3117e+03          1   39.42781  -71.29432  -0.000151   1178.999   1179.000    34.9576    27.7503    283.060  314.03129  314.83821     4.0209    1486.68    1486.68      0.462      9.803         54 0.0000e+00
      40135 160.774389   1672.233   1192.459     4.1135     4.1136     0.0001   3.314969   3.314820     0.4548    89.2515    -0.0016       1.30     2.8545     1.9247 1.0000e-12 4.3233e-14 2.3130e+03          1   39.42780  -71.29432  -0.000140   1180.003   1180.000    34.9576    27.7504    283.437  314.04030  314.84738     4.0196    1486.69    1486.69      0.453      9.807         53 0.0000e+00
