ctd/proc/EN719_CTD11_avg.cnv
* Sea-Bird SBE 9 Data File:
* FileName = D:\ctd\raw\EN719_CTD11.hdr
* Software Version Seasave V 7.26.7.121
* Temperature SN = 4333
* Conductivity SN = 0864
* Number of Bytes Per Scan = 37
* Number of Voltage Words = 4
* Number of Scans Averaged by the Deck Unit = 1
* NMEA Latitude = 38 18.58 N
* NMEA Longitude = 062 43.55 W
* NMEA UTC (Time) = Jul 24 2024  17:15:26
* NMEA baud rate = 4800
** Ship: R/V Endeavor
** Cruise: EN719
** Principal Investigator: Chad Smith
** Chief Scientist: Chad Smith
** Project: NESMA24
** Cruise Start Date: 7 July 2024
** Ports: GSO, Narragansett RI to GSO, Narragansett RI
** Station:  CTD_11
** Bottom Depth: 5012
** Operator:  LB
# nquan = 27
# nvalues = 1989                        
# units = specified
# name 0 = scan: Scan Count
# name 1 = timeJ: Julian Days
# name 2 = timeS: Time, Elapsed [seconds]
# name 3 = prDM: Pressure, Digiquartz [db]
# name 4 = t090C: Temperature [ITS-90, deg C]
# name 5 = t190C: Temperature, 2 [ITS-90, deg C]
# name 6 = T2-T190C: Temperature Difference, 2 - 1 [ITS-90, deg C]
# name 7 = c0S/m: Conductivity [S/m]
# name 8 = c1S/m: Conductivity, 2 [S/m]
# name 9 = altM: Altimeter [m]
# name 10 = pumps: Pump Status
# name 11 = latitude: Latitude [deg]
# name 12 = longitude: Longitude [deg]
# name 13 = C2-C1S/m: Conductivity Difference, 2 - 1 [S/m]
# name 14 = depSM: Depth [salt water, m]
# name 15 = depSM: Depth [salt water, m], lat = 38.3097
# name 16 = sal00: Salinity, Practical [PSU]
# name 17 = sigma-é00: Density [sigma-theta, kg/m^3]
# name 18 = oxsolMm/Kg: Oxygen Saturation, Garcia & Gordon [umol/kg]
# name 19 = oxsatMm/Kg: Oxygen Saturation, Weiss [umol/kg]
# name 20 = potemp090C: Potential Temperature [ITS-90, deg C]
# name 21 = svCM: Sound Velocity [Chen-Millero, m/s]
# name 22 = svCM1: Sound Velocity, 2 [Chen-Millero, m/s]
# name 23 = dz/dtM: Descent Rate [m/s], WS = 2
# name 24 = gpa: Geopotential Anomaly [J/kg]
# name 25 = nbin: number of scans per bin
# name 26 = flag: flag
# span 0 =       1104,      57458       
# span 1 = 206.719618, 206.746794       
# span 2 =     45.962,   2394.029       
# span 3 =     13.099,   2025.904       
# span 4 =     3.9590,    27.5351       
# span 5 =     3.9599,    27.5339       
# span 6 =    -0.0428,     0.0098       
# span 7 =   3.336508,   5.729139       
# span 8 =   3.336640,   5.729286       
# span 9 =     -10.00,      89.95       
# span 10 =          1,          1      
# span 11 =   38.30754,   38.30966      
# span 12 =  -62.72573,  -62.72396      
# span 13 =  -0.001947,   0.000927      
# span 14 =     13.001,   2001.014      
# span 15 =     13.000,   2001.000      
# span 16 =    34.9678,    36.7679      
# span 17 =    23.3315,    27.7825      
# span 18 =  197.03451,  315.18327      
# span 19 =  196.52540,  316.01285      
# span 20 =     3.7896,    27.5320      
# span 21 =    1492.36,    1541.62      
# span 22 =    1492.37,    1541.62      
# span 23 =      0.004,      1.696      
# span 24 =      0.275,     22.307      
# span 25 =          8,        733      
# span 26 = 0.0000e+00, 0.0000e+00      
# interval = meters: 1                  
# start_time = Jul 24 2024 17:15:29 [System UTC, header]
# bad_flag = -9.990e-29
*END*
[from data line 1450]
      42445 206.739554   1768.492   1479.304     4.6562     4.6575     0.0013   3.380060   3.380138       0.55          1   38.30754  -62.72448   0.000066   1463.000   1463.000    35.0065    27.7340  309.87725  310.61026     4.5305    1493.77    1493.77      1.319     19.469         18 0.0000e+00
      42463 206.739563   1769.255   1480.318     4.6536     4.6545     0.0009   3.379767   3.379863       0.55          1   38.30754  -62.72448   0.000159   1464.005   1464.000    35.0054    27.7335  309.89936  310.63270     4.5278    1493.77    1493.78      1.266     19.474         19 0.0000e+00
      42484 206.739573   1770.114   1481.333     4.6458     4.6470     0.0012   3.379043   3.379149       0.49          1   38.30754  -62.72450   0.000163   1465.005   1465.000    35.0046    27.7337  309.95831  310.69268     4.5200    1493.76    1493.76      1.091     19.480         23 0.0000e+00
      42509 206.739585   1771.157   1482.348     4.6404     4.6415     0.0011   3.378600   3.378681      22.74          1   38.30754  -62.72450   0.000088   1466.002   1466.000    35.0047    27.7343  309.99803  310.73314     4.5146    1493.75    1493.76      0.914     19.485         27 0.0000e+00
      42537 206.739599   1772.325   1483.362     4.6399     4.6412     0.0013   3.378620   3.378702      30.32          1   38.30754  -62.72450   0.000070   1467.001   1467.000    35.0050    27.7347  310.00142  310.73661     4.5140    1493.77    1493.77      0.865     19.490         28 0.0000e+00
      42564 206.739612   1773.474   1484.377     4.6423     4.6436     0.0013   3.378947   3.379024      13.53          1   38.30754  -62.72450   0.000068   1467.997   1468.000    35.0057    27.7350  309.98161  310.71649     4.5163    1493.80    1493.80      0.934     19.496         27 0.0000e+00
      42589 206.739624   1774.497   1485.392     4.6396     4.6404     0.0009   3.378674   3.378737       0.63          1   38.30754  -62.72450   0.000100   1468.999   1469.000    35.0049    27.7347  310.00378  310.73901     4.5135    1493.80    1493.80      1.051     19.501         23 0.0000e+00
      42611 206.739634   1775.413   1486.407     4.6347     4.6356     0.0009   3.378245   3.378310       6.97          1   38.30754  -62.72450   0.000088   1469.997   1470.000    35.0046    27.7349  310.04048  310.77636     4.5086    1493.80    1493.80      1.160     19.506         21 0.0000e+00
      42631 206.739644   1776.252   1487.421     4.6322     4.6333     0.0011   3.378042   3.378119      25.34          1   38.30754  -62.72450   0.000092   1470.998   1471.000    35.0044    27.7351  310.05959  310.79582     4.5060    1493.80    1493.81      1.245     19.512         19 0.0000e+00
      42650 206.739653   1777.045   1488.436     4.6310     4.6321     0.0011   3.377988   3.378077      49.48          1   38.30754  -62.72450   0.000093   1472.002   1472.000    35.0045    27.7353  310.06809  310.80448     4.5047    1493.82    1493.82      1.252     19.517         19 0.0000e+00
      42670 206.739663   1777.891   1489.451     4.6288     4.6298     0.0010   3.377804   3.377891      38.32          1   38.30754  -62.72450   0.000111   1473.008   1473.000    35.0042    27.7353  310.08518  310.82187     4.5024    1493.82    1493.83      1.052     19.522         23 0.0000e+00
      42702 206.739678   1779.218   1490.465     4.6268     4.6285     0.0017   3.377681   3.377816      15.82          1   38.30754  -62.72450   0.000123   1474.002   1474.000    35.0043    27.7356  310.09934  310.83630     4.5004    1493.83    1493.84      0.661     19.528         41 0.0000e+00
      42738 206.739696   1780.694   1491.480     4.6339     4.6345     0.0006   3.378615   3.378577      23.87          1   38.30754  -62.72450  -0.000149   1474.992   1475.000    35.0072    27.7372  310.04025  310.77632     4.5073    1493.88    1493.88      0.926     19.533         26 0.0000e+00
      42760 206.739706   1781.607   1492.495     4.6456     4.6469     0.0012   3.379863   3.379950      31.36          1   38.30754  -62.72450   0.000066   1475.996   1476.000    35.0089    27.7373  309.94969  310.68422     4.5188    1493.95    1493.96      1.207     19.538         20 0.0000e+00
      42778 206.739715   1782.392   1493.510     4.6446     4.6459     0.0013   3.379795   3.379888       0.75          1   38.30754  -62.72450   0.000103   1476.999   1477.000    35.0087    27.7372  309.95772  310.69238     4.5177    1493.96    1493.97      1.291     19.544         18 0.0000e+00
      42797 206.739724   1783.182   1494.525     4.6438     4.6451     0.0012   3.379761   3.379870       0.49          1   38.30754  -62.72450   0.000085   1478.005   1478.000    35.0087    27.7373  309.96365  310.69841     4.5168    1493.98    1493.98      1.225     19.549         20 0.0000e+00
      42818 206.739734   1784.061   1495.539     4.6463     4.6480     0.0016   3.380105   3.380229       0.57          1   38.30754  -62.72450   0.000090   1479.001   1479.000    35.0095    27.7377  309.94316  310.67761     4.5192    1494.00    1494.01      1.114     19.554         22 0.0000e+00
      42841 206.739745   1785.003   1496.554     4.6519     4.6535     0.0016   3.380764   3.380870       0.63          1   38.30754  -62.72450   0.000070   1480.001   1480.000    35.0109    27.7382  309.89917  310.63290     4.5246    1494.04    1494.05      1.069     19.559         23 0.0000e+00
      42864 206.739756   1785.964   1497.569     4.6528     4.6541     0.0013   3.380873   3.380965       0.58          1   38.30754  -62.72450   0.000090   1481.002   1481.000    35.0107    27.7379  309.89268  310.62628     4.5254    1494.07    1494.07      1.006     19.565         24 0.0000e+00
      42891 206.739770   1787.093   1498.584     4.6524     4.6534     0.0010   3.380877   3.380931       0.67          1   38.30754  -62.72450   0.000058   1482.006   1482.000    35.0107    27.7380  309.89579  310.62945     4.5249    1494.08    1494.08      0.785     19.570         32 0.0000e+00
      42926 206.739787   1788.561   1499.598     4.6504     4.6514     0.0010   3.380685   3.380756      20.87          1   38.30754  -62.72450   0.000090   1482.993   1483.000    35.0101    27.7378  309.91225  310.64617     4.5228    1494.09    1494.09      0.775     19.575         32 0.0000e+00
      42952 206.739799   1789.618   1500.613     4.6437     4.6444     0.0007   3.380010   3.380078      58.49          1   38.30754  -62.72450   0.000142   1483.992   1484.000    35.0087    27.7374  309.96439  310.69918     4.5161    1494.08    1494.08      1.161     19.581         21 0.0000e+00
      42970 206.739808   1790.394   1501.628     4.6374     4.6384     0.0009   3.379449   3.379542      33.19          1   38.30754  -62.72450   0.000108   1485.000   1485.000    35.0083    27.7378  310.01170  310.74732     4.5098    1494.07    1494.07      1.308     19.586         18 0.0000e+00
      42989 206.739817   1791.165   1502.643     4.6410     4.6425     0.0015   3.379972   3.380052       0.68          1   38.30754  -62.72450   0.000028   1486.005   1486.000    35.0101    27.7388  309.98112  310.71631     4.5132    1494.10    1494.11      1.239     19.591         19 0.0000e+00
      43010 206.739827   1792.060   1503.658     4.6403     4.6413     0.0010   3.379904   3.379980      25.23          1   38.30754  -62.72450   0.000089   1487.005   1487.000    35.0096    27.7385  309.98766  310.72293     4.5124    1494.11    1494.12      1.046     19.597         24 0.0000e+00
      43036 206.739839   1793.129   1504.672     4.6392     4.6402     0.0011   3.379850   3.379917      23.46          1   38.30754  -62.72450   0.000069   1488.000   1488.000    35.0096    27.7387  309.99557  310.73099     4.5113    1494.13    1494.13      0.935     19.602         27 0.0000e+00
      43062 206.739852   1794.194   1505.687     4.6381     4.6393     0.0012   3.379778   3.379861       0.41          1   38.30754  -62.72452   0.000109   1488.998   1489.000    35.0094    27.7386  310.00397  310.73954     4.5101    1494.14    1494.14      1.008     19.607         24 0.0000e+00
      43085 206.739863   1795.155   1506.702     4.6310     4.6324     0.0014   3.379070   3.379204      26.17          1   38.30754  -62.72452   0.000168   1490.001   1490.000    35.0081    27.7384  310.05917  310.79566     4.5030    1494.12    1494.13      1.043     19.613         23 0.0000e+00
      43109 206.739875   1796.167   1507.717     4.6284     4.6293     0.0009   3.378873   3.378940       1.20          1   38.30754  -62.72452   0.000091   1491.004   1491.000    35.0081    27.7387  310.07870  310.81555     4.5003    1494.13    1494.14      0.941     19.618         26 0.0000e+00
      43137 206.739888   1797.313   1508.732     4.6194     4.6195     0.0001   3.377942   3.377963       0.49          1   38.30754  -62.72450   0.000089   1491.998   1492.000    35.0062    27.7382  310.14937  310.88739     4.4913    1494.11    1494.11      0.909     19.623         27 0.0000e+00
      43161 206.739900   1798.351   1509.747     4.6139     4.6151     0.0012   3.377488   3.377581      27.18          1   38.30754  -62.72450   0.000107   1492.994   1493.000    35.0062    27.7388  310.19003  310.92880     4.4858    1494.10    1494.11      1.088     19.629         23 0.0000e+00
      43182 206.739910   1799.209   1510.761     4.6128     4.6139     0.0011   3.377432   3.377510       1.14          1   38.30754  -62.72450   0.000076   1494.000   1494.000    35.0062    27.7389  310.19796  310.93688     4.4846    1494.12    1494.12      1.174     19.634         20 0.0000e+00
      43204 206.739920   1800.106   1511.776     4.6124     4.6135     0.0011   3.377446   3.377522      24.43          1   38.30754  -62.72450   0.000082   1495.009   1495.000    35.0064    27.7391  310.20116  310.94015     4.4841    1494.13    1494.14      0.993     19.639         24 0.0000e+00
      43234 206.739935   1801.372   1512.791     4.6100     4.6111     0.0011   3.377259   3.377336       0.22          1   38.30754  -62.72450   0.000082   1495.998   1496.000    35.0062    27.7392  310.21908  310.95839     4.4816    1494.14    1494.14      0.773     19.645         34 0.0000e+00
      43262 206.739949   1802.557   1513.806     4.6121     4.6133     0.0012   3.377583   3.377659      23.95          1   38.30754  -62.72450   0.000044   1496.994   1497.000    35.0073    27.7399  310.20111  310.94016     4.4836    1494.17    1494.17      1.031     19.650         23 0.0000e+00
      43283 206.739959   1803.437   1514.821     4.6123     4.6132     0.0009   3.377626   3.377704      10.99          1   38.30754  -62.72450   0.000090   1497.997   1498.000    35.0071    27.7397  310.20004  310.93906     4.4837    1494.18    1494.19      1.203     19.655         20 0.0000e+00
      43303 206.739968   1804.251   1515.836     4.6114     4.6128     0.0013   3.377632   3.377733      57.48          1   38.30754  -62.72450   0.000091   1499.003   1499.000    35.0075    27.7402  310.20520  310.94435     4.4828    1494.20    1494.20      1.211     19.661         19 0.0000e+00
      43324 206.739978   1805.134   1516.851     4.6116     4.6127     0.0011   3.377716   3.377784       1.24          1   38.30754  -62.72450   0.000065   1500.006   1500.000    35.0078    27.7404  310.20326  310.94240     4.4828    1494.21    1494.22      1.052     19.666         24 0.0000e+00
      43350 206.739991   1806.214   1517.865     4.6108     4.6118     0.0009   3.377661   3.377746       0.57          1   38.30754  -62.72450   0.000098   1501.000   1501.000    35.0075    27.7402  310.20979  310.94903     4.4819    1494.23    1494.23      0.924     19.671         27 0.0000e+00
      43376 206.740003   1807.281   1518.880     4.6078     4.6089     0.0011   3.377424   3.377503      25.93          1   38.30754  -62.72452   0.000092   1501.997   1502.000    35.0075    27.7405  310.23237  310.97202     4.4788    1494.23    1494.24      1.010     19.676         24 0.0000e+00
      43399 206.740014   1808.244   1519.895     4.6051     4.6059     0.0008   3.377178   3.377245       0.72          1   38.30754  -62.72452   0.000095   1503.002   1503.000    35.0070    27.7405  310.25364  310.99365     4.4761    1494.24    1494.24      1.043     19.682         23 0.0000e+00
      43423 206.740026   1809.235   1520.910     4.6007     4.6019     0.0012   3.376800   3.376910      25.97          1   38.30754  -62.72452   0.000122   1504.001   1504.000    35.0067    27.7407  310.28671  311.02730     4.4716    1494.24    1494.24      1.012     19.687         24 0.0000e+00
      43447 206.740038   1810.248   1521.925     4.5994     4.6004     0.0010   3.376740   3.376822       0.67          1   38.30754  -62.72452   0.000087   1505.001   1505.000    35.0068    27.7409  310.29552  311.03629     4.4703    1494.25    1494.25      0.983     19.692         25 0.0000e+00
      43472 206.740050   1811.308   1522.940     4.5981     4.5991     0.0010   3.376658   3.376737      23.16          1   38.30754  -62.72452   0.000086   1506.000   1506.000    35.0067    27.7410  310.30543  311.04638     4.4689    1494.26    1494.26      0.940     19.698         26 0.0000e+00
      43499 206.740063   1812.405   1523.955     4.5943     4.5950     0.0007   3.376302   3.376364      22.77          1   38.30754  -62.72452   0.000096   1507.001   1507.000    35.0061    27.7410  310.33528  311.07673     4.4650    1494.26    1494.26      0.922     19.703         27 0.0000e+00
      43525 206.740075   1813.501   1524.970     4.5914     4.5929     0.0015   3.376095   3.376216      24.67          1   38.30754  -62.72452   0.000112   1507.999   1508.000    35.0063    27.7415  310.35644  311.09830     4.4620    1494.26    1494.27      0.952     19.708         25 0.0000e+00
      43550 206.740087   1814.532   1525.985     4.5916     4.5928     0.0012   3.376162   3.376246       0.39          1   38.30754  -62.72452   0.000088   1508.998   1509.000    35.0063    27.7415  310.35446  311.09628     4.4622    1494.28    1494.29      1.011     19.714         24 0.0000e+00
      43573 206.740099   1815.514   1527.000     4.5888     4.5894     0.0007   3.375894   3.375941       0.63          1   38.30754  -62.72452   0.000075   1510.000   1510.000    35.0057    27.7413  310.37695  311.11914     4.4593    1494.29    1494.29      1.047     19.719         23 0.0000e+00
      43596 206.740110   1816.471   1528.015     4.5856     4.5864     0.0008   3.375628   3.375683      26.89          1   38.30754  -62.72452   0.000080   1510.999   1511.000    35.0054    27.7414  310.40098  311.14361     4.4560    1494.29    1494.29      1.077     19.724         23 0.0000e+00
      43619 206.740120   1817.398   1529.029     4.5825     4.5835     0.0010   3.375362   3.375457      54.53          1   38.30754  -62.72452   0.000106   1512.000   1512.000    35.0051    27.7415  310.42484  311.16788     4.4529    1494.29    1494.30      1.105     19.730         22 0.0000e+00
      43641 206.740131   1818.315   1530.044     4.5806     4.5818     0.0012   3.375218   3.375319       1.70          1   38.30754  -62.72452   0.000113   1513.002   1513.000    35.0049    27.7416  310.43894  311.18222     4.4509    1494.30    1494.31      1.069     19.735         23 0.0000e+00
      43665 206.740143   1819.315   1531.059     4.5793     4.5804     0.0011   3.375126   3.375217       0.76          1   38.30754  -62.72452   0.000093   1514.003   1514.000    35.0048    27.7416  310.44934  311.19281     4.4495    1494.31    1494.32      0.967     19.740         25 0.0000e+00
      43691 206.740155   1820.406   1532.074     4.5789     4.5800     0.0011   3.375143   3.375229       0.59          1   38.30754  -62.72454   0.000085   1514.998   1515.000    35.0048    27.7417  310.45193  311.19545     4.4490    1494.33    1494.33      0.948     19.745         26 0.0000e+00
