ctd/proc/EN719_CTD08_avg.cnv
* Sea-Bird SBE 9 Data File:
* FileName = D:\ctd\raw\EN719_CTD08.hdr
* Software Version Seasave V 7.26.7.121
* Temperature SN = 4333
* Conductivity SN = 0864
* Number of Bytes Per Scan = 37
* Number of Voltage Words = 4
* Number of Scans Averaged by the Deck Unit = 1
* NMEA Latitude = 38 54.40 N
* NMEA Longitude = 063 50.75 W
* NMEA UTC (Time) = Jul 22 2024  11:12:19
* NMEA baud rate = 4800
** Ship: R/V Endeavor
** Cruise: EN719
** Principal Investigator: Chad Smith
** Chief Scientist: Chad Smith
** Project: NESMA24
** Cruise Start Date: 7 July 2024
** Ports: GSO, Narragansett RI to GSO, Narragansett RI
** Station:  CTD08
** Bottom Depth: 3072
** Operator:  JC
# nquan = 27
# nvalues = 1989                        
# units = specified
# name 0 = scan: Scan Count
# name 1 = timeJ: Julian Days
# name 2 = timeS: Time, Elapsed [seconds]
# name 3 = prDM: Pressure, Digiquartz [db]
# name 4 = t090C: Temperature [ITS-90, deg C]
# name 5 = t190C: Temperature, 2 [ITS-90, deg C]
# name 6 = T2-T190C: Temperature Difference, 2 - 1 [ITS-90, deg C]
# name 7 = c0S/m: Conductivity [S/m]
# name 8 = c1S/m: Conductivity, 2 [S/m]
# name 9 = altM: Altimeter [m]
# name 10 = pumps: Pump Status
# name 11 = latitude: Latitude [deg]
# name 12 = longitude: Longitude [deg]
# name 13 = C2-C1S/m: Conductivity Difference, 2 - 1 [S/m]
# name 14 = depSM: Depth [salt water, m]
# name 15 = depSM: Depth [salt water, m], lat = 38.9067
# name 16 = sal00: Salinity, Practical [PSU]
# name 17 = sigma-é00: Density [sigma-theta, kg/m^3]
# name 18 = oxsolMm/Kg: Oxygen Saturation, Garcia & Gordon [umol/kg]
# name 19 = oxsatMm/Kg: Oxygen Saturation, Weiss [umol/kg]
# name 20 = potemp090C: Potential Temperature [ITS-90, deg C]
# name 21 = svCM: Sound Velocity [Chen-Millero, m/s]
# name 22 = svCM1: Sound Velocity, 2 [Chen-Millero, m/s]
# name 23 = dz/dtM: Descent Rate [m/s], WS = 2
# name 24 = gpa: Geopotential Anomaly [J/kg]
# name 25 = nbin: number of scans per bin
# name 26 = flag: flag
# span 0 =       1171,      57487       
# span 1 = 204.467485, 204.494644       
# span 2 =     48.743,   2395.267       
# span 3 =     12.092,   2024.996       
# span 4 =     3.5015,    22.5042       
# span 5 =     3.5023,    22.4240       
# span 6 =    -0.2766,     0.0225       
# span 7 =   3.294241,   4.677880       
# span 8 =   3.294401,   4.672101       
# span 9 =      -7.05,     100.11       
# span 10 =          1,          1      
# span 11 =   38.90689,   38.91161      
# span 12 =  -63.85758,  -63.84613      
# span 13 =  -0.029784,   0.002015      
# span 14 =     12.000,   2000.005      
# span 15 =     12.000,   2000.000      
# span 16 =    32.1303,    35.0639      
# span 17 =    21.8995,    27.8173      
# span 18 =  219.84105,  318.72392      
# span 19 =  219.33790,  319.62050      
# span 20 =     3.3391,    22.5017      
# span 21 =    1478.76,    1525.25      
# span 22 =    1478.77,    1525.07      
# span 23 =     -0.265,      1.605      
# span 24 =      0.243,     13.604      
# span 25 =         15,       1315      
# span 26 = 0.0000e+00, 0.0000e+00      
# interval = meters: 1                  
# start_time = Jul 22 2024 11:12:22 [System UTC, header]
# bad_flag = -9.990e-29
*END*
[from data line 1021]
      31990 204.482348   1332.857   1043.488     4.3914     4.3925     0.0011   3.336375   3.336428       0.49          1   38.90955  -63.85324   0.000053   1033.002   1033.000    34.9908    27.7460  311.87826  312.64726     4.3081    1485.41    1485.42      1.358      9.121         18 0.0000e+00
      32008 204.482357   1333.633   1044.500     4.3903     4.3912     0.0009   3.336299   3.336350      30.25          1   38.90955  -63.85324   0.000065   1034.007   1034.000    34.9905    27.7459  311.88677  312.65591     4.3070    1485.43    1485.43      1.191      9.125         20 0.0000e+00
      32032 204.482368   1334.616   1045.513     4.3882     4.3893     0.0010   3.336169   3.336223      23.88          1   38.90955  -63.85325   0.000060   1035.005   1035.000    34.9908    27.7463  311.90216  312.67159     4.3048    1485.43    1485.44      0.921      9.130         27 0.0000e+00
      32063 204.482383   1335.904   1046.526     4.3871     4.3880     0.0009   3.336095   3.336131      33.91          1   38.90958  -63.85328   0.000041   1036.002   1036.000    34.9905    27.7463  311.91095  312.68053     4.3036    1485.45    1485.45      0.715      9.135         35 0.0000e+00
      32099 204.482401   1337.425   1047.538     4.3850     4.3859     0.0009   3.335945   3.335986       0.04          1   38.90958  -63.85327   0.000048   1036.998   1037.000    34.9905    27.7465  311.92668  312.69655     4.3014    1485.45    1485.46      0.689      9.139         36 0.0000e+00
      32131 204.482416   1338.743   1048.551     4.3835     4.3846     0.0011   3.335856   3.335907       0.49          1   38.90958  -63.85328   0.000050   1037.991   1038.000    34.9905    27.7466  311.93756  312.70763     4.2999    1485.46    1485.47      0.952      9.144         26 0.0000e+00
      32152 204.482426   1339.642   1049.564     4.3831     4.3841     0.0010   3.335854   3.335922      12.74          1   38.90958  -63.85329   0.000071   1038.993   1039.000    34.9904    27.7466  311.94107  312.71121     4.2994    1485.48    1485.48      1.284      9.148         19 0.0000e+00
      32169 204.482435   1340.354   1050.576     4.3830     4.3839     0.0009   3.335902   3.335953      23.89          1   38.90958  -63.85330   0.000043   1039.999   1040.000    34.9906    27.7468  311.94160  312.71176     4.2991    1485.49    1485.50      1.436      9.153         16 0.0000e+00
      32186 204.482443   1341.044   1051.589     4.3827     4.3837     0.0010   3.335917   3.335983      35.90          1   38.90958  -63.85330   0.000067   1041.007   1041.000    34.9905    27.7468  311.94358  312.71377     4.2988    1485.51    1485.52      1.374      9.158         17 0.0000e+00
      32205 204.482452   1341.851   1052.602     4.3816     4.3827     0.0010   3.335863   3.335928      55.51          1   38.90959  -63.85330   0.000068   1042.007   1042.000    34.9905    27.7469  311.95178  312.72212     4.2976    1485.52    1485.53      1.141      9.162         22 0.0000e+00
      32230 204.482464   1342.878   1053.615     4.3810     4.3821     0.0011   3.335854   3.335913       1.42          1   38.90958  -63.85329   0.000060   1043.003   1043.000    34.9906    27.7470  311.95628  312.72672     4.2969    1485.54    1485.54      0.894      9.167         28 0.0000e+00
      32263 204.482480   1344.234   1054.627     4.3801     4.3811     0.0010   3.335821   3.335876      31.51          1   38.90955  -63.85328   0.000055   1044.001   1044.000    34.9906    27.7472  311.96279  312.73334     4.2960    1485.55    1485.55      0.669      9.172         38 0.0000e+00
      32299 204.482497   1345.761   1055.640     4.3794     4.3805     0.0010   3.335802   3.335858      37.91          1   38.90957  -63.85329   0.000059   1044.995   1045.000    34.9906    27.7473  311.96810  312.73876     4.2952    1485.56    1485.57      0.772      9.176         32 0.0000e+00
      32326 204.482510   1346.893   1056.653     4.3778     4.3788     0.0011   3.335702   3.335762      26.44          1   38.90958  -63.85331   0.000068   1045.996   1046.000    34.9906    27.7475  311.98015  312.75103     4.2935    1485.57    1485.58      1.005      9.181         23 0.0000e+00
      32349 204.482521   1347.827   1057.665     4.3764     4.3776     0.0012   3.335616   3.335689      10.67          1   38.90959  -63.85332   0.000080   1046.998   1047.000    34.9906    27.7476  311.99055  312.76162     4.2920    1485.59    1485.59      1.099      9.186         22 0.0000e+00
      32371 204.482532   1348.750   1058.678     4.3754     4.3768     0.0014   3.335570   3.335664      17.01          1   38.90958  -63.85331   0.000093   1048.003   1048.000    34.9906    27.7477  311.99797  312.76918     4.2909    1485.60    1485.60      1.061      9.190         23 0.0000e+00
      32395 204.482543   1349.737   1059.691     4.3755     4.3766     0.0011   3.335627   3.335686       0.53          1   38.90957  -63.85331   0.000054   1048.999   1049.000    34.9906    27.7477  311.99704  312.76824     4.2910    1485.62    1485.62      1.045      9.195         24 0.0000e+00
      32417 204.482554   1350.674   1060.704     4.3752     4.3765     0.0012   3.335642   3.335724      20.95          1   38.90959  -63.85332   0.000081   1049.998   1050.000    34.9906    27.7477  311.99918  312.77041     4.2906    1485.63    1485.64      1.117      9.200         21 0.0000e+00
      32438 204.482564   1351.559   1061.716     4.3752     4.3762     0.0010   3.335686   3.335739       8.21          1   38.90959  -63.85331   0.000051   1051.001   1051.000    34.9907    27.7478  311.99960  312.77085     4.2904    1485.65    1485.65      1.129      9.204         22 0.0000e+00
      32460 204.482575   1352.477   1062.729     4.3751     4.3762     0.0011   3.335716   3.335779       0.79          1   38.90956  -63.85330   0.000063   1052.002   1052.000    34.9906    27.7478  312.00025  312.77150     4.2903    1485.67    1485.67      1.061      9.209         23 0.0000e+00
      32484 204.482586   1353.473   1063.742     4.3751     4.3761     0.0010   3.335763   3.335820       0.45          1   38.90956  -63.85330   0.000050   1053.000   1053.000    34.9906    27.7478  312.00011  312.77136     4.2902    1485.68    1485.69      1.009      9.213         24 0.0000e+00
      32509 204.482598   1354.483   1064.755     4.3749     4.3760     0.0011   3.335785   3.335847      24.11          1   38.90958  -63.85332   0.000065   1054.002   1054.000    34.9906    27.7478  312.00181  312.77309     4.2899    1485.70    1485.70      0.952      9.218         25 0.0000e+00
      32539 204.482613   1355.752   1065.767     4.3743     4.3754     0.0011   3.335774   3.335836       2.05          1   38.90957  -63.85333   0.000061   1055.005   1055.000    34.9905    27.7479  312.00618  312.77754     4.2892    1485.71    1485.72      0.664      9.223         39 0.0000e+00
      32581 204.482633   1357.500   1066.780     4.3743     4.3754     0.0011   3.335824   3.335881      34.22          1   38.90957  -63.85333   0.000058   1055.992   1056.000    34.9906    27.7479  312.00592  312.77728     4.2892    1485.73    1485.73      0.700      9.227         36 0.0000e+00
      32608 204.482646   1358.617   1067.793     4.3728     4.3737     0.0009   3.335720   3.335775      14.03          1   38.90959  -63.85335   0.000077   1056.991   1057.000    34.9904    27.7480  312.01747  312.78903     4.2876    1485.74    1485.74      1.112      9.232         21 0.0000e+00
      32627 204.482655   1359.421   1068.806     4.3698     4.3709     0.0011   3.335476   3.335564      47.67          1   38.90960  -63.85336   0.000085   1057.998   1058.000    34.9903    27.7481  312.04033  312.81231     4.2845    1485.74    1485.75      1.303      9.237         19 0.0000e+00
      32645 204.482664   1360.168   1069.819     4.3699     4.3710     0.0010   3.335546   3.335614       1.78          1   38.90960  -63.85336   0.000070   1059.002   1059.000    34.9904    27.7483  312.03901  312.81098     4.2845    1485.76    1485.76      1.327      9.241         18 0.0000e+00
      32664 204.482673   1360.948   1070.832     4.3693     4.3704     0.0011   3.335519   3.335593      31.74          1   38.90960  -63.85337   0.000076   1060.000   1060.000    34.9902    27.7482  312.04390  312.81595     4.2839    1485.77    1485.78      1.270      9.246         19 0.0000e+00
      32683 204.482682   1361.767   1071.844     4.3679     4.3691     0.0012   3.335420   3.335497       0.67          1   38.90960  -63.85338   0.000085   1061.003   1061.000    34.9901    27.7482  312.05487  312.82710     4.2824    1485.78    1485.79      1.188      9.251         20 0.0000e+00
      32705 204.482693   1362.682   1072.857     4.3668     4.3678     0.0010   3.335360   3.335428      28.73          1   38.90960  -63.85338   0.000072   1062.007   1062.000    34.9900    27.7483  312.06346  312.83586     4.2811    1485.80    1485.80      0.971      9.255         25 0.0000e+00
      32740 204.482710   1364.104   1073.870     4.3659     4.3671     0.0011   3.335322   3.335386      49.04          1   38.90961  -63.85339   0.000067   1063.001   1063.000    34.9900    27.7484  312.06988  312.84240     4.2802    1485.81    1485.81      0.622      9.260         43 0.0000e+00
      32776 204.482727   1365.627   1074.883     4.3645     4.3649     0.0004   3.335228   3.335219      87.29          1   38.90961  -63.85339   0.000004   1063.991   1064.000    34.9899    27.7485  312.08081  312.85352     4.2787    1485.82    1485.82      0.920      9.264         26 0.0000e+00
      32798 204.482738   1366.527   1075.895     4.3617     4.3625     0.0008   3.334966   3.335033      39.66          1   38.90962  -63.85340   0.000110   1064.995   1065.000    34.9893    27.7483  312.10328  312.87636     4.2758    1485.83    1485.83      1.219      9.269         19 0.0000e+00
      32816 204.482747   1367.311   1076.908     4.3561     4.3572     0.0012   3.334494   3.334584       7.15          1   38.90962  -63.85340   0.000103   1066.004   1066.000    34.9891    27.7488  312.14536  312.91922     4.2702    1485.82    1485.82      1.215      9.274         20 0.0000e+00
      32839 204.482757   1368.236   1077.921     4.3552     4.3562     0.0010   3.334461   3.334519      18.30          1   38.90960  -63.85340   0.000063   1067.007   1067.000    34.9891    27.7489  312.15181  312.92580     4.2692    1485.83    1485.84      0.955      9.278         26 0.0000e+00
      32870 204.482772   1369.528   1078.934     4.3543     4.3553     0.0010   3.334423   3.334471       3.99          1   38.90959  -63.85338   0.000050   1067.999   1068.000    34.9891    27.7490  312.15843  312.93253     4.2683    1485.85    1485.85      0.748      9.283         34 0.0000e+00
      32900 204.482787   1370.809   1079.947     4.3540     4.3554     0.0014   3.334445   3.334536      56.69          1   38.90961  -63.85339   0.000088   1068.994   1069.000    34.9892    27.7491  312.16050  312.93465     4.2679    1485.86    1485.87      0.911      9.288         27 0.0000e+00
      32924 204.482799   1371.799   1080.960     4.3536     4.3544     0.0008   3.334439   3.334487      19.42          1   38.90962  -63.85341   0.000052   1069.999   1070.000    34.9891    27.7491  312.16418  312.93839     4.2674    1485.88    1485.88      1.069      9.292         22 0.0000e+00
      32947 204.482809   1372.732   1081.973     4.3525     4.3534     0.0009   3.334367   3.334430      17.24          1   38.90961  -63.85341   0.000067   1071.001   1071.000    34.9888    27.7490  312.17257  312.94692     4.2662    1485.89    1485.89      1.060      9.297         23 0.0000e+00
      32970 204.482821   1373.706   1082.985     4.3520     4.3531     0.0011   3.334371   3.334434       0.56          1   38.90960  -63.85340   0.000059   1071.999   1072.000    34.9889    27.7492  312.17640  312.95083     4.2656    1485.90    1485.91      1.052      9.302         23 0.0000e+00
      32993 204.482832   1374.655   1083.998     4.3522     4.3532     0.0010   3.334443   3.334497       0.52          1   38.90960  -63.85340   0.000050   1073.001   1073.000    34.9891    27.7492  312.17451  312.94891     4.2657    1485.92    1485.92      1.072      9.306         23 0.0000e+00
      33015 204.482843   1375.597   1085.011     4.3524     4.3535     0.0011   3.334501   3.334562       0.57          1   38.90960  -63.85341   0.000053   1074.000   1074.000    34.9890    27.7492  312.17314  312.94751     4.2658    1485.94    1485.94      1.058      9.311         22 0.0000e+00
      33039 204.482854   1376.597   1086.024     4.3527     4.3537     0.0011   3.334567   3.334627       1.79          1   38.90961  -63.85343   0.000057   1075.005   1075.000    34.9890    27.7492  312.17130  312.94563     4.2660    1485.95    1485.96      0.916      9.316         27 0.0000e+00
      33071 204.482869   1377.907   1087.037     4.3524     4.3536     0.0011   3.334593   3.334665      14.24          1   38.90963  -63.85345   0.000072   1075.999   1076.000    34.9891    27.7492  312.17289  312.94726     4.2657    1485.97    1485.98      0.729      9.320         35 0.0000e+00
      33102 204.482884   1379.211   1088.050     4.3522     4.3533     0.0011   3.334621   3.334687       0.22          1   38.90964  -63.85346   0.000062   1076.992   1077.000    34.9891    27.7493  312.17458  312.94898     4.2653    1485.99    1485.99      0.967      9.325         25 0.0000e+00
      33123 204.482895   1380.102   1089.063     4.3516     4.3527     0.0011   3.334608   3.334680       0.63          1   38.90966  -63.85346   0.000071   1077.997   1078.000    34.9891    27.7493  312.17893  312.95342     4.2647    1486.00    1486.01      1.201      9.330         20 0.0000e+00
      33143 204.482904   1380.914   1090.076     4.3512     4.3522     0.0010   3.334615   3.334674       0.56          1   38.90966  -63.85347   0.000066   1079.005   1079.000    34.9891    27.7494  312.18198  312.95652     4.2642    1486.02    1486.02      1.145      9.334         20 0.0000e+00
      33168 204.482916   1381.950   1091.088     4.3484     4.3493     0.0009   3.334405   3.334454       0.48          1   38.90966  -63.85348   0.000061   1080.004   1080.000    34.9890    27.7497  312.20290  312.97783     4.2613    1486.02    1486.03      0.881      9.339         30 0.0000e+00
      33197 204.482930   1383.174   1092.101     4.3472     4.3482     0.0010   3.334363   3.334414      24.06          1   38.90966  -63.85350   0.000055   1080.995   1081.000    34.9893    27.7500  312.21122  312.98633     4.2601    1486.04    1486.04      0.904      9.343         26 0.0000e+00
      33222 204.482942   1384.189   1093.114     4.3450     4.3458     0.0008   3.334178   3.334228      23.15          1   38.90966  -63.85350   0.000073   1081.998   1082.000    34.9890    27.7500  312.22872  313.00413     4.2577    1486.04    1486.05      1.054      9.348         23 0.0000e+00
      33244 204.482953   1385.113   1094.127     4.3417     4.3425     0.0008   3.333911   3.333967       3.79          1   38.90968  -63.85350   0.000075   1083.000   1083.000    34.9887    27.7502  312.25338  313.02923     4.2544    1486.05    1486.05      1.093      9.353         22 0.0000e+00
      33266 204.482964   1386.055   1095.140     4.3379     4.3387     0.0008   3.333582   3.333638       0.61          1   38.90968  -63.85350   0.000076   1084.003   1084.000    34.9885    27.7504  312.28305  313.05944     4.2505    1486.05    1486.05      1.024      9.357         24 0.0000e+00
