ctd/proc/en717_03_avg.cnv
* Sea-Bird SBE 9 Data File:
* FileName = D:\ctd\raw\EN717_03.hdr
* Software Version Seasave V 7.26.7.121
* Temperature SN = 4695
* Conductivity SN = 0618
* Number of Bytes Per Scan = 40
* Number of Voltage Words = 5
* Number of Scans Averaged by the Deck Unit = 1
* NMEA Latitude = 39 25.85 N
* NMEA Longitude = 071 17.74 W
* NMEA UTC (Time) = Jun 08 2024  18:07:13
* NMEA baud rate = 4800
** Ship: R/V Endeavor
** Cruise: EN717
** Principal Investigator: David Smith
** Chief Scientist: David Smith
** Project: RITAS
** Cruise Start Date: 07 June 2024
** Ports: from and to GSO, Narragansett, RI
** Station:  03
** Bottom Depth (m): 2471
** Operator:
# nquan = 36
# nvalues = 2444                        
# units = specified
# name 0 = scan: Scan Count
# name 1 = timeJ: Julian Days
# name 2 = timeS: Time, Elapsed [seconds]
# name 3 = prDM: Pressure, Digiquartz [db]
# name 4 = t090C: Temperature [ITS-90, deg C]
# name 5 = t190C: Temperature, 2 [ITS-90, deg C]
# name 6 = T2-T190C: Temperature Difference, 2 - 1 [ITS-90, deg C]
# name 7 = c0S/m: Conductivity [S/m]
# name 8 = c1S/m: Conductivity, 2 [S/m]
# name 9 = CStarAt0: Beam Attenuation, WET Labs C-Star [1/m]
# name 10 = CStarTr0: Beam Transmission, WET Labs C-Star [%]
# name 11 = flECO-AFL: Fluorescence, WET Labs ECO-AFL/FL [mg/m^3]
# name 12 = altM: Altimeter [m]
# name 13 = sbeox0V: Oxygen raw, SBE 43 [V]
# name 14 = sbeox1V: Oxygen raw, SBE 43, 2 [V]
# name 15 = par: PAR/Irradiance, Biospherical/Licor [umol photons/m^2/sec]
# name 16 = cpar: CPAR/Corrected Irradiance [%]
# name 17 = spar: SPAR, Biospherical/Licor [umol photons/m^2/sec]
# name 18 = pumps: Pump Status
# name 19 = latitude: Latitude [deg]
# name 20 = longitude: Longitude [deg]
# name 21 = C2-C1S/m: Conductivity Difference, 2 - 1 [S/m]
# name 22 = depSM: Depth [salt water, m]
# name 23 = depSM: Depth [salt water, m], lat = 39.4308
# name 24 = sal00: Salinity, Practical [PSU]
# name 25 = sigma-é00: Density [sigma-theta, kg/m^3]
# name 26 = sbox0Mm/Kg: Oxygen, SBE 43 [umol/kg], WS = 2
# name 27 = oxsolMm/Kg: Oxygen Saturation, Garcia & Gordon [umol/kg]
# name 28 = oxsatMm/Kg: Oxygen Saturation, Weiss [umol/kg]
# name 29 = potemp090C: Potential Temperature [ITS-90, deg C]
# name 30 = svCM: Sound Velocity [Chen-Millero, m/s]
# name 31 = svCM1: Sound Velocity, 2 [Chen-Millero, m/s]
# name 32 = dz/dtM: Descent Rate [m/s], WS = 2
# name 33 = gpa: Geopotential Anomaly [J/kg]
# name 34 = nbin: number of scans per bin
# name 35 = flag: flag
# span 0 =       1043,      79140       
# span 1 = 160.755537, 160.793200       
# span 2 =     43.407,   3297.469       
# span 3 =     13.100,   2489.511       
# span 4 =     2.8958,    13.9314       
# span 5 =     2.8955,    14.0175       
# span 6 =    -0.0676,     0.0861       
# span 7 =   3.190198,   4.068892       
# span 8 =   3.190286,   4.068647       
# span 9 =     0.4515,     1.0290       
# span 10 =    77.3175,    89.3269      
# span 11 =    -0.0144,     3.5631      
# span 12 =      -1.20,      97.80      
# span 13 =     2.2607,     4.0681      
# span 14 =     1.5370,     2.8298      
# span 15 = 1.0000e-12, 1.0000e-12      
# span 16 = 4.3142e-14, 4.3433e-14      
# span 17 = 2.3025e+03, 2.3179e+03      
# span 18 =          1,          1      
# span 19 =   39.42318,   39.43083      
# span 20 =  -71.29573,  -71.29419      
# span 21 =  -0.009080,   0.009099      
# span 22 =     13.000,   2456.015      
# span 23 =     13.000,   2456.000      
# span 24 =    32.1445,    35.3942      
# span 25 =    24.2268,    27.8566      
# span 26 =    154.628,    342.104      
# span 27 =  257.84095,  323.54202      
# span 28 =  257.68017,  324.53120      
# span 29 =     2.6989,    13.9296      
# span 30 =    1471.93,    1503.27      
# span 31 =    1471.92,    1503.27      
# span 32 =     -0.026,      1.433      
# span 33 =      0.151,     15.860      
# span 34 =         16,       1271      
# span 35 = 0.0000e+00, 0.0000e+00      
# interval = meters: 1                  
# start_time = Jun 08 2024 18:07:15 [System UTC, header]
# bad_flag = -9.990e-29
*END*
[from data line 1008]
      34308 160.771579   1429.459   1031.385     4.4376     4.4375    -0.0001   3.339613   3.339459     0.4547    89.2549    -0.0070       0.47     2.8519     1.9227 1.0000e-12 4.3243e-14 2.3125e+03          1   39.42822  -71.29474  -0.000133   1020.999   1021.000    34.9862    27.7373    274.158  311.54500  312.30744     4.3550    1485.40    1485.39      1.157      9.038         21 0.0000e+00
      34329 160.771589   1430.318   1032.398     4.4366     4.4364    -0.0001   3.339582   3.339434     0.4546    89.2560    -0.0032       0.46     2.8513     1.9228 1.0000e-12 4.3242e-14 2.3126e+03          1   39.42822  -71.29474  -0.000151   1022.001   1022.000    34.9864    27.7375    274.413  311.55199  312.31457     4.3539    1485.41    1485.41      1.151      9.043         21 0.0000e+00
      34351 160.771600   1431.238   1033.410     4.4366     4.4364    -0.0002   3.339620   3.339475     0.4548    89.2517    -0.0036      24.36     2.8516     1.9223 1.0000e-12 4.3257e-14 2.3117e+03          1   39.42822  -71.29474  -0.000147   1023.004   1023.000    34.9863    27.7375    274.532  311.55228  312.31486     4.3538    1485.43    1485.42      1.028      9.048         24 0.0000e+00
      34376 160.771612   1432.298   1034.423     4.4356     4.4353    -0.0002   3.339559   3.339406     0.4561    89.2229    -0.0032       0.27     2.8516     1.9217 1.0000e-12 4.3258e-14 2.3117e+03          1   39.42822  -71.29474  -0.000148   1023.999   1024.000    34.9862    27.7375    274.583  311.56017  312.32288     4.3527    1485.44    1485.43      0.962      9.053         25 0.0000e+00
      34401 160.771624   1433.313   1035.435     4.4339     4.4337    -0.0002   3.339450   3.339300     0.4550    89.2476     0.0061       0.46     2.8517     1.9226 1.0000e-12 4.3258e-14 2.3117e+03          1   39.42822  -71.29474  -0.000140   1024.999   1025.000    34.9861    27.7376    274.875  311.57267  312.33561     4.3510    1485.45    1485.45      1.026      9.057         24 0.0000e+00
      34424 160.771635   1434.284   1036.448     4.4314     4.4312    -0.0002   3.339257   3.339099     0.4558    89.2290    -0.0015       0.65     2.8526     1.9230 1.0000e-12 4.3258e-14 2.3117e+03          1   39.42822  -71.29474  -0.000141   1026.001   1026.000    34.9860    27.7378    275.039  311.59148  312.35476     4.3484    1485.46    1485.45      1.035      9.062         23 0.0000e+00
      34447 160.771647   1435.269   1037.461     4.4285     4.4284    -0.0001   3.339027   3.338867     0.4546    89.2562     0.0003       0.57     2.8529     1.9226 1.0000e-12 4.3244e-14 2.3124e+03          1   39.42822  -71.29474  -0.000138   1026.998   1027.000    34.9858    27.7380    274.949  311.61340  312.37708     4.3455    1485.46    1485.46      1.052      9.067         23 0.0000e+00
      34470 160.771657   1436.201   1038.474     4.4262     4.4258    -0.0003   3.338834   3.338666     0.4551    89.2449     0.0003       0.39     2.8529     1.9218 1.0000e-12 4.3224e-14 2.3135e+03          1   39.42822  -71.29474  -0.000162   1028.000   1028.000    34.9855    27.7380    274.744  311.63150  312.39550     4.3431    1485.47    1485.46      1.106      9.071         22 0.0000e+00
      34492 160.771668   1437.112   1039.486     4.4224     4.4226     0.0002   3.338497   3.338372     0.4546    89.2555    -0.0041       0.42     2.8520     1.9211 1.0000e-12 4.3227e-14 2.3133e+03          1   39.42822  -71.29474  -0.000088   1029.002   1029.000    34.9850    27.7380    274.559  311.66065  312.42516     4.3393    1485.47    1485.46      1.058      9.076         23 0.0000e+00
      34517 160.771680   1438.149   1040.499     4.4188     4.4185    -0.0003   3.338190   3.338027     0.4547    89.2533    -0.0022       0.52     2.8514     1.9209 1.0000e-12 4.3249e-14 2.3122e+03          1   39.42822  -71.29474  -0.000147   1030.003   1030.000    34.9847    27.7382    274.877  311.68827  312.45327     4.3356    1485.47    1485.47      0.923      9.081         27 0.0000e+00
      34544 160.771693   1439.276   1041.512     4.4162     4.4159    -0.0003   3.337966   3.337796     0.4556    89.2340    -0.0014       0.51     2.8519     1.9226 1.0000e-12 4.3244e-14 2.3124e+03          1   39.42820  -71.29472  -0.000138   1030.998   1031.000    34.9844    27.7382    275.360  311.70861  312.47396     4.3329    1485.47    1485.47      0.953      9.086         25 0.0000e+00
      34567 160.771704   1440.269   1042.524     4.4099     4.4098    -0.0000   3.337381   3.337231     0.4549    89.2497    -0.0071       0.42     2.8528     1.9230 1.0000e-12 4.3242e-14 2.3126e+03          1   39.42820  -71.29472  -0.000120   1031.999   1032.000    34.9836    27.7383    275.466  311.75721  312.52341     4.3266    1485.46    1485.46      1.052      9.090         23 0.0000e+00
      34590 160.771715   1441.214   1043.537     4.4030     4.4033     0.0003   3.336754   3.336613     0.4547    89.2546    -0.0035       0.38     2.8534     1.9230 1.0000e-12 4.3236e-14 2.3129e+03          1   39.42820  -71.29472  -0.000089   1033.001   1033.000    34.9830    27.7386    275.756  311.80992  312.57705     4.3197    1485.45    1485.45      1.069      9.095         23 0.0000e+00
      34613 160.771726   1442.163   1044.550     4.4004     4.4002    -0.0002   3.336534   3.336373     0.4545    89.2587     0.0072       0.34     2.8545     1.9230 1.0000e-12 4.3258e-14 2.3117e+03          1   39.42820  -71.29472  -0.000154   1033.999   1034.000    34.9827    27.7386    275.789  311.83024  312.59773     4.3170    1485.46    1485.45      1.079      9.100         23 0.0000e+00
      34635 160.771737   1443.089   1045.563     4.3989     4.3987    -0.0002   3.336421   3.336279     0.4547    89.2548    -0.0051       0.43     2.8546     1.9229 1.0000e-12 4.3258e-14 2.3117e+03          1   39.42820  -71.29472  -0.000128   1035.001   1035.000    34.9825    27.7386    275.789  311.84207  312.60976     4.3154    1485.47    1485.47      1.098      9.104         22 0.0000e+00
      34657 160.771748   1444.012   1046.575     4.3950     4.3949    -0.0002   3.336107   3.335945     0.4548    89.2526    -0.0113       0.51     2.8550     1.9230 1.0000e-12 4.3238e-14 2.3128e+03          1   39.42820  -71.29472  -0.000139   1036.002   1036.000    34.9823    27.7389    275.778  311.87098  312.63921     4.3115    1485.47    1485.47      1.081      9.109         22 0.0000e+00
      34680 160.771759   1444.971   1047.588     4.3976     4.3972    -0.0004   3.336469   3.336305     0.4549    89.2505    -0.0080       0.40     2.8550     1.9243 1.0000e-12 4.3224e-14 2.3135e+03          1   39.42819  -71.29472  -0.000203   1037.002   1037.000    34.9833    27.7394    275.866  311.84943  312.61733     4.3139    1485.50    1485.49      1.022      9.114         24 0.0000e+00
      34705 160.771771   1446.008   1048.601     4.3947     4.3947    -0.0000   3.336218   3.336073     0.4547    89.2542    -0.0048       0.60     2.8553     1.9243 1.0000e-12 4.3224e-14 2.3135e+03          1   39.42818  -71.29472  -0.000104   1038.003   1038.000    34.9829    27.7394    275.830  311.87187  312.64016     4.3110    1485.50    1485.50      0.929      9.119         26 0.0000e+00
      34733 160.771784   1447.163   1049.613     4.3911     4.3908    -0.0004   3.335911   3.335740     0.4549    89.2499    -0.0007       0.40     2.8550     1.9235 1.0000e-12 4.3237e-14 2.3128e+03          1   39.42820  -71.29472  -0.000171   1039.000   1039.000    34.9826    27.7396    275.892  311.89950  312.66828     4.3073    1485.50    1485.50      0.870      9.123         29 0.0000e+00
      34760 160.771797   1448.293   1050.626     4.3913     4.3913    -0.0001   3.335971   3.335836     0.4558    89.2306    -0.0017       0.58     2.8553     1.9231 1.0000e-12 4.3258e-14 2.3117e+03          1   39.42820  -71.29472  -0.000141   1039.996   1040.000    34.9826    27.7396    276.033  311.89790  312.66664     4.3075    1485.52    1485.52      0.970      9.128         25 0.0000e+00
      34783 160.771809   1449.263   1051.639     4.3895     4.3897     0.0003   3.335820   3.335717     0.4562    89.2214     0.0023       0.39     2.8555     1.9230 1.0000e-12 4.3258e-14 2.3117e+03          1   39.42818  -71.29472  -0.000078   1040.997   1041.000    34.9823    27.7395    276.284  311.91246  312.68145     4.3055    1485.53    1485.53      1.098      9.133         22 0.0000e+00
      34805 160.771819   1450.149   1052.652     4.3816     4.3831     0.0015   3.335065   3.335032     0.4547    89.2531    -0.0000       0.65     2.8562     1.9233 1.0000e-12 4.3250e-14 2.3121e+03          1   39.42818  -71.29472   0.000082   1042.001   1042.000    34.9812    27.7395    276.360  311.97376  312.74382     4.2976    1485.51    1485.52      1.150      9.137         21 0.0000e+00
      34826 160.771829   1451.028   1053.665     4.3719     4.3718    -0.0001   3.334153   3.334014     0.4547    89.2538    -0.0069       0.42     2.8563     1.9232 1.0000e-12 4.3226e-14 2.3134e+03          1   39.42818  -71.29470  -0.000131   1043.002   1043.000    34.9802    27.7397    276.382  312.04809  312.81946     4.2880    1485.49    1485.49      1.120      9.142         21 0.0000e+00
      34848 160.771840   1451.970   1054.677     4.3717     4.3715    -0.0002   3.334169   3.334022     0.4546    89.2564    -0.0070      25.12     2.8563     1.9236 1.0000e-12 4.3248e-14 2.3122e+03          1   39.42818  -71.29470  -0.000148   1044.001   1044.000    34.9801    27.7397    276.428  312.05005  312.82145     4.2876    1485.50    1485.50      1.048      9.147         24 0.0000e+00
      34872 160.771851   1452.953   1055.690     4.3720     4.3717    -0.0003   3.334235   3.334081     0.4548    89.2526    -0.0070       0.54     2.8567     1.9233 1.0000e-12 4.3269e-14 2.3111e+03          1   39.42818  -71.29470  -0.000159   1044.999   1045.000    34.9800    27.7396    276.674  312.04780  312.81916     4.2879    1485.52    1485.52      1.054      9.151         23 0.0000e+00
      34894 160.771862   1453.886   1056.703     4.3715     4.3713    -0.0001   3.334236   3.334089     0.4558    89.2291    -0.0017       0.60     2.8570     1.9226 1.0000e-12 4.3263e-14 2.3114e+03          1   39.42818  -71.29470  -0.000140   1046.000   1046.000    34.9801    27.7398    276.570  312.05175  312.82318     4.2872    1485.54    1485.53      1.093      9.156         22 0.0000e+00
      34917 160.771873   1454.818   1057.716     4.3699     4.3697    -0.0002   3.334140   3.333993     0.4550    89.2481    -0.0038       0.54     2.8569     1.9222 1.0000e-12 4.3242e-14 2.3125e+03          1   39.42818  -71.29470  -0.000137   1047.004   1047.000    34.9801    27.7400    276.537  312.06344  312.83510     4.2856    1485.55    1485.54      1.036      9.161         23 0.0000e+00
      34942 160.771885   1455.878   1058.728     4.3694     4.3691    -0.0003   3.334135   3.333984     0.4568    89.2082     0.0002       0.37     2.8564     1.9220 1.0000e-12 4.3224e-14 2.3135e+03          1   39.42817  -71.29470  -0.000153   1048.003   1048.000    34.9801    27.7400    276.301  312.06742  312.83915     4.2850    1485.56    1485.56      0.888      9.166         28 0.0000e+00
      34971 160.771899   1457.089   1059.741     4.3686     4.3684    -0.0002   3.334119   3.333954     0.4546    89.2568    -0.0050       0.52     2.8560     1.9224 1.0000e-12 4.3241e-14 2.3126e+03          1   39.42816  -71.29470  -0.000156   1048.997   1049.000    34.9802    27.7402    276.470  312.07282  312.84466     4.2841    1485.58    1485.57      0.868      9.170         28 0.0000e+00
      34997 160.771912   1458.167   1060.754     4.3652     4.3653     0.0001   3.333833   3.333700     0.4545    89.2595    -0.0070       0.55     2.8554     1.9228 1.0000e-12 4.3258e-14 2.3117e+03          1   39.42816  -71.29470  -0.000108   1049.997   1050.000    34.9799    27.7403    276.126  312.09878  312.87109     4.2807    1485.58    1485.58      1.023      9.175         24 0.0000e+00
      35019 160.771922   1459.096   1061.767     4.3610     4.3610     0.0000   3.333464   3.333324     0.4560    89.2251    -0.0024       0.63     2.8542     1.9228 1.0000e-12 4.3277e-14 2.3107e+03          1   39.42816  -71.29470  -0.000111   1050.999   1051.000    34.9795    27.7405    276.225  312.13107  312.90394     4.2764    1485.58    1485.57      1.120      9.180         21 0.0000e+00
      35041 160.771933   1459.982   1062.780     4.3576     4.3573    -0.0003   3.333181   3.333001     0.4547    89.2548    -0.0034       0.52     2.8542     1.9231 1.0000e-12 4.3283e-14 2.3103e+03          1   39.42816  -71.29470  -0.000151   1052.000   1052.000    34.9793    27.7407    276.514  312.15712  312.93046     4.2729    1485.58    1485.58      1.147      9.184         22 0.0000e+00
      35062 160.771943   1460.863   1063.792     4.3521     4.3521    -0.0000   3.332677   3.332526     0.4544    89.2616    -0.0018       0.43     2.8545     1.9233 1.0000e-12 4.3238e-14 2.3128e+03          1   39.42816  -71.29470  -0.000122   1053.002   1053.000    34.9787    27.7408    276.883  312.19986  312.97397     4.2674    1485.57    1485.57      1.128      9.189         21 0.0000e+00
      35084 160.771954   1461.789   1064.805     4.3502     4.3500    -0.0002   3.332534   3.332384     0.4548    89.2526    -0.0022       0.31     2.8551     1.9241 1.0000e-12 4.3233e-14 2.3130e+03          1   39.42816  -71.29470  -0.000145   1054.004   1054.000    34.9785    27.7409    277.038  312.21434  312.98870     4.2654    1485.58    1485.58      1.034      9.194         23 0.0000e+00
      35109 160.771966   1462.854   1065.818     4.3494     4.3492    -0.0002   3.332485   3.332339     0.4556    89.2338    -0.0031       0.32     2.8560     1.9246 1.0000e-12 4.3235e-14 2.3129e+03          1   39.42816  -71.29470  -0.000138   1055.003   1055.000    34.9783    27.7408    277.248  312.22106  312.99552     4.2645    1485.59    1485.59      0.894      9.198         28 0.0000e+00
      35138 160.771979   1464.023   1066.831     4.3468     4.3464    -0.0004   3.332285   3.332109     0.4556    89.2349     0.0004       0.45     2.8566     1.9254 1.0000e-12 4.3262e-14 2.3115e+03          1   39.42816  -71.29470  -0.000155   1055.996   1056.000    34.9781    27.7410    277.104  312.24052  313.01533     4.2619    1485.60    1485.60      0.923      9.203         27 0.0000e+00
      35162 160.771991   1465.040   1067.844     4.3456     4.3456     0.0000   3.332204   3.332078     0.4593    89.1528    -0.0026       0.43     2.8566     1.9249 1.0000e-12 4.3293e-14 2.3098e+03          1   39.42816  -71.29470  -0.000140   1057.000   1057.000    34.9779    27.7409    277.101  312.24990  313.02488     4.2606    1485.61    1485.61      1.044      9.208         23 0.0000e+00
      35184 160.772002   1465.977   1068.857     4.3440     4.3443     0.0003   3.332099   3.331978     0.4545    89.2578     0.0026      27.58     2.8566     1.9248 1.0000e-12 4.3293e-14 2.3098e+03          1   39.42816  -71.29470  -0.000091   1058.000   1058.000    34.9779    27.7411    277.190  312.26210  313.03730     4.2589    1485.62    1485.62      1.089      9.213         22 0.0000e+00
      35207 160.772013   1466.904   1069.869     4.3419     4.3415    -0.0003   3.331925   3.331753     0.4548    89.2514     0.0043       0.11     2.8567     1.9246 1.0000e-12 4.3267e-14 2.3112e+03          1   39.42816  -71.29470  -0.000166   1059.000   1059.000    34.9776    27.7411    277.311  312.27875  313.05424     4.2567    1485.63    1485.63      1.090      9.217         22 0.0000e+00
