ctd/proc/en717_02_avg.cnv
* Sea-Bird SBE 9 Data File:
* FileName = D:\ctd\raw\EN717_02.hdr
* Software Version Seasave V 7.26.7.121
* Temperature SN = 4695
* Conductivity SN = 0618
* Number of Bytes Per Scan = 40
* Number of Voltage Words = 5
* Number of Scans Averaged by the Deck Unit = 1
* NMEA Latitude = 39 26.35 N
* NMEA Longitude = 071 17.87 W
* NMEA UTC (Time) = Jun 08 2024  17:08:20
* NMEA baud rate = 4800
** Ship: R/V Endeavor
** Cruise: EN717
** Principal Investigator: David Smith
** Chief Scientist: David Smith
** Project: RITAS
** Cruise Start Date: 07 June 2024
** Ports: from and to GSO, Narragansett, RI
** Station:  02
** Bottom Depth (m):
** Operator:
# nquan = 36
# nvalues = 1033                        
# units = specified
# name 0 = scan: Scan Count
# name 1 = timeJ: Julian Days
# name 2 = timeS: Time, Elapsed [seconds]
# name 3 = prDM: Pressure, Digiquartz [db]
# name 4 = t090C: Temperature [ITS-90, deg C]
# name 5 = t190C: Temperature, 2 [ITS-90, deg C]
# name 6 = T2-T190C: Temperature Difference, 2 - 1 [ITS-90, deg C]
# name 7 = c0S/m: Conductivity [S/m]
# name 8 = c1S/m: Conductivity, 2 [S/m]
# name 9 = CStarAt0: Beam Attenuation, WET Labs C-Star [1/m]
# name 10 = CStarTr0: Beam Transmission, WET Labs C-Star [%]
# name 11 = flECO-AFL: Fluorescence, WET Labs ECO-AFL/FL [mg/m^3]
# name 12 = altM: Altimeter [m]
# name 13 = sbeox0V: Oxygen raw, SBE 43 [V]
# name 14 = sbeox1V: Oxygen raw, SBE 43, 2 [V]
# name 15 = par: PAR/Irradiance, Biospherical/Licor [umol photons/m^2/sec]
# name 16 = cpar: CPAR/Corrected Irradiance [%]
# name 17 = spar: SPAR, Biospherical/Licor [umol photons/m^2/sec]
# name 18 = pumps: Pump Status
# name 19 = latitude: Latitude [deg]
# name 20 = longitude: Longitude [deg]
# name 21 = C2-C1S/m: Conductivity Difference, 2 - 1 [S/m]
# name 22 = depSM: Depth [salt water, m]
# name 23 = depSM: Depth [salt water, m], lat = 39.4392
# name 24 = sal00: Salinity, Practical [PSU]
# name 25 = sigma-é00: Density [sigma-theta, kg/m^3]
# name 26 = sbox0Mm/Kg: Oxygen, SBE 43 [umol/kg], WS = 2
# name 27 = oxsolMm/Kg: Oxygen Saturation, Garcia & Gordon [umol/kg]
# name 28 = oxsatMm/Kg: Oxygen Saturation, Weiss [umol/kg]
# name 29 = potemp090C: Potential Temperature [ITS-90, deg C]
# name 30 = svCM: Sound Velocity [Chen-Millero, m/s]
# name 31 = svCM1: Sound Velocity, 2 [Chen-Millero, m/s]
# name 32 = dz/dtM: Descent Rate [m/s], WS = 2
# name 33 = gpa: Geopotential Anomaly [J/kg]
# name 34 = nbin: number of scans per bin
# name 35 = flag: flag
# span 0 =       1506,      33275       
# span 1 = 160.714881, 160.730202       
# span 2 =     62.704,   1386.420       
# span 3 =     13.100,   1055.691       
# span 4 =     4.4154,    12.1935       
# span 5 =     4.4149,    12.1932       
# span 6 =    -0.0425,     0.0551       
# span 7 =   3.191260,   4.067849       
# span 8 =   3.190857,   4.067344       
# span 9 =     0.4543,     0.9862       
# span 10 =    78.1510,    89.2634      
# span 11 =    -0.0104,     3.3393      
# span 12 =      -0.25,      50.79      
# span 13 =     2.2582,     4.0711      
# span 14 =     1.5333,     2.8371      
# span 15 = -2.286e-07, 4.7403e+02      
# span 16 = -9.818e-09, 2.0364e+01      
# span 17 = 2.3229e+03, 2.3283e+03      
# span 18 =          1,          1      
# span 19 =   39.43602,   39.43916      
# span 20 =  -71.29788,  -71.29629      
# span 21 =  -0.006670,   0.007106      
# span 22 =     13.001,   1045.005      
# span 23 =     13.000,   1045.000      
# span 24 =    32.0227,    35.4184      
# span 25 =    24.5720,    27.7390      
# span 26 =    154.436,    352.063      
# span 27 =  261.49159,  311.71418      
# span 28 =  261.47120,  312.47965      
# span 29 =     4.3313,    12.1705      
# span 30 =    1471.98,    1500.92      
# span 31 =    1471.97,    1500.91      
# span 32 =      0.033,      1.252      
# span 33 =      0.165,      9.251      
# span 34 =         19,       1662      
# span 35 = 0.0000e+00, 0.0000e+00      
# interval = meters: 1                  
# start_time = Jun 08 2024 17:08:23 [System UTC, header]
# bad_flag = -9.990e-29
*END*
[from data line 968]
      29920 160.728584   1246.644    990.883     4.4976     4.4970    -0.0005   3.343524   3.343351     0.4547    89.2547    -0.0053       0.41     2.8565     1.9227 1.0000e-12 4.3009e-14 2.3251e+03          1   39.43634  -71.29654  -0.000208    980.999    981.000    34.9892    27.7327    272.991  311.09240  311.84664     4.4181    1484.98    1484.97      1.120      8.921         22 0.0000e+00
      29942 160.728594   1247.533    991.896     4.4991     4.4989    -0.0002   3.343741   3.343584     0.4551    89.2460    -0.0022       0.39     2.8560     1.9227 1.0000e-12 4.2984e-14 2.3265e+03          1   39.43634  -71.29654  -0.000167    982.003    982.000    34.9896    27.7329    272.905  311.07979  311.83381     4.4196    1485.00    1485.00      1.097      8.926         21 0.0000e+00
      29966 160.728606   1248.529    992.908     4.4988     4.4986    -0.0001   3.343748   3.343603     0.4552    89.2436     0.0011       0.45     2.8550     1.9224 1.0000e-12 4.2984e-14 2.3265e+03          1   39.43634  -71.29654  -0.000144    983.005    983.000    34.9895    27.7329    272.665  311.08249  311.83656     4.4191    1485.02    1485.01      0.921      8.930         27 0.0000e+00
      29995 160.728620   1249.745    993.920     4.4985     4.4984    -0.0000   3.343760   3.343628     0.4546    89.2556     0.0055       0.38     2.8543     1.9210 1.0000e-12 4.2984e-14 2.3265e+03          1   39.43633  -71.29654  -0.000131    983.998    984.000    34.9895    27.7329    272.895  311.08485  311.83896     4.4187    1485.03    1485.03      0.844      8.935         30 0.0000e+00
      30022 160.728633   1250.880    994.933     4.4975     4.4972    -0.0002   3.343699   3.343541     0.4548    89.2515    -0.0024       0.46     2.8543     1.9205 1.0000e-12 4.2984e-14 2.3265e+03          1   39.43633  -71.29654  -0.000151    984.998    985.000    34.9893    27.7329    273.154  311.09278  311.84703     4.4176    1485.04    1485.04      0.945      8.940         25 0.0000e+00
      30047 160.728645   1251.906    995.945     4.4937     4.4940     0.0002   3.343367   3.343226     0.4572    89.1997    -0.0009       0.49     2.8547     1.9201 1.0000e-12 4.2997e-14 2.3258e+03          1   39.43634  -71.29654  -0.000092    985.999    986.000    34.9889    27.7329    273.171  311.12152  311.87627     4.4138    1485.05    1485.04      1.016      8.944         24 0.0000e+00
      30070 160.728656   1252.873    996.958     4.4872     4.4874     0.0002   3.342761   3.342639     0.4552    89.2421    -0.0054       0.48     2.8545     1.9198 1.0000e-12 4.3003e-14 2.3254e+03          1   39.43634  -71.29654  -0.000104    986.999    987.000    34.9882    27.7331    273.262  311.17177  311.92740     4.4073    1485.03    1485.03      1.072      8.949         23 0.0000e+00
      30092 160.728667   1253.801    997.970     4.4862     4.4860    -0.0002   3.342703   3.342558     0.4552    89.2429     0.0022      27.29     2.8546     1.9200 1.0000e-12 4.3001e-14 2.3255e+03          1   39.43633  -71.29654  -0.000149    988.003    988.000    34.9880    27.7331    273.142  311.17951  311.93528     4.4062    1485.05    1485.04      1.061      8.954         22 0.0000e+00
      30116 160.728678   1254.812    998.983     4.4857     4.4855    -0.0003   3.342698   3.342547     0.4548    89.2522     0.0027       0.90     2.8540     1.9203 1.0000e-12 4.2984e-14 2.3265e+03          1   39.43632  -71.29653  -0.000148    989.003    989.000    34.9879    27.7331    273.053  311.18309  311.93891     4.4056    1485.06    1485.06      0.939      8.959         27 0.0000e+00
      30144 160.728692   1255.951    999.995     4.4849     4.4847    -0.0002   3.342656   3.342506     0.4552    89.2441    -0.0071       0.49     2.8539     1.9213 1.0000e-12 4.2976e-14 2.3269e+03          1   39.43632  -71.29652  -0.000148    989.997    990.000    34.9878    27.7331    273.357  311.18957  311.94551     4.4047    1485.08    1485.07      0.919      8.963         26 0.0000e+00
      30169 160.728704   1256.988   1001.008     4.4844     4.4842    -0.0002   3.342664   3.342510     0.4559    89.2277    -0.0018       0.36     2.8541     1.9219 1.0000e-12 4.2951e-14 2.3282e+03          1   39.43631  -71.29652  -0.000147    990.999    991.000    34.9879    27.7332    273.351  311.19309  311.94910     4.4041    1485.09    1485.09      1.013      8.968         24 0.0000e+00
      30192 160.728715   1257.977   1002.020     4.4816     4.4816    -0.0000   3.342427   3.342288     0.4552    89.2436    -0.0046       0.64     2.8542     1.9225 1.0000e-12 4.2951e-14 2.3282e+03          1   39.43630  -71.29651  -0.000126    992.003    992.000    34.9876    27.7333    273.462  311.21458  311.97097     4.4013    1485.09    1485.09      0.964      8.973         25 0.0000e+00
      30220 160.728728   1259.133   1003.033     4.4789     4.4787    -0.0002   3.342204   3.342056     0.4545    89.2585    -0.0070       0.42     2.8545     1.9225 1.0000e-12 4.2981e-14 2.3266e+03          1   39.43630  -71.29650  -0.000135    993.001    993.000    34.9873    27.7334    273.520  311.23534  311.99209     4.3985    1485.10    1485.10      0.849      8.978         30 0.0000e+00
      30248 160.728742   1260.289   1004.045     4.4774     4.4771    -0.0003   3.342100   3.341921     0.4550    89.2468    -0.0003       0.37     2.8540     1.9218 1.0000e-12 4.2961e-14 2.3277e+03          1   39.43632  -71.29652  -0.000168    993.996    994.000    34.9871    27.7334    273.315  311.24673  312.00368     4.3969    1485.11    1485.11      0.969      8.982         25 0.0000e+00
      30271 160.728753   1261.252   1005.058     4.4756     4.4754    -0.0002   3.341963   3.341808     0.4546    89.2572     0.0003       0.40     2.8540     1.9208 1.0000e-12 4.2950e-14 2.3283e+03          1   39.43632  -71.29654  -0.000149    995.000    995.000    34.9869    27.7334    273.408  311.26052  312.01771     4.3951    1485.12    1485.12      1.096      8.987         21 0.0000e+00
      30293 160.728763   1262.152   1006.071     4.4743     4.4741    -0.0001   3.341885   3.341735     0.4543    89.2634    -0.0047       0.43     2.8535     1.9202 1.0000e-12 4.2972e-14 2.3271e+03          1   39.43632  -71.29652  -0.000149    996.000    996.000    34.9869    27.7336    273.538  311.27062  312.02800     4.3936    1485.13    1485.13      1.106      8.992         22 0.0000e+00
      30315 160.728774   1263.098   1007.083     4.4740     4.4738    -0.0003   3.341934   3.341770     0.4550    89.2467    -0.0070       0.32     2.8539     1.9190 1.0000e-12 4.2967e-14 2.3274e+03          1   39.43630  -71.29652  -0.000166    997.004    997.000    34.9872    27.7339    273.787  311.27159  312.02901     4.3933    1485.15    1485.14      1.020      8.997         24 0.0000e+00
      30340 160.728786   1264.137   1008.096     4.4735     4.4733    -0.0002   3.341916   3.341761     0.4550    89.2477    -0.0035       0.48     2.8545     1.9191 1.0000e-12 4.2950e-14 2.3283e+03          1   39.43630  -71.29650  -0.000149    997.999    998.000    34.9870    27.7338    273.834  311.27587  312.03336     4.3927    1485.16    1485.16      0.984      9.001         25 0.0000e+00
      30364 160.728798   1265.141   1009.108     4.4667     4.4667     0.0000   3.341308   3.341150     0.4559    89.2269    -0.0064       0.31     2.8547     1.9201 1.0000e-12 4.2950e-14 2.3283e+03          1   39.43630  -71.29650  -0.000104    999.000    999.000    34.9866    27.7342    273.910  311.32774  312.08616     4.3859    1485.15    1485.15      1.020      9.006         24 0.0000e+00
      30388 160.728809   1266.141   1010.121     4.4626     4.4625    -0.0002   3.340966   3.340815     0.4547    89.2546     0.0101       0.39     2.8548     1.9202 1.0000e-12 4.2950e-14 2.3283e+03          1   39.43630  -71.29652  -0.000136   1000.004   1000.000    34.9864    27.7345    273.897  311.35830  312.11727     4.3817    1485.15    1485.15      0.942      9.011         25 0.0000e+00
      30418 160.728824   1267.390   1011.133     4.4604     4.4603    -0.0001   3.340780   3.340644     0.4548    89.2509    -0.0015       0.59     2.8548     1.9202 1.0000e-12 4.2950e-14 2.3283e+03          1   39.43630  -71.29650  -0.000127   1001.002   1001.000    34.9860    27.7344    273.926  311.37554  312.13480     4.3795    1485.16    1485.15      0.732      9.015         35 0.0000e+00
      30452 160.728840   1268.785   1012.146     4.4573     4.4573    -0.0000   3.340533   3.340391     0.4547    89.2533     0.0001       0.31     2.8542     1.9215 1.0000e-12 4.2972e-14 2.3272e+03          1   39.43629  -71.29650  -0.000124   1001.995   1002.000    34.9859    27.7347    273.833  311.39905  312.15874     4.3763    1485.16    1485.16      0.854      9.020         28 0.0000e+00
      30476 160.728852   1269.804   1013.158     4.4501     4.4505     0.0004   3.339876   3.339748     0.4544    89.2609     0.0003       0.37     2.8544     1.9229 1.0000e-12 4.2984e-14 2.3265e+03          1   39.43628  -71.29650  -0.000069   1002.997   1003.000    34.9853    27.7350    274.176  311.45400  312.21467     4.3690    1485.15    1485.15      1.081      9.025         23 0.0000e+00
      30497 160.728862   1270.685   1014.171     4.4468     4.4465    -0.0003   3.339607   3.339439     0.4552    89.2421    -0.0019       0.48     2.8548     1.9239 1.0000e-12 4.2984e-14 2.3265e+03          1   39.43628  -71.29649  -0.000165   1004.000   1004.000    34.9851    27.7352    274.265  311.47900  312.24013     4.3657    1485.15    1485.15      1.165      9.030         20 0.0000e+00
      30518 160.728872   1271.545   1015.184     4.4466     4.4465    -0.0001   3.339625   3.339492     0.4551    89.2459     0.0045       0.53     2.8549     1.9244 1.0000e-12 4.2950e-14 2.3283e+03          1   39.43628  -71.29648  -0.000137   1005.000   1005.000    34.9851    27.7352    274.248  311.48092  312.24207     4.3654    1485.16    1485.16      1.171      9.034         21 0.0000e+00
      30539 160.728882   1272.422   1016.196     4.4469     4.4465    -0.0004   3.339689   3.339537     0.4553    89.2408     0.0105       0.48     2.8548     1.9240 1.0000e-12 4.2950e-14 2.3283e+03          1   39.43628  -71.29650  -0.000158   1006.005   1006.000    34.9849    27.7351    274.176  311.47851  312.23961     4.3656    1485.18    1485.18      1.086      9.039         22 0.0000e+00
      30564 160.728894   1273.450   1017.209     4.4475     4.4470    -0.0005   3.339802   3.339635     0.4548    89.2514     0.0063       0.37     2.8545     1.9241 1.0000e-12 4.2950e-14 2.3283e+03          1   39.43628  -71.29650  -0.000173   1007.003   1007.000    34.9851    27.7352    274.143  311.47369  312.23472     4.3661    1485.20    1485.20      0.908      9.044         27 0.0000e+00
      30593 160.728908   1274.652   1018.221     4.4477     4.4473    -0.0004   3.339864   3.339709     0.4556    89.2331    -0.0104       0.36     2.8541     1.9241 1.0000e-12 4.2955e-14 2.3280e+03          1   39.43628  -71.29650  -0.000159   1007.999   1008.000    34.9851    27.7352    274.191  311.47222  312.23321     4.3662    1485.22    1485.22      0.848      9.049         29 0.0000e+00
      30620 160.728921   1275.794   1019.234     4.4473     4.4471    -0.0002   3.339887   3.339731     0.4549    89.2507    -0.0002       0.38     2.8546     1.9238 1.0000e-12 4.2979e-14 2.3268e+03          1   39.43628  -71.29649  -0.000149   1008.998   1009.000    34.9853    27.7354    274.424  311.47495  312.23602     4.3657    1485.24    1485.23      0.927      9.053         27 0.0000e+00
      30645 160.728933   1276.851   1020.247     4.4464     4.4458    -0.0006   3.339828   3.339650     0.4554    89.2377    -0.0070       0.57     2.8546     1.9238 1.0000e-12 4.2978e-14 2.3268e+03          1   39.43628  -71.29648  -0.000179   1010.000   1010.000    34.9851    27.7353    274.300  311.48215  312.24333     4.3647    1485.25    1485.24      0.983      9.058         24 0.0000e+00
      30669 160.728945   1277.853   1021.259     4.4462     4.4459    -0.0003   3.339848   3.339686     0.4549    89.2505    -0.0052       0.32     2.8544     1.9237 1.0000e-12 4.2951e-14 2.3282e+03          1   39.43628  -71.29648  -0.000165   1010.999   1011.000    34.9850    27.7353    274.268  311.48400  312.24522     4.3644    1485.26    1485.26      1.037      9.063         24 0.0000e+00
      30692 160.728956   1278.809   1022.272     4.4467     4.4463    -0.0004   3.339954   3.339784     0.4545    89.2579     0.0013       0.44     2.8539     1.9229 1.0000e-12 4.2975e-14 2.3270e+03          1   39.43627  -71.29648  -0.000180   1012.001   1012.000    34.9852    27.7354    274.181  311.47978  312.24093     4.3648    1485.28    1485.28      1.050      9.067         22 0.0000e+00
      30716 160.728968   1279.800   1023.284     4.4474     4.4473    -0.0001   3.340090   3.339941     0.4551    89.2462     0.0025      23.07     2.8536     1.9218 1.0000e-12 4.2958e-14 2.3279e+03          1   39.43626  -71.29648  -0.000154   1013.004   1013.000    34.9855    27.7356    274.238  311.47347  312.23452     4.3655    1485.30    1485.30      0.971      9.072         26 0.0000e+00
      30743 160.728980   1280.911   1024.297     4.4455     4.4456     0.0001   3.339942   3.339830     0.4553    89.2410     0.0017       0.54     2.8536     1.9213 1.0000e-12 4.2950e-14 2.3283e+03          1   39.43626  -71.29648  -0.000103   1014.000   1014.000    34.9853    27.7356    274.383  311.48849  312.24981     4.3635    1485.31    1485.31      0.898      9.077         27 0.0000e+00
      30769 160.728993   1282.020   1025.310     4.4378     4.4375    -0.0003   3.339228   3.339043     0.4544    89.2614    -0.0054       0.32     2.8534     1.9214 1.0000e-12 4.2950e-14 2.3283e+03          1   39.43626  -71.29648  -0.000121   1014.998   1015.000    34.9845    27.7358    274.504  311.54722  312.30957     4.3558    1485.29    1485.29      0.960      9.082         25 0.0000e+00
      30794 160.729005   1283.025   1026.322     4.4323     4.4321    -0.0001   3.338717   3.338553     0.4543    89.2624     0.0059       0.36     2.8538     1.9218 1.0000e-12 4.2950e-14 2.3283e+03          1   39.43626  -71.29648  -0.000100   1016.000   1016.000    34.9839    27.7359    274.704  311.59000  312.35310     4.3502    1485.29    1485.28      1.037      9.086         24 0.0000e+00
      30817 160.729016   1283.980   1027.335     4.4247     4.4244    -0.0003   3.338029   3.337860     0.4547    89.2547    -0.0064       0.37     2.8539     1.9230 1.0000e-12 4.2950e-14 2.3283e+03          1   39.43626  -71.29648  -0.000161   1017.000   1017.000    34.9833    27.7363    274.729  311.64767  312.41179     4.3426    1485.27    1485.27      1.060      9.091         22 0.0000e+00
      30840 160.729027   1284.945   1028.348     4.4242     4.4241    -0.0001   3.338021   3.337881     0.4551    89.2445     0.0037       0.39     2.8541     1.9239 1.0000e-12 4.2950e-14 2.3283e+03          1   39.43626  -71.29648  -0.000147   1018.003   1018.000    34.9832    27.7363    274.833  311.65151  312.41570     4.3420    1485.29    1485.29      1.013      9.096         24 0.0000e+00
      30865 160.729039   1286.000   1029.360     4.4232     4.4232    -0.0000   3.337976   3.337842     0.4546    89.2568     0.0028       0.44     2.8541     1.9237 1.0000e-12 4.2969e-14 2.3273e+03          1   39.43626  -71.29648  -0.000130   1019.002   1019.000    34.9832    27.7364    274.849  311.65889  312.42322     4.3410    1485.30    1485.30      0.912      9.101         27 0.0000e+00
