ctd/proc/EN719_CTD03_avg.cnv
* Sea-Bird SBE 9 Data File:
* FileName = D:\ctd\raw\EN719_CTD03.hdr
* Software Version Seasave V 7.26.7.121
* Temperature SN = 4333
* Conductivity SN = 0864
* Number of Bytes Per Scan = 37
* Number of Voltage Words = 4
* Number of Scans Averaged by the Deck Unit = 1
* NMEA Latitude = 38 13.58 N
* NMEA Longitude = 063 48.11 W
* NMEA UTC (Time) = Jul 11 2024  23:25:02
* NMEA baud rate = 4800
** Ship: R/V Endeavor
** Cruise: EN719
** Principal Investigator: Chad Smith
** Chief Scientist: Chad Smith
** Project: NESMA24
** Cruise Start Date: 7 July 2024
** Ports: GSO, Narragansett RI to GSO, Narragansett RI
** Station:
** Bottom Depth: 4984
** Operator:  jAdams
# nquan = 27
# nvalues = 1494                        
# units = specified
# name 0 = scan: Scan Count
# name 1 = timeJ: Julian Days
# name 2 = timeS: Time, Elapsed [seconds]
# name 3 = prDM: Pressure, Digiquartz [db]
# name 4 = t090C: Temperature [ITS-90, deg C]
# name 5 = t190C: Temperature, 2 [ITS-90, deg C]
# name 6 = T2-T190C: Temperature Difference, 2 - 1 [ITS-90, deg C]
# name 7 = c0S/m: Conductivity [S/m]
# name 8 = c1S/m: Conductivity, 2 [S/m]
# name 9 = altM: Altimeter [m]
# name 10 = pumps: Pump Status
# name 11 = latitude: Latitude [deg]
# name 12 = longitude: Longitude [deg]
# name 13 = C2-C1S/m: Conductivity Difference, 2 - 1 [S/m]
# name 14 = depSM: Depth [salt water, m]
# name 15 = depSM: Depth [salt water, m], lat = 38.2263
# name 16 = sal00: Salinity, Practical [PSU]
# name 17 = sigma-é00: Density [sigma-theta, kg/m^3]
# name 18 = oxsolMm/Kg: Oxygen Saturation, Garcia & Gordon [umol/kg]
# name 19 = oxsatMm/Kg: Oxygen Saturation, Weiss [umol/kg]
# name 20 = potemp090C: Potential Temperature [ITS-90, deg C]
# name 21 = svCM: Sound Velocity [Chen-Millero, m/s]
# name 22 = svCM1: Sound Velocity, 2 [Chen-Millero, m/s]
# name 23 = dz/dtM: Descent Rate [m/s], WS = 2
# name 24 = gpa: Geopotential Anomaly [J/kg]
# name 25 = nbin: number of scans per bin
# name 26 = flag: flag
# span 0 =       -537,      45069       
# span 1 = 193.975481, 193.997475       
# span 2 =    -22.431,   1877.825       
# span 3 =      7.053,   1516.839       
# span 4 =     4.1781,    28.2814       
# span 5 =     4.1790,    28.2825       
# span 6 =    -0.0523,     2.9969       
# span 7 =   3.336014,   5.858303       
# span 8 =   3.336119,   5.858300       
# span 9 =     -26.45,     123.42       
# span 10 =          1,          1      
# span 11 =   38.21486,   38.22635      
# span 12 =  -63.80209,  -63.77961      
# span 13 =  -0.003028,   0.005035      
# span 14 =      6.981,   1500.013      
# span 15 =      7.000,   1500.000      
# span 16 =    34.9765,    36.9346      
# span 17 =    23.3806,    27.7619      
# span 18 =  194.21379,  313.50762      
# span 19 =  193.71592,  314.30613      
# span 20 =     4.0544,    28.2772      
# span 21 =    1488.29,    1543.93      
# span 22 =    1488.30,    1543.92      
# span 23 =     -4.814,    373.785      
# span 24 =     -0.109,     20.784      
# span 25 =          1,        555      
# span 26 = 0.0000e+00, 0.0000e+00      
# interval = meters: 1                  
# start_time = Jul 11 2024 23:25:04 [System UTC, header]
# bad_flag = -9.990e-29
*END*
[from data line 430]
      14347 193.982659    597.737    440.773    15.8792    15.8818     0.0025   4.523970   4.524354      27.72          1   38.22291  -63.79491   0.000531    437.005    437.000    36.1276    26.6594  241.69709  241.45431    15.8087    1518.04    1518.04      1.058     10.817         23 0.0000e+00
      14371 193.982671    598.763    441.783    15.8656    15.8661     0.0005   4.522403   4.522502      13.11          1   38.22289  -63.79490   0.000184    437.999    438.000    36.1255    26.6610  241.76401  241.52194    15.7950    1518.01    1518.01      0.984     10.833         25 0.0000e+00
      14396 193.982683    599.780    442.792    15.8451    15.8441    -0.0010   4.519756   4.519848      57.38          1   38.22287  -63.79489   0.000350    439.002    439.000    36.1201    26.6615  241.86887  241.62783    15.7744    1517.95    1517.95      0.957     10.848         25 0.0000e+00
      14423 193.982696    600.924    443.802    15.8112    15.8100    -0.0012   4.515721   4.515749       1.39          1   38.22286  -63.79488   0.000294    440.002    440.000    36.1144    26.6648  242.03665  241.79735    15.7404    1517.86    1517.86      0.827     10.863         30 0.0000e+00
      14453 193.982710    602.166    444.812    15.7728    15.7711    -0.0017   4.511050   4.511097       0.68          1   38.22286  -63.79486   0.000346    440.994    441.000    36.1070    26.6680  242.22847  241.99115    15.7020    1517.75    1517.75      0.915     10.879         27 0.0000e+00
      14476 193.982721    603.134    445.821    15.7364    15.7361    -0.0004   4.506712   4.506873      24.15          1   38.22286  -63.79484   0.000465    441.995    442.000    36.1008    26.6715  242.40927  242.17383    15.6656    1517.65    1517.65      1.180     10.894         20 0.0000e+00
      14495 193.982731    603.915    446.831    15.7146    15.7144    -0.0002   4.504243   4.504348      34.52          1   38.22285  -63.79484   0.000256    442.998    443.000    36.0982    26.6744  242.51626  242.28197    15.6436    1517.59    1517.59      1.328     10.909         18 0.0000e+00
      14513 193.982739    604.655    447.841    15.6936    15.6903    -0.0033   4.501511   4.501326      48.57          1   38.22285  -63.79483   0.000332    444.003    444.000    36.0924    26.6748  242.62455  242.39133    15.6226    1517.54    1517.53      1.304     10.925         19 0.0000e+00
      14532 193.982749    605.476    448.851    15.6637    15.6647     0.0009   4.498188   4.498421       9.11          1   38.22288  -63.79482   0.000311    445.007    445.000    36.0893    26.6792  242.76995  242.53830    15.5926    1517.46    1517.46      1.121     10.940         21 0.0000e+00
      14557 193.982761    606.520    449.860    15.6491    15.6479    -0.0012   4.496336   4.496397       0.85          1   38.22286  -63.79480   0.000398    446.003    446.000    36.0855    26.6796  242.84491  242.61401    15.5779    1517.43    1517.42      0.889     10.955         29 0.0000e+00
      14587 193.982775    607.734    450.870    15.5848    15.5829    -0.0019   4.488462   4.488584       0.63          1   38.22285  -63.79479   0.000621    446.998    447.000    36.0729    26.6845  243.16909  242.94155    15.5136    1517.23    1517.23      0.863     10.970         28 0.0000e+00
      14613 193.982787    608.823    451.880    15.5026    15.4967    -0.0058   4.478169   4.478146       0.80          1   38.22283  -63.79478   0.000885    447.997    448.000    36.0548    26.6890  243.58795  243.36472    15.4315    1516.97    1516.95      1.003     10.985         24 0.0000e+00
      14636 193.982798    609.772    452.890    15.4210    15.4173    -0.0037   4.468895   4.468842      53.43          1   38.22281  -63.79477   0.000204    449.000    449.000    36.0451    26.7000  243.99080  243.77195    15.3500    1516.72    1516.71      1.066     11.000         22 0.0000e+00
      14659 193.982809    610.739    453.899    15.4062    15.4070     0.0007   4.467515   4.467622      61.62          1   38.22280  -63.79476   0.000180    450.003    450.000    36.0457    26.7038  244.05978  243.84175    15.3351    1516.69    1516.69      1.006     11.015         25 0.0000e+00
      14684 193.982821    611.772    454.909    15.3979    15.3986     0.0008   4.466547   4.466636      11.94          1   38.22280  -63.79475   0.000195    450.997    451.000    36.0442    26.7045  244.10205  243.88446    15.3266    1516.68    1516.68      1.026     11.030         24 0.0000e+00
      14706 193.982832    612.696    455.919    15.3852    15.3855     0.0003   4.465093   4.465151      30.33          1   38.22279  -63.79474   0.000141    451.997    452.000    36.0422    26.7059  244.16549  243.94858    15.3139    1516.65    1516.65      1.156     11.045         20 0.0000e+00
      14726 193.982842    613.534    456.929    15.3786    15.3791     0.0004   4.464367   4.464447       0.94          1   38.22278  -63.79474   0.000154    453.002    453.000    36.0413    26.7067  244.19847  243.98192    15.3071    1516.65    1516.65      1.166     11.060         21 0.0000e+00
      14748 193.982852    614.449    457.939    15.3721    15.3732     0.0011   4.463689   4.463790      30.66          1   38.22278  -63.79472   0.000123    454.005    454.000    36.0407    26.7077  244.23048  244.01428    15.3004    1516.64    1516.65      1.020     11.075         24 0.0000e+00
      14774 193.982865    615.536    458.948    15.3685    15.3695     0.0010   4.463312   4.463394      14.66          1   38.22276  -63.79470   0.000115    454.999    455.000    36.0402    26.7081  244.24842  244.03241    15.2967    1516.65    1516.65      0.928     11.090         27 0.0000e+00
      14799 193.982877    616.580    459.958    15.3639    15.3645     0.0006   4.462822   4.462877      28.04          1   38.22275  -63.79469   0.000091    455.997    456.000    36.0395    26.7087  244.27128  244.05552    15.2920    1516.65    1516.65      1.039     11.105         23 0.0000e+00
      14821 193.982888    617.501    460.968    15.3511    15.3507    -0.0005   4.461177   4.461215      17.53          1   38.22274  -63.79468   0.000269    457.002    457.000    36.0360    26.7088  244.33822  244.12314    15.2791    1516.62    1516.62      1.068     11.120         22 0.0000e+00
      14845 193.982899    618.508    461.978    15.3335    18.3304     2.9969   4.459250   4.472491       1.18          1   38.22273  -63.79467   0.000102    458.005    458.000    36.0342    26.7114  244.42491  244.21079    15.2614    1516.58    1517.59      0.924     11.135         27 0.0000e+00
      14873 193.982913    619.686    462.988    15.3217    15.2694    -0.0523   4.457878   4.574066      27.64          1   38.22272  -63.79465   0.000208    458.996    459.000    36.0322    26.7126  244.48470  244.27121    15.2494    1516.56    1517.78      0.904     11.150         27 0.0000e+00
      14898 193.982925    620.698    463.997    15.3104    15.3112     0.0007   4.456517   4.555262       3.82          1   38.22271  -63.79464   0.000284    459.997    460.000    36.0298    26.7132  244.54246  244.32959    15.2380    1516.54    1517.59      1.085     11.165         22 0.0000e+00
      14919 193.982935    621.581    465.007    15.2945    15.2947     0.0002   4.454628   4.541662       0.58          1   38.22270  -63.79464   0.000264    461.001    461.000    36.0268    26.7146  244.62343  244.41141    15.2220    1516.50    1517.42      1.132     11.180         21 0.0000e+00
      14941 193.982945    622.489    466.017    15.2820    15.2829     0.0010   4.453241   4.529743      21.16          1   38.22270  -63.79464   0.000205    462.002    462.000    36.0253    26.7163  244.68575  244.47441    15.2093    1516.48    1517.29      1.077     11.194         23 0.0000e+00
      14964 193.982957    623.463    467.027    15.2633    15.2643     0.0010   4.450869   4.517550      19.56          1   38.22270  -63.79462   0.000478    463.000    463.000    36.0205    26.7167  244.78301  244.57267    15.1906    1516.43    1517.14      1.035     11.209         24 0.0000e+00
      14987 193.982968    624.427    468.037    15.2476    15.2481     0.0005   4.449200   4.507164       4.92          1   38.22268  -63.79460   0.000101    463.996    464.000    36.0193    26.7193  244.85981  244.65034    15.1748    1516.40    1517.01      1.117     11.224         21 0.0000e+00
      15008 193.982978    625.274    469.047    15.2211    15.2220     0.0009   4.445776   4.497378      45.62          1   38.22270  -63.79460   0.000648    464.998    465.000    36.0121    26.7197  244.99881  244.79075    15.1482    1516.32    1516.87      1.228     11.239         20 0.0000e+00
      15027 193.982987    626.078    470.056    15.1900    15.1892    -0.0008   4.441786   4.487767       7.46          1   38.22268  -63.79458   0.000853    466.005    466.000    36.0039    26.7204  245.16160  244.95522    15.1170    1516.23    1516.72      1.159     11.254         20 0.0000e+00
      15052 193.982999    627.143    471.066    15.1335    15.1345     0.0010   4.435297   4.474939      12.23          1   38.22266  -63.79458   0.000587    467.009    467.000    35.9963    26.7270  245.44532  245.24205    15.0606    1516.06    1516.48      0.782     11.269         34 0.0000e+00
      15091 193.983018    628.749    472.076    15.0918    15.0957     0.0040   4.430405   4.462108      18.49          1   38.22265  -63.79455   0.000691    467.990    468.000    35.9897    26.7312  245.65699  245.45601    15.0188    1515.94    1516.29      0.741     11.283         34 0.0000e+00
      15116 193.983030    629.778    473.086    15.0654    15.0642    -0.0012   4.426946   4.453964       0.26          1   38.22264  -63.79454   0.000533    468.988    469.000    35.9819    26.7311  245.79689  245.59734    14.9924    1515.86    1516.15      1.219     11.298         19 0.0000e+00
      15133 193.983038    630.506    474.096    15.0156    15.0129    -0.0027   4.420586   4.444978      12.92          1   38.22264  -63.79454   0.000752    470.001    470.000    35.9693    26.7323  246.05847  245.86164    14.9426    1515.71    1515.96      1.384     11.313         17 0.0000e+00
      15150 193.983047    631.229    475.106    14.9545    14.9505    -0.0040   4.413124   4.435011      36.11          1   38.22262  -63.79452   0.000788    471.008    471.000    35.9568    26.7362  246.37451  246.18107    14.8815    1515.52    1515.74      1.279     11.328         19 0.0000e+00
      15172 193.983057    632.137    476.115    14.8771    14.8694    -0.0077   4.403503   4.422426       1.76          1   38.22262  -63.79452   0.000736    472.008    472.000    35.9396    26.7399  246.77873  246.58959    14.8042    1515.27    1515.46      0.979     11.342         25 0.0000e+00
      15202 193.983071    633.355    477.125    14.7477    14.7380    -0.0097   4.387773   4.403247      20.32          1   38.22262  -63.79450   0.000057    472.998    473.000    35.9141    26.7485  247.45121  247.26935    14.6751    1514.85    1514.99      0.820     11.357         31 0.0000e+00
      15229 193.983084    634.498    478.135    14.6391    14.6323    -0.0068   4.374382   4.387508      42.94          1   38.22260  -63.79448   0.000446    473.995    474.000    35.8907    26.7541  248.02179  247.84609    14.5667    1514.49    1514.62      1.014     11.371         24 0.0000e+00
      15255 193.983097    635.594    479.145    14.4854    14.4851    -0.0003   4.355073   4.367698      12.33          1   38.22260  -63.79447   0.001529    475.269    475.000    35.8541    26.7590  248.83964  248.67274    14.4134    1513.97    1514.11     -4.814     11.459         31 0.0000e+00
      15314 193.983125    638.038    480.155    14.4702    14.4715     0.0014   4.354147   4.362719      61.42          1   38.22258  -63.79445   0.000410    478.118    476.000    35.8593    26.7662  248.90546  248.73950    14.3980    1513.95    1514.04    373.785     13.416          1 0.0000e+00
      15327 193.983132    638.597    481.165    14.4695    14.4709     0.0014   4.354227   4.361956      72.72          1   38.22256  -63.79444   0.000168    478.766    477.000    35.8602    26.7672  248.90701  248.74110    14.3972    1513.96    1514.05    319.011     13.848          2 0.0000e+00
      15330 193.983133    638.714    482.175    14.4681    14.4683     0.0002   4.353979   4.361437      56.47          1   38.22256  -63.79444   0.000342    478.866    478.000    35.8587    26.7664  248.91627  248.75043    14.3957    1513.97    1514.06    156.170     13.862          4 0.0000e+00
      15340 193.983138    639.105    483.185    14.4564    14.4594     0.0030   4.352414   4.360023      37.28          1   38.22256  -63.79444   0.000625    479.181    479.000    35.8547    26.7659  248.98109  248.81592    14.3838    1513.95    1514.04     33.082     13.877         17 0.0000e+00
      15365 193.983150    640.177    484.195    14.4454    14.4479     0.0026   4.351325   4.357672       3.64          1   38.22256  -63.79442   0.000308    479.998    480.000    35.8544    26.7680  249.03590  248.87139    14.3727    1513.93    1514.00      0.714     13.891         31 0.0000e+00
      15393 193.983164    641.349    485.205    14.4227    14.4240     0.0013   4.348365   4.353809      42.60          1   38.22255  -63.79441   0.000588    480.991    481.000    35.8476    26.7676  249.15950  248.99629    14.3500    1513.87    1513.93      1.048     13.905         24 0.0000e+00
      15413 193.983173    642.178    486.214    14.1370    14.1100    -0.0270   4.309044   4.313314       0.04          1   38.22254  -63.79440   0.005035    481.994    482.000    35.7467    26.7505  250.75450  250.60775    14.0651    1512.84    1512.83      1.322     13.920         17 0.0000e+00
      15430 193.983182    642.890    487.224    13.9836    13.9745    -0.0091   4.294384   4.298130      24.42          1   38.22254  -63.79440  -0.000142    483.003    483.000    35.7519    26.7870  251.51248  251.37526    13.9121    1512.37    1512.39      1.344     13.934         18 0.0000e+00
      15450 193.983191    643.704    488.234    13.9703    13.9697    -0.0006   4.293204   4.296894      33.72          1   38.22254  -63.79439   0.000164    484.010    484.000    35.7527    26.7905  251.57749  251.44111    13.8987    1512.35    1512.39      1.081     13.948         23 0.0000e+00
      15478 193.983205    644.876    489.244    13.9565    13.9466    -0.0099   4.291599   4.293549      13.65          1   38.22253  -63.79438  -0.000934    485.000    485.000    35.7501    26.7914  251.65139  251.51585    13.8848    1512.31    1512.32      0.803     13.962         31 0.0000e+00
      15507 193.983219    646.082    490.254    13.9177    13.9074    -0.0103   4.286850   4.288331      26.49          1   38.22252  -63.79436  -0.001015    485.992    486.000    35.7414    26.7929  251.86226  251.72908    13.8459    1512.20    1512.19      1.005     13.976         24 0.0000e+00
      15528 193.983229    646.953    491.264    13.8864    13.8757    -0.0107   4.283030   4.284288      54.94          1   38.22250  -63.79434  -0.000463    486.998    487.000    35.7343    26.7940  252.03224  251.90096    13.8146    1512.10    1512.09      1.203     13.991         20 0.0000e+00
      15548 193.983238    647.775    492.274    13.8665    13.8602    -0.0064   4.280952   4.282370      30.04          1   38.22250  -63.79434  -0.000615    488.007    488.000    35.7329    26.7971  252.13487  252.00482    13.7947    1512.05    1512.06      1.119     14.005         21 0.0000e+00
      15573 193.983250    648.826    493.284    13.8093    13.8098     0.0005   4.274132   4.275973      38.44          1   38.22249  -63.79433   0.000613    489.004    489.000    35.7218    26.8004  252.44350  252.31696    13.7375    1511.87    1511.89      0.873     14.019         29 0.0000e+00
