ctd/proc/en717_02_avg.cnv
* Sea-Bird SBE 9 Data File:
* FileName = D:\ctd\raw\EN717_02.hdr
* Software Version Seasave V 7.26.7.121
* Temperature SN = 4695
* Conductivity SN = 0618
* Number of Bytes Per Scan = 40
* Number of Voltage Words = 5
* Number of Scans Averaged by the Deck Unit = 1
* NMEA Latitude = 39 26.35 N
* NMEA Longitude = 071 17.87 W
* NMEA UTC (Time) = Jun 08 2024  17:08:20
* NMEA baud rate = 4800
** Ship: R/V Endeavor
** Cruise: EN717
** Principal Investigator: David Smith
** Chief Scientist: David Smith
** Project: RITAS
** Cruise Start Date: 07 June 2024
** Ports: from and to GSO, Narragansett, RI
** Station:  02
** Bottom Depth (m):
** Operator:
# nquan = 36
# nvalues = 1033                        
# units = specified
# name 0 = scan: Scan Count
# name 1 = timeJ: Julian Days
# name 2 = timeS: Time, Elapsed [seconds]
# name 3 = prDM: Pressure, Digiquartz [db]
# name 4 = t090C: Temperature [ITS-90, deg C]
# name 5 = t190C: Temperature, 2 [ITS-90, deg C]
# name 6 = T2-T190C: Temperature Difference, 2 - 1 [ITS-90, deg C]
# name 7 = c0S/m: Conductivity [S/m]
# name 8 = c1S/m: Conductivity, 2 [S/m]
# name 9 = CStarAt0: Beam Attenuation, WET Labs C-Star [1/m]
# name 10 = CStarTr0: Beam Transmission, WET Labs C-Star [%]
# name 11 = flECO-AFL: Fluorescence, WET Labs ECO-AFL/FL [mg/m^3]
# name 12 = altM: Altimeter [m]
# name 13 = sbeox0V: Oxygen raw, SBE 43 [V]
# name 14 = sbeox1V: Oxygen raw, SBE 43, 2 [V]
# name 15 = par: PAR/Irradiance, Biospherical/Licor [umol photons/m^2/sec]
# name 16 = cpar: CPAR/Corrected Irradiance [%]
# name 17 = spar: SPAR, Biospherical/Licor [umol photons/m^2/sec]
# name 18 = pumps: Pump Status
# name 19 = latitude: Latitude [deg]
# name 20 = longitude: Longitude [deg]
# name 21 = C2-C1S/m: Conductivity Difference, 2 - 1 [S/m]
# name 22 = depSM: Depth [salt water, m]
# name 23 = depSM: Depth [salt water, m], lat = 39.4392
# name 24 = sal00: Salinity, Practical [PSU]
# name 25 = sigma-é00: Density [sigma-theta, kg/m^3]
# name 26 = sbox0Mm/Kg: Oxygen, SBE 43 [umol/kg], WS = 2
# name 27 = oxsolMm/Kg: Oxygen Saturation, Garcia & Gordon [umol/kg]
# name 28 = oxsatMm/Kg: Oxygen Saturation, Weiss [umol/kg]
# name 29 = potemp090C: Potential Temperature [ITS-90, deg C]
# name 30 = svCM: Sound Velocity [Chen-Millero, m/s]
# name 31 = svCM1: Sound Velocity, 2 [Chen-Millero, m/s]
# name 32 = dz/dtM: Descent Rate [m/s], WS = 2
# name 33 = gpa: Geopotential Anomaly [J/kg]
# name 34 = nbin: number of scans per bin
# name 35 = flag: flag
# span 0 =       1506,      33275       
# span 1 = 160.714881, 160.730202       
# span 2 =     62.704,   1386.420       
# span 3 =     13.100,   1055.691       
# span 4 =     4.4154,    12.1935       
# span 5 =     4.4149,    12.1932       
# span 6 =    -0.0425,     0.0551       
# span 7 =   3.191260,   4.067849       
# span 8 =   3.190857,   4.067344       
# span 9 =     0.4543,     0.9862       
# span 10 =    78.1510,    89.2634      
# span 11 =    -0.0104,     3.3393      
# span 12 =      -0.25,      50.79      
# span 13 =     2.2582,     4.0711      
# span 14 =     1.5333,     2.8371      
# span 15 = -2.286e-07, 4.7403e+02      
# span 16 = -9.818e-09, 2.0364e+01      
# span 17 = 2.3229e+03, 2.3283e+03      
# span 18 =          1,          1      
# span 19 =   39.43602,   39.43916      
# span 20 =  -71.29788,  -71.29629      
# span 21 =  -0.006670,   0.007106      
# span 22 =     13.001,   1045.005      
# span 23 =     13.000,   1045.000      
# span 24 =    32.0227,    35.4184      
# span 25 =    24.5720,    27.7390      
# span 26 =    154.436,    352.063      
# span 27 =  261.49159,  311.71418      
# span 28 =  261.47120,  312.47965      
# span 29 =     4.3313,    12.1705      
# span 30 =    1471.98,    1500.92      
# span 31 =    1471.97,    1500.91      
# span 32 =      0.033,      1.252      
# span 33 =      0.165,      9.251      
# span 34 =         19,       1662      
# span 35 = 0.0000e+00, 0.0000e+00      
# interval = meters: 1                  
# start_time = Jun 08 2024 17:08:23 [System UTC, header]
# bad_flag = -9.990e-29
*END*
[from data line 807]
      25919 160.726654   1079.922    827.939     4.8044     4.8042    -0.0002   3.365183   3.365018     0.4573    89.1973    -0.0035       0.42     2.8542     1.9205 1.0000e-12 4.2984e-14 2.3265e+03          1   39.43672  -71.29686  -0.000159    819.996    820.000    35.0016    27.7069    264.772  308.80203  309.51486     4.7370    1483.56    1483.55      1.100      8.153         21 0.0000e+00
      25940 160.726664   1080.783    828.950     4.8031     4.8030    -0.0001   3.365111   3.364961     0.4558    89.2297     0.0058       0.33     2.8537     1.9204 1.0000e-12 4.2984e-14 2.3265e+03          1   39.43672  -71.29686  -0.000134    821.001    821.000    35.0016    27.7071    264.736  308.81170  309.52472     4.7356    1483.57    1483.57      1.175      8.158         21 0.0000e+00
      25961 160.726674   1081.650    829.962     4.8018     4.8017    -0.0002   3.365059   3.364926     0.4561    89.2234    -0.0067       0.42     2.8533     1.9201 1.0000e-12 4.2984e-14 2.3265e+03          1   39.43672  -71.29686  -0.000143    822.005    822.000    35.0018    27.7074    264.897  308.82049  309.53368     4.7343    1483.58    1483.58      1.086      8.162         21 0.0000e+00
      25986 160.726687   1082.726    830.974     4.7992     4.7991    -0.0001   3.364860   3.364726     0.4559    89.2270    -0.0045       0.58     2.8532     1.9193 1.0000e-12 4.3011e-14 2.3250e+03          1   39.43672  -71.29686  -0.000115    823.004    823.000    35.0018    27.7077    264.899  308.83992  309.55347     4.7316    1483.59    1483.58      0.847      8.167         31 0.0000e+00
      26017 160.726701   1083.989    831.985     4.7978     4.7974    -0.0003   3.364809   3.364652     0.4563    89.2185     0.0061       0.34     2.8532     1.9210 1.0000e-12 4.2991e-14 2.3261e+03          1   39.43672  -71.29686  -0.000176    823.996    824.000    35.0022    27.7082    265.033  308.84948  309.56322     4.7301    1483.60    1483.59      0.874      8.172         28 0.0000e+00
      26042 160.726713   1085.038    832.997     4.7958     4.7959     0.0001   3.364706   3.364572     0.4565    89.2145    -0.0032       0.58     2.8533     1.9216 1.0000e-12 4.2984e-14 2.3265e+03          1   39.43670  -71.29684  -0.000086    824.996    825.000    35.0025    27.7087    265.166  308.86301  309.57703     4.7280    1483.61    1483.60      1.030      8.177         23 0.0000e+00
      26065 160.726724   1085.982    834.009     4.7909     4.7907    -0.0003   3.364277   3.364115     0.4561    89.2245    -0.0066       0.31     2.8536     1.9217 1.0000e-12 4.2996e-14 2.3259e+03          1   39.43670  -71.29684  -0.000142    826.002    826.000    35.0021    27.7089    265.236  308.89969  309.61435     4.7231    1483.60    1483.60      1.044      8.182         23 0.0000e+00
      26089 160.726736   1087.007    835.021     4.7873     4.7873    -0.0000   3.363961   3.363829     0.4561    89.2226    -0.0007       0.47     2.8538     1.9217 1.0000e-12 4.3017e-14 2.3246e+03          1   39.43670  -71.29684  -0.000115    827.004    827.000    35.0018    27.7090    265.442  308.92712  309.64226     4.7194    1483.60    1483.60      0.915      8.187         27 0.0000e+00
      26118 160.726750   1088.200    836.032     4.7845     4.7843    -0.0002   3.363743   3.363585     0.4559    89.2287     0.0016       0.44     2.8544     1.9216 1.0000e-12 4.3018e-14 2.3246e+03          1   39.43670  -71.29684  -0.000147    827.998    828.000    35.0016    27.7093    265.588  308.94780  309.66332     4.7165    1483.61    1483.61      0.869      8.191         28 0.0000e+00
      26144 160.726763   1089.281    837.044     4.7819     4.7818    -0.0001   3.363535   3.363386     0.4559    89.2288     0.0022       0.45     2.8552     1.9217 1.0000e-12 4.3018e-14 2.3246e+03          1   39.43670  -71.29684  -0.000131    828.998    829.000    35.0015    27.7094    265.592  308.96743  309.68328     4.7139    1483.61    1483.61      1.017      8.196         24 0.0000e+00
      26166 160.726773   1090.217    838.056     4.7800     4.7797    -0.0003   3.363419   3.363248     0.4564    89.2172    -0.0000       0.41     2.8549     1.9217 1.0000e-12 4.3016e-14 2.3247e+03          1   39.43668  -71.29684  -0.000168    829.999    830.000    35.0016    27.7097    265.421  308.98107  309.69719     4.7119    1483.62    1483.62      1.096      8.201         22 0.0000e+00
      26188 160.726784   1091.136    839.068     4.7779     4.7778    -0.0001   3.363269   3.363121     0.4574    89.1958    -0.0056       0.47     2.8545     1.9211 1.0000e-12 4.3018e-14 2.3246e+03          1   39.43668  -71.29684  -0.000130    831.003    831.000    35.0016    27.7100    265.340  308.99677  309.71318     4.7097    1483.63    1483.63      1.055      8.206         22 0.0000e+00
      26213 160.726796   1092.176    840.079     4.7758     4.7756    -0.0003   3.363186   3.363030     0.4562    89.2208    -0.0036       0.57     2.8538     1.9211 1.0000e-12 4.3018e-14 2.3246e+03          1   39.43668  -71.29684  -0.000155    832.004    832.000    35.0022    27.7108    265.390  309.01011  309.72681     4.7076    1483.64    1483.64      0.899      8.211         28 0.0000e+00
      26242 160.726810   1093.373    841.091     4.7742     4.7740    -0.0001   3.363076   3.362922     0.4561    89.2236     0.0028       0.61     2.8535     1.9209 1.0000e-12 4.3018e-14 2.3246e+03          1   39.43668  -71.29684  -0.000132    832.997    833.000    35.0022    27.7109    265.297  309.02236  309.73928     4.7058    1483.65    1483.65      0.882      8.216         28 0.0000e+00
      26267 160.726822   1094.437    842.103     4.7691     4.7688    -0.0004   3.362630   3.362462     0.4574    89.1944    -0.0069       0.39     2.8525     1.9205 1.0000e-12 4.3026e-14 2.3242e+03          1   39.43670  -71.29684  -0.000151    833.997    834.000    35.0018    27.7112    265.353  309.06029  309.77788     4.7007    1483.65    1483.64      1.025      8.220         23 0.0000e+00
      26290 160.726833   1095.373    843.114     4.7670     4.7667    -0.0002   3.362461   3.362298     0.4562    89.2206    -0.0070       0.35     2.8527     1.9207 1.0000e-12 4.3033e-14 2.3238e+03          1   39.43670  -71.29684  -0.000148    835.001    835.000    35.0016    27.7113    265.573  309.07659  309.79447     4.6985    1483.65    1483.65      1.079      8.225         23 0.0000e+00
      26313 160.726844   1096.321    844.126     4.7640     4.7642     0.0001   3.362201   3.362083     0.4562    89.2206     0.0052       0.46     2.8528     1.9212 1.0000e-12 4.3018e-14 2.3246e+03          1   39.43670  -71.29684  -0.000076    836.002    836.000    35.0011    27.7112    265.815  309.09928  309.81754     4.6955    1483.66    1483.66      1.033      8.230         23 0.0000e+00
      26337 160.726856   1097.348    845.138     4.7578     4.7578     0.0000   3.361643   3.361502     0.4560    89.2251     0.0040       0.42     2.8537     1.9208 1.0000e-12 4.3018e-14 2.3246e+03          1   39.43670  -71.29684  -0.000123    837.002    837.000    35.0006    27.7116    266.101  309.14594  309.86502     4.6892    1483.65    1483.65      0.942      8.235         26 0.0000e+00
      26364 160.726869   1098.479    846.150     4.7539     4.7538    -0.0001   3.361288   3.361152     0.4562    89.2202    -0.0052       0.34     2.8546     1.9214 1.0000e-12 4.3018e-14 2.3246e+03          1   39.43668  -71.29684  -0.000110    838.001    838.000    35.0002    27.7116    266.161  309.17602  309.89561     4.6852    1483.65    1483.65      0.862      8.240         28 0.0000e+00
      26393 160.726883   1099.680    847.162     4.7502     4.7499    -0.0002   3.360972   3.360822     0.4560    89.2254     0.0034       0.49     2.8548     1.9214 1.0000e-12 4.3018e-14 2.3246e+03          1   39.43668  -71.29683  -0.000143    838.999    839.000    34.9999    27.7118    266.211  309.20392  309.92401     4.6814    1483.65    1483.65      0.863      8.245         29 0.0000e+00
      26420 160.726896   1100.798    848.173     4.7464     4.7466     0.0001   3.360653   3.360520     0.4565    89.2145    -0.0024       0.51     2.8554     1.9207 1.0000e-12 4.3018e-14 2.3246e+03          1   39.43668  -71.29683  -0.000091    839.997    840.000    34.9996    27.7120    266.214  309.23205  309.95264     4.6776    1483.65    1483.65      0.968      8.249         25 0.0000e+00
      26444 160.726907   1101.781    849.185     4.7422     4.7420    -0.0003   3.360282   3.360132     0.4570    89.2041    -0.0010       0.57     2.8551     1.9204 1.0000e-12 4.3018e-14 2.3246e+03          1   39.43668  -71.29682  -0.000138    840.998    841.000    34.9992    27.7122    266.402  309.26383  309.98497     4.6734    1483.65    1483.65      1.078      8.254         22 0.0000e+00
      26465 160.726918   1102.684    850.197     4.7393     4.7392    -0.0000   3.360055   3.359908     0.4562    89.2224    -0.0037       0.38     2.8561     1.9206 1.0000e-12 4.3020e-14 2.3245e+03          1   39.43668  -71.29682  -0.000118    842.000    842.000    34.9991    27.7124    266.832  309.28559  310.00712     4.6704    1483.65    1483.65      1.135      8.259         22 0.0000e+00
      26487 160.726928   1103.566    851.209     4.7324     4.7328     0.0004   3.359434   3.359321     0.4566    89.2134    -0.0059       0.35     2.8573     1.9218 1.0000e-12 4.3018e-14 2.3246e+03          1   39.43668  -71.29682  -0.000047    843.001    843.000    34.9985    27.7128    267.077  309.33718  310.05963     4.6635    1483.64    1483.64      1.128      8.264         21 0.0000e+00
      26509 160.726939   1104.488    852.221     4.7240     4.7241     0.0001   3.358649   3.358514     0.4564    89.2165    -0.0007       0.45     2.8582     1.9237 1.0000e-12 4.3018e-14 2.3246e+03          1   39.43668  -71.29682  -0.000079    844.002    844.000    34.9977    27.7131    267.368  309.40083  310.12439     4.6550    1483.62    1483.62      1.049      8.269         23 0.0000e+00
      26533 160.726950   1105.513    853.232     4.7197     4.7192    -0.0005   3.358275   3.358115     0.4564    89.2178     0.0025       0.40     2.8596     1.9251 1.0000e-12 4.3018e-14 2.3246e+03          1   39.43668  -71.29682  -0.000155    845.004    845.000    34.9974    27.7134    267.223  309.43352  310.15766     4.6506    1483.62    1483.62      0.920      8.273         26 0.0000e+00
      26563 160.726965   1106.741    854.244     4.7173     4.7172    -0.0001   3.358076   3.357947     0.4559    89.2277    -0.0052       0.38     2.8596     1.9266 1.0000e-12 4.3018e-14 2.3246e+03          1   39.43669  -71.29682  -0.000111    846.003    846.000    34.9971    27.7134    267.343  309.45175  310.17620     4.6482    1483.63    1483.63      0.755      8.278         33 0.0000e+00
      26597 160.726981   1108.149    855.256     4.7115     4.7114    -0.0001   3.357557   3.357413     0.4562    89.2217    -0.0035       0.45     2.8608     1.9278 1.0000e-12 4.3018e-14 2.3246e+03          1   39.43670  -71.29682  -0.000104    846.997    847.000    34.9966    27.7137    267.812  309.49542  310.22065     4.6423    1483.62    1483.62      0.787      8.283         32 0.0000e+00
      26624 160.726994   1109.274    856.268     4.6982     4.6987     0.0005   3.356301   3.356186     0.4567    89.2101    -0.0042       0.60     2.8624     1.9279 1.0000e-12 4.3018e-14 2.3246e+03          1   39.43668  -71.29682  -0.000021    847.995    848.000    34.9955    27.7143    268.161  309.59606  310.32306     4.6290    1483.58    1483.58      1.028      8.288         23 0.0000e+00
      26645 160.727004   1110.172    857.280     4.6900     4.6903     0.0002   3.355561   3.355422     0.4564    89.2177    -0.0060       0.43     2.8633     1.9280 1.0000e-12 4.3018e-14 2.3246e+03          1   39.43668  -71.29682  -0.000096    848.998    849.000    34.9949    27.7147    268.269  309.65711  310.38518     4.6208    1483.56    1483.56      1.162      8.293         21 0.0000e+00
      26665 160.727014   1111.021    858.291     4.6864     4.6864    -0.0001   3.355235   3.355104     0.4560    89.2254     0.0007       0.39     2.8640     1.9281 1.0000e-12 4.2991e-14 2.3261e+03          1   39.43668  -71.29682  -0.000108    850.000    850.000    34.9944    27.7147    268.211  309.68493  310.41348     4.6172    1483.57    1483.56      1.208      8.297         20 0.0000e+00
      26685 160.727024   1111.847    859.303     4.6824     4.6825     0.0001   3.354881   3.354766     0.4559    89.2278    -0.0011       0.37     2.8641     1.9281 1.0000e-12 4.2992e-14 2.3260e+03          1   39.43668  -71.29682  -0.000088    851.004    851.000    34.9940    27.7149    268.098  309.71552  310.44461     4.6131    1483.56    1483.56      1.148      8.302         20 0.0000e+00
      26710 160.727036   1112.877    860.315     4.6816     4.6813    -0.0003   3.354837   3.354701     0.4570    89.2028     0.0050       0.43     2.8636     1.9278 1.0000e-12 4.3016e-14 2.3247e+03          1   39.43668  -71.29682  -0.000132    852.007    852.000    34.9938    27.7148    268.040  309.72200  310.45119     4.6122    1483.58    1483.58      0.851      8.307         31 0.0000e+00
      26742 160.727051   1114.226    861.327     4.6807     4.6803    -0.0003   3.354798   3.354645     0.4572    89.1980    -0.0019       0.42     2.8639     1.9279 1.0000e-12 4.3016e-14 2.3247e+03          1   39.43668  -71.29682  -0.000148    852.997    853.000    34.9938    27.7149    268.372  309.72869  310.45801     4.6112    1483.59    1483.59      0.798      8.312         31 0.0000e+00
      26770 160.727064   1115.364    862.339     4.6778     4.6779     0.0001   3.354590   3.354451     0.4558    89.2291     0.0040       0.52     2.8647     1.9277 1.0000e-12 4.3018e-14 2.3246e+03          1   39.43666  -71.29682  -0.000112    853.998    854.000    34.9939    27.7153    268.709  309.74957  310.47928     4.6082    1483.60    1483.59      0.968      8.317         24 0.0000e+00
      26793 160.727076   1116.353    863.351     4.6709     4.6710     0.0001   3.353974   3.353836     0.4559    89.2289    -0.0040       0.51     2.8658     1.9280 1.0000e-12 4.3018e-14 2.3246e+03          1   39.43666  -71.29680  -0.000092    855.000    855.000    34.9935    27.7158    268.780  309.80162  310.53227     4.6013    1483.58    1483.58      1.045      8.321         23 0.0000e+00
      26816 160.727087   1117.308    864.363     4.6660     4.6655    -0.0005   3.353536   3.353356     0.4558    89.2299     0.0004       0.49     2.8656     1.9286 1.0000e-12 4.3018e-14 2.3246e+03          1   39.43666  -71.29680  -0.000152    856.000    856.000    34.9930    27.7160    268.669  309.83854  310.56983     4.5964    1483.58    1483.58      1.062      8.326         23 0.0000e+00
      26839 160.727098   1118.259    865.374     4.6639     4.6639    -0.0001   3.353369   3.353233     0.4559    89.2268    -0.0093       0.52     2.8660     1.9303 1.0000e-12 4.3018e-14 2.3246e+03          1   39.43666  -71.29680  -0.000124    857.001    857.000    34.9927    27.7160    268.997  309.85461  310.58618     4.5942    1483.59    1483.59      1.061      8.331         23 0.0000e+00
      26862 160.727109   1119.219    866.386     4.6600     4.6599    -0.0001   3.353030   3.352879     0.4561    89.2229    -0.0079       0.36     2.8672     1.9309 1.0000e-12 4.3018e-14 2.3246e+03          1   39.43664  -71.29680  -0.000112    858.001    858.000    34.9924    27.7162    269.313  309.88432  310.61640     4.5902    1483.59    1483.59      1.034      8.336         24 0.0000e+00
