ctd/proc/EN719_CTD11_avg.cnv
* Sea-Bird SBE 9 Data File:
* FileName = D:\ctd\raw\EN719_CTD11.hdr
* Software Version Seasave V 7.26.7.121
* Temperature SN = 4333
* Conductivity SN = 0864
* Number of Bytes Per Scan = 37
* Number of Voltage Words = 4
* Number of Scans Averaged by the Deck Unit = 1
* NMEA Latitude = 38 18.58 N
* NMEA Longitude = 062 43.55 W
* NMEA UTC (Time) = Jul 24 2024  17:15:26
* NMEA baud rate = 4800
** Ship: R/V Endeavor
** Cruise: EN719
** Principal Investigator: Chad Smith
** Chief Scientist: Chad Smith
** Project: NESMA24
** Cruise Start Date: 7 July 2024
** Ports: GSO, Narragansett RI to GSO, Narragansett RI
** Station:  CTD_11
** Bottom Depth: 5012
** Operator:  LB
# nquan = 27
# nvalues = 1989                        
# units = specified
# name 0 = scan: Scan Count
# name 1 = timeJ: Julian Days
# name 2 = timeS: Time, Elapsed [seconds]
# name 3 = prDM: Pressure, Digiquartz [db]
# name 4 = t090C: Temperature [ITS-90, deg C]
# name 5 = t190C: Temperature, 2 [ITS-90, deg C]
# name 6 = T2-T190C: Temperature Difference, 2 - 1 [ITS-90, deg C]
# name 7 = c0S/m: Conductivity [S/m]
# name 8 = c1S/m: Conductivity, 2 [S/m]
# name 9 = altM: Altimeter [m]
# name 10 = pumps: Pump Status
# name 11 = latitude: Latitude [deg]
# name 12 = longitude: Longitude [deg]
# name 13 = C2-C1S/m: Conductivity Difference, 2 - 1 [S/m]
# name 14 = depSM: Depth [salt water, m]
# name 15 = depSM: Depth [salt water, m], lat = 38.3097
# name 16 = sal00: Salinity, Practical [PSU]
# name 17 = sigma-é00: Density [sigma-theta, kg/m^3]
# name 18 = oxsolMm/Kg: Oxygen Saturation, Garcia & Gordon [umol/kg]
# name 19 = oxsatMm/Kg: Oxygen Saturation, Weiss [umol/kg]
# name 20 = potemp090C: Potential Temperature [ITS-90, deg C]
# name 21 = svCM: Sound Velocity [Chen-Millero, m/s]
# name 22 = svCM1: Sound Velocity, 2 [Chen-Millero, m/s]
# name 23 = dz/dtM: Descent Rate [m/s], WS = 2
# name 24 = gpa: Geopotential Anomaly [J/kg]
# name 25 = nbin: number of scans per bin
# name 26 = flag: flag
# span 0 =       1104,      57458       
# span 1 = 206.719618, 206.746794       
# span 2 =     45.962,   2394.029       
# span 3 =     13.099,   2025.904       
# span 4 =     3.9590,    27.5351       
# span 5 =     3.9599,    27.5339       
# span 6 =    -0.0428,     0.0098       
# span 7 =   3.336508,   5.729139       
# span 8 =   3.336640,   5.729286       
# span 9 =     -10.00,      89.95       
# span 10 =          1,          1      
# span 11 =   38.30754,   38.30966      
# span 12 =  -62.72573,  -62.72396      
# span 13 =  -0.001947,   0.000927      
# span 14 =     13.001,   2001.014      
# span 15 =     13.000,   2001.000      
# span 16 =    34.9678,    36.7679      
# span 17 =    23.3315,    27.7825      
# span 18 =  197.03451,  315.18327      
# span 19 =  196.52540,  316.01285      
# span 20 =     3.7896,    27.5320      
# span 21 =    1492.36,    1541.62      
# span 22 =    1492.37,    1541.62      
# span 23 =      0.004,      1.696      
# span 24 =      0.275,     22.307      
# span 25 =          8,        733      
# span 26 = 0.0000e+00, 0.0000e+00      
# interval = meters: 1                  
# start_time = Jul 24 2024 17:15:29 [System UTC, header]
# bad_flag = -9.990e-29
*END*
[from data line 1719]
      48750 206.742595   2031.225   1752.430     4.2207     4.2215     0.0009   3.349690   3.349799      51.63          1   38.30760  -62.72474   0.000115   1732.007   1732.000    34.9776    27.7606  313.18466  313.97718     4.0741    1496.50    1496.50      1.074     20.886         23 0.0000e+00
      48778 206.742608   2032.361   1753.446     4.2194     4.2203     0.0009   3.349613   3.349719       1.33          1   38.30760  -62.72474   0.000110   1733.002   1733.000    34.9775    27.7607  313.19437  313.98706     4.0727    1496.51    1496.51      0.823     20.891         31 0.0000e+00
      48807 206.742622   2033.568   1754.462     4.2176     4.2183     0.0007   3.349472   3.349571       0.65          1   38.30760  -62.72474   0.000114   1733.989   1734.000    34.9773    27.7607  313.20844  314.00138     4.0709    1496.52    1496.52      1.080     20.896         23 0.0000e+00
      48825 206.742631   2034.346   1755.478     4.2166     4.2175     0.0009   3.349452   3.349562      55.71          1   38.30760  -62.72474   0.000092   1734.990   1735.000    34.9776    27.7610  313.21506  314.00814     4.0698    1496.53    1496.54      1.448     20.902         17 0.0000e+00
      48841 206.742639   2034.981   1756.494     4.2172     4.2181     0.0010   3.349540   3.349668      20.12          1   38.30762  -62.72474   0.000128   1735.999   1736.000    34.9776    27.7610  313.21103  314.00404     4.0703    1496.55    1496.56      1.591     20.907         14 0.0000e+00
      48856 206.742646   2035.605   1757.511     4.2169     4.2179     0.0010   3.349564   3.349693       0.60          1   38.30762  -62.72474   0.000122   1737.011   1737.000    34.9776    27.7611  313.21291  314.00596     4.0699    1496.57    1496.57      1.469     20.912         16 0.0000e+00
      48876 206.742656   2036.475   1758.527     4.2166     4.2174     0.0008   3.349591   3.349695       0.70          1   38.30762  -62.72474   0.000104   1738.016   1738.000    34.9778    27.7613  313.21486  314.00796     4.0695    1496.58    1496.59      0.923     20.917         30 0.0000e+00
      48919 206.742676   2038.245   1759.543     4.2164     4.2171     0.0007   3.349622   3.349715      33.38          1   38.30762  -62.72474   0.000096   1738.990   1739.000    34.9779    27.7613  313.21604  314.00917     4.0692    1496.60    1496.60      0.580     20.922         41 0.0000e+00
      48947 206.742690   2039.415   1760.559     4.2137     4.2143     0.0006   3.349401   3.349482       0.38          1   38.30764  -62.72474   0.000104   1739.996   1740.000    34.9776    27.7614  313.23680  314.03029     4.0665    1496.60    1496.61      1.040     20.928         24 0.0000e+00
      48968 206.742700   2040.308   1761.575     4.2114     4.2122     0.0008   3.349203   3.349301      30.79          1   38.30764  -62.72474   0.000106   1740.997   1741.000    34.9772    27.7614  313.25503  314.04884     4.0641    1496.61    1496.61      1.198     20.933         20 0.0000e+00
      48988 206.742710   2041.116   1762.591     4.2102     4.2110     0.0008   3.349120   3.349218      27.81          1   38.30764  -62.72474   0.000103   1741.999   1742.000    34.9770    27.7613  313.26444  314.05841     4.0628    1496.62    1496.63      1.288     20.938         19 0.0000e+00
      49006 206.742719   2041.886   1763.607     4.2093     4.2101     0.0008   3.349063   3.349177       4.92          1   38.30764  -62.72475   0.000124   1743.000   1743.000    34.9768    27.7613  313.27181  314.06591     4.0618    1496.64    1496.64      1.321     20.943         18 0.0000e+00
      49025 206.742728   2042.656   1764.623     4.2081     4.2089     0.0007   3.348989   3.349086      31.48          1   38.30764  -62.72476   0.000103   1744.005   1744.000    34.9767    27.7613  313.28085  314.07511     4.0606    1496.65    1496.65      1.259     20.949         19 0.0000e+00
      49046 206.742738   2043.523   1765.639     4.2071     4.2079     0.0008   3.348922   3.349034       1.12          1   38.30764  -62.72476   0.000116   1745.007   1745.000    34.9766    27.7613  313.28921  314.08362     4.0594    1496.66    1496.67      1.057     20.954         23 0.0000e+00
      49072 206.742750   2044.633   1766.655     4.2061     4.2070     0.0009   3.348889   3.348995      12.63          1   38.30764  -62.72476   0.000106   1745.998   1746.000    34.9767    27.7615  313.29602  314.09056     4.0584    1496.67    1496.68      0.907     20.959         28 0.0000e+00
      49097 206.742762   2045.675   1767.671     4.2055     4.2065     0.0009   3.348893   3.349000      13.08          1   38.30764  -62.72476   0.000105   1746.995   1747.000    34.9768    27.7617  313.29997  314.09460     4.0577    1496.69    1496.69      1.104     20.964         22 0.0000e+00
      49117 206.742772   2046.519   1768.687     4.2053     4.2062     0.0009   3.348911   3.349021       0.65          1   38.30764  -62.72476   0.000109   1748.002   1748.000    34.9768    27.7618  313.30189  314.09655     4.0574    1496.70    1496.71      1.196     20.969         20 0.0000e+00
      49138 206.742782   2047.380   1769.703     4.2050     4.2059     0.0009   3.348928   3.349037       0.70          1   38.30764  -62.72476   0.000108   1749.003   1749.000    34.9768    27.7618  313.30400  314.09870     4.0570    1496.72    1496.72      1.125     20.975         22 0.0000e+00
      49161 206.742793   2048.348   1770.719     4.2051     4.2061     0.0009   3.348999   3.349109       0.56          1   38.30764  -62.72476   0.000105   1750.003   1750.000    34.9770    27.7620  313.30267  314.09736     4.0570    1496.74    1496.74      0.981     20.980         25 0.0000e+00
      49188 206.742806   2049.475   1771.735     4.2043     4.2051     0.0008   3.348983   3.349085      21.67          1   38.30764  -62.72476   0.000109   1751.001   1751.000    34.9772    27.7622  313.30829  314.10310     4.0561    1496.75    1496.76      0.875     20.985         28 0.0000e+00
      49216 206.742820   2050.620   1772.751     4.2002     4.2008     0.0006   3.348620   3.348714       0.30          1   38.30764  -62.72476   0.000118   1751.997   1752.000    34.9768    27.7623  313.34030  314.13569     4.0519    1496.75    1496.75      0.965     20.990         26 0.0000e+00
      49239 206.742831   2051.585   1773.767     4.1988     4.1997     0.0009   3.348562   3.348664      29.00          1   38.30764  -62.72476   0.000098   1752.997   1753.000    34.9771    27.7627  313.34983  314.14541     4.0505    1496.76    1496.77      1.133     20.996         21 0.0000e+00
      49259 206.742841   2052.431   1774.783     4.1987     4.1996     0.0009   3.348589   3.348691      31.63          1   38.30764  -62.72476   0.000100   1753.999   1754.000    34.9770    27.7627  313.35084  314.14644     4.0503    1496.78    1496.78      1.218     21.001         20 0.0000e+00
      49279 206.742850   2053.256   1775.799     4.1993     4.2002     0.0009   3.348701   3.348814      46.05          1   38.30764  -62.72476   0.000110   1755.002   1755.000    34.9773    27.7628  313.34605  314.14157     4.0507    1496.80    1496.81      1.200     21.006         20 0.0000e+00
      49300 206.742860   2054.134   1776.816     4.1982     4.1987     0.0005   3.348640   3.348713      19.16          1   38.30764  -62.72476   0.000073   1756.003   1756.000    34.9772    27.7629  313.35418  314.14985     4.0496    1496.81    1496.81      1.108     21.011         22 0.0000e+00
      49323 206.742872   2055.104   1777.832     4.1964     4.1969     0.0006   3.348469   3.348548      20.13          1   38.30764  -62.72476   0.000104   1757.002   1757.000    34.9766    27.7626  313.36940  314.16531     4.0477    1496.82    1496.82      1.006     21.016         24 0.0000e+00
      49349 206.742884   2056.154   1778.848     4.1934     4.1941     0.0007   3.348222   3.348325      35.84          1   38.30764  -62.72476   0.000112   1758.002   1758.000    34.9763    27.7627  313.39214  314.18847     4.0447    1496.83    1496.83      0.940     21.022         26 0.0000e+00
      49375 206.742897   2057.270   1779.864     4.1912     4.1920     0.0008   3.348034   3.348136      10.31          1   38.30764  -62.72476   0.000123   1758.999   1759.000    34.9760    27.7627  313.40989  314.20652     4.0424    1496.83    1496.84      0.921     21.027         27 0.0000e+00
      49401 206.742909   2058.324   1780.880     4.1873     4.1878     0.0006   3.347679   3.347769      25.71          1   38.30764  -62.72476   0.000109   1759.996   1760.000    34.9755    27.7627  313.44056  314.23773     4.0384    1496.83    1496.84      1.052     21.032         24 0.0000e+00
      49422 206.742919   2059.217   1781.896     4.1852     4.1861     0.0009   3.347527   3.347629       0.85          1   38.30764  -62.72476   0.000112   1760.998   1761.000    34.9754    27.7628  313.45614  314.25359     4.0363    1496.84    1496.84      1.196     21.037         20 0.0000e+00
      49442 206.742929   2060.030   1782.912     4.1829     4.1837     0.0007   3.347326   3.347432      48.39          1   38.30766  -62.72476   0.000132   1762.000   1762.000    34.9749    27.7627  313.47443  314.27220     4.0339    1496.85    1496.85      1.251     21.043         19 0.0000e+00
      49461 206.742938   2060.846   1783.928     4.1801     4.1809     0.0008   3.347107   3.347218      14.71          1   38.30766  -62.72476   0.000119   1763.004   1763.000    34.9749    27.7630  313.49592  314.29409     4.0311    1496.85    1496.86      1.190     21.048         20 0.0000e+00
      49483 206.742949   2061.761   1784.945     4.1790     4.1799     0.0009   3.347052   3.347152       0.68          1   38.30766  -62.72476   0.000105   1764.005   1764.000    34.9749    27.7631  313.50413  314.30246     4.0299    1496.86    1496.87      1.023     21.053         24 0.0000e+00
      49510 206.742961   2062.871   1785.961     4.1783     4.1792     0.0008   3.347034   3.347133       0.57          1   38.30766  -62.72477   0.000102   1765.001   1765.000    34.9749    27.7632  313.50907  314.30748     4.0291    1496.88    1496.88      0.884     21.058         29 0.0000e+00
      49537 206.742975   2064.004   1786.977     4.1771     4.1780     0.0009   3.346951   3.347073      18.72          1   38.30766  -62.72478   0.000122   1765.996   1766.000    34.9747    27.7632  313.51884  314.31743     4.0278    1496.89    1496.90      0.982     21.063         24 0.0000e+00
      49560 206.742986   2064.960   1787.993     4.1758     4.1767     0.0009   3.346853   3.346963      34.63          1   38.30767  -62.72478   0.000126   1767.000   1767.000    34.9744    27.7631  313.52920  314.32796     4.0264    1496.90    1496.91      1.077     21.069         23 0.0000e+00
      49583 206.742997   2065.905   1789.009     4.1742     4.1750     0.0008   3.346758   3.346857       1.03          1   38.30768  -62.72478   0.000103   1768.001   1768.000    34.9745    27.7634  313.54094  314.33993     4.0248    1496.91    1496.92      1.059     21.074         23 0.0000e+00
      49606 206.743008   2066.870   1790.025     4.1736     4.1746     0.0009   3.346743   3.346847       0.62          1   38.30769  -62.72478   0.000104   1768.998   1769.000    34.9745    27.7634  313.54550  314.34457     4.0241    1496.93    1496.93      1.083     21.079         22 0.0000e+00
      49628 206.743018   2067.781   1791.041     4.1734     4.1743     0.0010   3.346746   3.346863       0.63          1   38.30769  -62.72478   0.000113   1770.000   1770.000    34.9743    27.7633  313.54791  314.34702     4.0237    1496.94    1496.95      1.123     21.084         22 0.0000e+00
      49649 206.743029   2068.684   1792.058     4.1735     4.1744     0.0009   3.346814   3.346920      64.93          1   38.30767  -62.72478   0.000102   1771.002   1771.000    34.9745    27.7634  313.54661  314.34570     4.0237    1496.96    1496.97      1.106     21.089         22 0.0000e+00
      49672 206.743040   2069.634   1793.074     4.1738     4.1748     0.0010   3.346892   3.347006      16.89          1   38.30767  -62.72478   0.000093   1772.004   1772.000    34.9746    27.7635  313.54414  314.34320     4.0239    1496.98    1496.98      0.999     21.095         24 0.0000e+00
      49699 206.743053   2070.748   1794.090     4.1782     4.1794     0.0012   3.347462   3.347591      21.83          1   38.30768  -62.72478   0.000099   1772.999   1773.000    34.9762    27.7643  313.50733  314.30582     4.0282    1497.02    1497.02      0.911     21.100         28 0.0000e+00
      49724 206.743065   2071.800   1795.106     4.1796     4.1808     0.0011   3.347695   3.347819      19.97          1   38.30768  -62.72478   0.000105   1773.994   1774.000    34.9769    27.7647  313.49456  314.29285     4.0295    1497.04    1497.05      1.098     21.105         22 0.0000e+00
      49744 206.743074   2072.636   1796.122     4.1808     4.1818     0.0009   3.347858   3.347965      38.86          1   38.30768  -62.72478   0.000102   1775.001   1775.000    34.9770    27.7648  313.48526  314.28339     4.0306    1497.06    1497.07      1.212     21.110         20 0.0000e+00
      49765 206.743084   2073.489   1797.139     4.1815     4.1824     0.0009   3.347973   3.348089      28.98          1   38.30768  -62.72478   0.000104   1776.006   1776.000    34.9772    27.7648  313.47992  314.27797     4.0311    1497.08    1497.09      1.083     21.115         22 0.0000e+00
      49791 206.743097   2074.578   1798.155     4.1820     4.1830     0.0011   3.348082   3.348197      21.22          1   38.30766  -62.72478   0.000112   1777.001   1777.000    34.9775    27.7650  313.47557  314.27355     4.0315    1497.10    1497.11      0.890     21.121         29 0.0000e+00
      49818 206.743110   2075.688   1799.171     4.1798     4.1802     0.0004   3.347867   3.347955      -0.14          1   38.30766  -62.72478   0.000133   1777.992   1778.000    34.9768    27.7647  313.49367  314.29194     4.0293    1497.11    1497.11      1.086     21.126         22 0.0000e+00
      49837 206.743119   2076.503   1800.187     4.1722     4.1727     0.0004   3.347144   3.347256      12.32          1   38.30766  -62.72478   0.000183   1778.997   1779.000    34.9757    27.7647  313.55283  314.35214     4.0217    1497.09    1497.10      1.298     21.131         19 0.0000e+00
      49855 206.743128   2077.254   1801.203     4.1662     4.1667     0.0005   3.346630   3.346726      21.17          1   38.30766  -62.72478   0.000122   1780.004   1780.000    34.9756    27.7652  313.59894  314.39910     4.0156    1497.08    1497.09      1.295     21.136         18 0.0000e+00
      49875 206.743138   2078.092   1802.220     4.1639     4.1645     0.0006   3.346448   3.346542       1.48          1   38.30766  -62.72478   0.000124   1781.006   1781.000    34.9754    27.7653  313.61668  314.41717     4.0133    1497.09    1497.10      1.102     21.142         23 0.0000e+00
      49900 206.743150   2079.133   1803.236     4.1597     4.1607     0.0009   3.346096   3.346217       0.53          1   38.30766  -62.72478   0.000126   1781.998   1782.000    34.9751    27.7655  313.64843  314.44949     4.0091    1497.09    1497.10      0.984     21.147         25 0.0000e+00
      49924 206.743161   2080.110   1804.252     4.1585     4.1593     0.0008   3.346028   3.346127       0.55          1   38.30766  -62.72478   0.000104   1782.996   1783.000    34.9751    27.7656  313.65752  314.45875     4.0078    1497.11    1497.11      1.125     21.152         21 0.0000e+00
