ctd/proc/EN719_CTD08_avg.cnv
* Sea-Bird SBE 9 Data File:
* FileName = D:\ctd\raw\EN719_CTD08.hdr
* Software Version Seasave V 7.26.7.121
* Temperature SN = 4333
* Conductivity SN = 0864
* Number of Bytes Per Scan = 37
* Number of Voltage Words = 4
* Number of Scans Averaged by the Deck Unit = 1
* NMEA Latitude = 38 54.40 N
* NMEA Longitude = 063 50.75 W
* NMEA UTC (Time) = Jul 22 2024  11:12:19
* NMEA baud rate = 4800
** Ship: R/V Endeavor
** Cruise: EN719
** Principal Investigator: Chad Smith
** Chief Scientist: Chad Smith
** Project: NESMA24
** Cruise Start Date: 7 July 2024
** Ports: GSO, Narragansett RI to GSO, Narragansett RI
** Station:  CTD08
** Bottom Depth: 3072
** Operator:  JC
# nquan = 27
# nvalues = 1989                        
# units = specified
# name 0 = scan: Scan Count
# name 1 = timeJ: Julian Days
# name 2 = timeS: Time, Elapsed [seconds]
# name 3 = prDM: Pressure, Digiquartz [db]
# name 4 = t090C: Temperature [ITS-90, deg C]
# name 5 = t190C: Temperature, 2 [ITS-90, deg C]
# name 6 = T2-T190C: Temperature Difference, 2 - 1 [ITS-90, deg C]
# name 7 = c0S/m: Conductivity [S/m]
# name 8 = c1S/m: Conductivity, 2 [S/m]
# name 9 = altM: Altimeter [m]
# name 10 = pumps: Pump Status
# name 11 = latitude: Latitude [deg]
# name 12 = longitude: Longitude [deg]
# name 13 = C2-C1S/m: Conductivity Difference, 2 - 1 [S/m]
# name 14 = depSM: Depth [salt water, m]
# name 15 = depSM: Depth [salt water, m], lat = 38.9067
# name 16 = sal00: Salinity, Practical [PSU]
# name 17 = sigma-é00: Density [sigma-theta, kg/m^3]
# name 18 = oxsolMm/Kg: Oxygen Saturation, Garcia & Gordon [umol/kg]
# name 19 = oxsatMm/Kg: Oxygen Saturation, Weiss [umol/kg]
# name 20 = potemp090C: Potential Temperature [ITS-90, deg C]
# name 21 = svCM: Sound Velocity [Chen-Millero, m/s]
# name 22 = svCM1: Sound Velocity, 2 [Chen-Millero, m/s]
# name 23 = dz/dtM: Descent Rate [m/s], WS = 2
# name 24 = gpa: Geopotential Anomaly [J/kg]
# name 25 = nbin: number of scans per bin
# name 26 = flag: flag
# span 0 =       1171,      57487       
# span 1 = 204.467485, 204.494644       
# span 2 =     48.743,   2395.267       
# span 3 =     12.092,   2024.996       
# span 4 =     3.5015,    22.5042       
# span 5 =     3.5023,    22.4240       
# span 6 =    -0.2766,     0.0225       
# span 7 =   3.294241,   4.677880       
# span 8 =   3.294401,   4.672101       
# span 9 =      -7.05,     100.11       
# span 10 =          1,          1      
# span 11 =   38.90689,   38.91161      
# span 12 =  -63.85758,  -63.84613      
# span 13 =  -0.029784,   0.002015      
# span 14 =     12.000,   2000.005      
# span 15 =     12.000,   2000.000      
# span 16 =    32.1303,    35.0639      
# span 17 =    21.8995,    27.8173      
# span 18 =  219.84105,  318.72392      
# span 19 =  219.33790,  319.62050      
# span 20 =     3.3391,    22.5017      
# span 21 =    1478.76,    1525.25      
# span 22 =    1478.77,    1525.07      
# span 23 =     -0.265,      1.605      
# span 24 =      0.243,     13.604      
# span 25 =         15,       1315      
# span 26 = 0.0000e+00, 0.0000e+00      
# interval = meters: 1                  
# start_time = Jul 22 2024 11:12:22 [System UTC, header]
# bad_flag = -9.990e-29
*END*
[from data line 1826]
      51962 204.491980   2165.032   1860.252     3.5840     3.5847     0.0007   3.295453   3.295577      -0.34          1   38.91108  -63.85678   0.000143   1837.990   1838.000    34.9573    27.8095  318.08160  318.96590     3.4358    1495.62    1495.62      1.230     12.851         19 0.0000e+00
      51979 204.491988   2165.765   1861.269     3.5835     3.5843     0.0008   3.295480   3.295593      36.58          1   38.91108  -63.85678   0.000111   1839.002   1839.000    34.9576    27.8098  318.08429  318.96866     3.4353    1495.63    1495.64      1.384     12.855         17 0.0000e+00
      51997 204.491996   2166.494   1862.286     3.5830     3.5838     0.0007   3.295465   3.295583       0.84          1   38.91108  -63.85678   0.000119   1840.005   1840.000    34.9575    27.8098  318.08839  318.97283     3.4347    1495.65    1495.65      1.281     12.860         19 0.0000e+00
      52019 204.492007   2167.431   1863.302     3.5823     3.5829     0.0007   3.295444   3.295555       0.50          1   38.91110  -63.85678   0.000115   1841.008   1841.000    34.9575    27.8099  318.09409  318.97865     3.4339    1495.66    1495.67      0.918     12.865         28 0.0000e+00
      52052 204.492023   2168.799   1864.319     3.5815     3.5824     0.0009   3.295420   3.295541      18.99          1   38.91110  -63.85680   0.000120   1841.995   1842.000    34.9575    27.8099  318.09974  318.98441     3.4330    1495.68    1495.68      0.764     12.869         33 0.0000e+00
      52080 204.492037   2169.972   1865.335     3.5810     3.5818     0.0007   3.295421   3.295527       0.99          1   38.91109  -63.85679   0.000105   1843.001   1843.000    34.9576    27.8101  318.10353  318.98828     3.4325    1495.69    1495.69      0.872     12.874         27 0.0000e+00
      52111 204.492051   2171.241   1866.352     3.5808     3.5817     0.0009   3.295441   3.295553      18.07          1   38.91108  -63.85680   0.000111   1844.000   1844.000    34.9576    27.8101  318.10540  318.99018     3.4321    1495.71    1495.71      0.758     12.878         33 0.0000e+00
      52141 204.492066   2172.518   1867.368     3.5809     3.5818     0.0009   3.295490   3.295616       0.71          1   38.91108  -63.85680   0.000121   1844.991   1845.000    34.9576    27.8101  318.10483  318.98960     3.4321    1495.73    1495.73      0.975     12.883         26 0.0000e+00
      52163 204.492077   2173.408   1868.385     3.5808     3.5816     0.0008   3.295529   3.295631       0.55          1   38.91108  -63.85680   0.000100   1845.994   1846.000    34.9576    27.8101  318.10500  318.98977     3.4320    1495.74    1495.75      1.247     12.887         19 0.0000e+00
      52181 204.492085   2174.168   1869.402     3.5807     3.5815     0.0008   3.295553   3.295667       0.58          1   38.91110  -63.85680   0.000109   1846.997   1847.000    34.9576    27.8101  318.10635  318.99115     3.4317    1495.76    1495.76      1.359     12.892         17 0.0000e+00
      52199 204.492094   2174.905   1870.418     3.5807     3.5814     0.0007   3.295599   3.295710       0.71          1   38.91110  -63.85681   0.000109   1848.002   1848.000    34.9576    27.8102  318.10620  318.99100     3.4316    1495.78    1495.78      1.336     12.897         18 0.0000e+00
      52218 204.492103   2175.700   1871.435     3.5809     3.5817     0.0009   3.295663   3.295772       0.67          1   38.91110  -63.85682   0.000107   1849.009   1849.000    34.9577    27.8102  318.10440  318.98917     3.4317    1495.79    1495.80      1.138     12.901         21 0.0000e+00
      52250 204.492118   2177.030   1872.451     3.5812     3.5816     0.0004   3.295716   3.295797      23.12          1   38.91111  -63.85682   0.000080   1850.004   1850.000    34.9575    27.8100  318.10238  318.98709     3.4320    1495.81    1495.81      0.618     12.906         48 0.0000e+00
      52294 204.492140   2178.856   1873.468     3.5806     3.5813     0.0007   3.295704   3.295811      -1.26          1   38.91112  -63.85683   0.000108   1850.987   1851.000    34.9575    27.8101  318.10719  318.99199     3.4313    1495.83    1495.83      0.853     12.910         28 0.0000e+00
      52315 204.492150   2179.750   1874.485     3.5791     3.5799     0.0009   3.295614   3.295733       0.61          1   38.91112  -63.85684   0.000128   1851.994   1852.000    34.9575    27.8103  318.11873  319.00376     3.4297    1495.84    1495.84      1.215     12.915         20 0.0000e+00
      52334 204.492159   2180.527   1875.501     3.5779     3.5788     0.0008   3.295546   3.295670      28.25          1   38.91112  -63.85684   0.000123   1853.001   1853.000    34.9574    27.8103  318.12777  319.01297     3.4284    1495.85    1495.85      1.285     12.920         18 0.0000e+00
      52353 204.492168   2181.342   1876.518     3.5776     3.5782     0.0006   3.295556   3.295656       5.14          1   38.91114  -63.85684   0.000099   1854.007   1854.000    34.9575    27.8104  318.13063  319.01589     3.4280    1495.86    1495.87      1.116     12.924         22 0.0000e+00
      52380 204.492181   2182.476   1877.535     3.5773     3.5782     0.0008   3.295576   3.295692       0.64          1   38.91114  -63.85684   0.000114   1855.003   1855.000    34.9575    27.8104  318.13244  319.01773     3.4277    1495.88    1495.88      0.801     12.929         33 0.0000e+00
      52411 204.492196   2183.768   1878.551     3.5776     3.5783     0.0007   3.295644   3.295751       7.97          1   38.91114  -63.85684   0.000102   1855.990   1856.000    34.9575    27.8105  318.13044  319.01570     3.4278    1495.90    1495.90      0.956     12.933         26 0.0000e+00
      52433 204.492207   2184.673   1879.568     3.5776     3.5783     0.0008   3.295684   3.295794      53.37          1   38.91114  -63.85684   0.000107   1856.997   1857.000    34.9575    27.8105  318.13049  319.01575     3.4277    1495.92    1495.92      1.191     12.938         19 0.0000e+00
      52453 204.492216   2185.499   1880.584     3.5774     3.5783     0.0009   3.295707   3.295826       0.67          1   38.91114  -63.85684   0.000118   1858.006   1858.000    34.9575    27.8105  318.13207  319.01735     3.4274    1495.93    1495.94      1.129     12.942         21 0.0000e+00
      52479 204.492229   2186.577   1881.601     3.5767     3.5775     0.0008   3.295685   3.295792       0.63          1   38.91114  -63.85686   0.000113   1859.003   1859.000    34.9574    27.8105  318.13717  319.02255     3.4267    1495.95    1495.95      0.845     12.947         32 0.0000e+00
      52509 204.492243   2187.828   1882.618     3.5760     3.5767     0.0007   3.295664   3.295765      35.92          1   38.91114  -63.85686   0.000102   1859.989   1860.000    34.9574    27.8106  318.14258  319.02807     3.4259    1495.96    1495.97      0.994     12.952         24 0.0000e+00
      52529 204.492253   2188.685   1883.634     3.5748     3.5756     0.0008   3.295595   3.295718      68.90          1   38.91114  -63.85686   0.000123   1860.996   1861.000    34.9574    27.8107  318.15192  319.03758     3.4246    1495.97    1495.98      1.231     12.956         19 0.0000e+00
      52549 204.492263   2189.501   1884.651     3.5742     3.5750     0.0008   3.295578   3.295686      15.04          1   38.91114  -63.85686   0.000114   1862.009   1862.000    34.9573    27.8107  318.15661  319.04235     3.4239    1495.99    1495.99      1.091     12.961         22 0.0000e+00
      52581 204.492278   2190.830   1885.668     3.5731     3.5738     0.0007   3.295510   3.295613      41.64          1   38.91116  -63.85688   0.000106   1863.001   1863.000    34.9572    27.8107  318.16540  319.05131     3.4228    1496.00    1496.00      0.647     12.965         43 0.0000e+00
      52618 204.492296   2192.356   1886.684     3.5717     3.5726     0.0008   3.295427   3.295542      62.34          1   38.91116  -63.85688   0.000116   1863.992   1864.000    34.9572    27.8109  318.17637  319.06249     3.4213    1496.01    1496.01      0.918     12.970         26 0.0000e+00
      52640 204.492307   2193.287   1887.701     3.5715     3.5722     0.0007   3.295444   3.295554      10.30          1   38.91116  -63.85688   0.000109   1864.996   1865.000    34.9572    27.8109  318.17822  319.06437     3.4210    1496.03    1496.03      1.161     12.975         21 0.0000e+00
      52660 204.492316   2194.115   1888.718     3.5713     3.5719     0.0007   3.295471   3.295575      32.69          1   38.91116  -63.85688   0.000100   1865.997   1866.000    34.9572    27.8110  318.17988  319.06607     3.4206    1496.04    1496.05      1.258     12.979         19 0.0000e+00
      52679 204.492325   2194.904   1889.734     3.5712     3.5720     0.0008   3.295511   3.295635      16.51          1   38.91116  -63.85689   0.000119   1866.999   1867.000    34.9573    27.8110  318.18011  319.06631     3.4205    1496.06    1496.06      1.289     12.984         19 0.0000e+00
      52698 204.492334   2195.694   1890.751     3.5713     3.5721     0.0008   3.295564   3.295678      37.03          1   38.91117  -63.85690   0.000110   1868.000   1868.000    34.9574    27.8111  318.17953  319.06572     3.4204    1496.08    1496.08      1.252     12.988         19 0.0000e+00
      52718 204.492344   2196.541   1891.768     3.5711     3.5718     0.0008   3.295583   3.295698      10.16          1   38.91118  -63.85691   0.000116   1869.008   1869.000    34.9573    27.8110  318.18091  319.06712     3.4202    1496.09    1496.10      1.061     12.993         22 0.0000e+00
      52754 204.492361   2198.031   1892.785     3.5708     3.5716     0.0008   3.295595   3.295701       1.02          1   38.91118  -63.85692   0.000106   1870.002   1870.000    34.9572    27.8110  318.18323  319.06948     3.4198    1496.11    1496.11      0.555     12.998         52 0.0000e+00
      52796 204.492382   2199.793   1893.801     3.5706     3.5714     0.0008   3.295624   3.295746      24.62          1   38.91120  -63.85692   0.000118   1870.988   1871.000    34.9573    27.8111  318.18481  319.07110     3.4195    1496.13    1496.13      0.939     13.002         26 0.0000e+00
      52817 204.492392   2200.657   1894.818     3.5703     3.5710     0.0007   3.295642   3.295751       0.16          1   38.91120  -63.85692   0.000112   1871.993   1872.000    34.9574    27.8112  318.18719  319.07354     3.4191    1496.14    1496.15      1.288     13.007         18 0.0000e+00
      52834 204.492400   2201.382   1895.835     3.5699     3.5706     0.0007   3.295636   3.295744      36.26          1   38.91120  -63.85692   0.000103   1872.999   1873.000    34.9572    27.8111  318.19035  319.07674     3.4186    1496.16    1496.16      1.412     13.011         17 0.0000e+00
      52851 204.492408   2202.093   1896.851     3.5696     3.5702     0.0007   3.295651   3.295766       1.11          1   38.91120  -63.85692   0.000115   1874.004   1874.000    34.9573    27.8112  318.19295  319.07940     3.4182    1496.17    1496.18      1.345     13.016         18 0.0000e+00
      52871 204.492418   2202.916   1897.868     3.5690     3.5697     0.0008   3.295626   3.295744      26.73          1   38.91120  -63.85692   0.000121   1875.007   1875.000    34.9571    27.8111  318.19788  319.08440     3.4175    1496.19    1496.19      1.113     13.021         22 0.0000e+00
      52897 204.492431   2204.001   1898.885     3.5680     3.5688     0.0009   3.295581   3.295703      36.51          1   38.91120  -63.85693   0.000123   1876.002   1876.000    34.9571    27.8112  318.20542  319.09209     3.4165    1496.20    1496.20      0.847     13.025         30 0.0000e+00
      52928 204.492446   2205.307   1899.902     3.5677     3.5685     0.0008   3.295592   3.295711      22.58          1   38.91120  -63.85694   0.000118   1876.999   1877.000    34.9571    27.8112  318.20782  319.09454     3.4161    1496.21    1496.22      0.770     13.030         32 0.0000e+00
      52960 204.492461   2206.637   1900.918     3.5671     3.5678     0.0006   3.295572   3.295682       0.72          1   38.91120  -63.85694   0.000113   1877.999   1878.000    34.9570    27.8113  318.21272  319.09952     3.4154    1496.23    1496.23      0.763     13.034         32 0.0000e+00
      52991 204.492476   2207.912   1901.935     3.5669     3.5677     0.0007   3.295612   3.295728      24.54          1   38.91120  -63.85694   0.000110   1878.991   1879.000    34.9571    27.8114  318.21349  319.10032     3.4151    1496.25    1496.25      0.957     13.039         26 0.0000e+00
      53012 204.492486   2208.812   1902.952     3.5674     3.5680     0.0007   3.295684   3.295794       0.02          1   38.91120  -63.85694   0.000106   1879.990   1880.000    34.9570    27.8113  318.21045  319.09722     3.4154    1496.26    1496.27      1.296     13.043         19 0.0000e+00
      53029 204.492494   2209.517   1903.968     3.5674     3.5682     0.0007   3.295729   3.295844      25.52          1   38.91120  -63.85694   0.000108   1880.996   1881.000    34.9570    27.8113  318.20993  319.09668     3.4154    1496.28    1496.29      1.432     13.048         16 0.0000e+00
      53046 204.492503   2210.223   1904.985     3.5674     3.5682     0.0009   3.295764   3.295895      12.10          1   38.91120  -63.85696   0.000127   1882.010   1882.000    34.9570    27.8112  318.21030  319.09706     3.4153    1496.30    1496.30      1.305     13.053         18 0.0000e+00
      53069 204.492513   2211.154   1906.002     3.5668     3.5676     0.0008   3.295750   3.295874      21.54          1   38.91122  -63.85696   0.000125   1883.007   1883.000    34.9570    27.8113  318.21501  319.10186     3.4146    1496.31    1496.32      0.957     13.057         28 0.0000e+00
      53098 204.492528   2212.379   1907.019     3.5667     3.5674     0.0007   3.295781   3.295897      43.70          1   38.91122  -63.85696   0.000114   1883.994   1884.000    34.9569    27.8113  318.21574  319.10260     3.4144    1496.33    1496.33      0.865     13.062         28 0.0000e+00
      53124 204.492540   2213.472   1908.036     3.5665     3.5672     0.0007   3.295812   3.295927      23.57          1   38.91122  -63.85696   0.000115   1885.003   1885.000    34.9570    27.8114  318.21696  319.10385     3.4142    1496.35    1496.35      0.886     13.066         27 0.0000e+00
      53157 204.492556   2214.827   1909.053     3.5661     3.5669     0.0008   3.295816   3.295916      16.47          1   38.91122  -63.85697   0.000100   1886.001   1886.000    34.9570    27.8115  318.22035  319.10731     3.4136    1496.36    1496.37      0.680     13.071         38 0.0000e+00
      53191 204.492572   2216.243   1910.069     3.5654     3.5662     0.0008   3.295793   3.295911      -0.18          1   38.91124  -63.85698   0.000124   1886.989   1887.000    34.9570    27.8115  318.22562  319.11267     3.4129    1496.38    1496.38      0.973     13.076         25 0.0000e+00
      53211 204.492582   2217.089   1911.086     3.5635     3.5644     0.0009   3.295646   3.295779       6.48          1   38.91124  -63.85698   0.000148   1887.995   1888.000    34.9567    27.8115  318.24072  319.12804     3.4109    1496.38    1496.39      1.288     13.080         19 0.0000e+00
      53229 204.492591   2217.826   1912.103     3.5621     3.5632     0.0011   3.295583   3.295730      29.73          1   38.91124  -63.85699   0.000140   1889.002   1889.000    34.9570    27.8118  318.25095  319.13849     3.4094    1496.40    1496.40      1.344     13.085         17 0.0000e+00
      53248 204.492600   2218.605   1913.120     3.5623     3.5635     0.0012   3.295646   3.295808      30.70          1   38.91124  -63.85700   0.000150   1890.003   1890.000    34.9570    27.8119  318.24943  319.13695     3.4095    1496.41    1496.42      1.223     13.089         20 0.0000e+00
