ctd/proc/EN719_CTD10_avg.cnv
* Sea-Bird SBE 9 Data File:
* FileName = D:\ctd\raw\EN719_CTD10.hdr
* Software Version Seasave V 7.26.7.121
* Temperature SN = 4333
* Conductivity SN = 0864
* Number of Bytes Per Scan = 37
* Number of Voltage Words = 4
* Number of Scans Averaged by the Deck Unit = 1
* NMEA Latitude = 38 52.50 N
* NMEA Longitude = 063 41.00 W
* NMEA UTC (Time) = Jul 24 2024  01:02:55
* NMEA baud rate = 4800
** Ship: R/V Endeavor
** Cruise: EN719
** Principal Investigator: Chad Smith
** Chief Scientist: Chad Smith
** Project: NESMA24
** Cruise Start Date: 7 July 2024
** Ports: GSO, Narragansett RI to GSO, Narragansett RI
** Station:  CTD09
** Bottom Depth: 3421
** Operator:  GD
# nquan = 27
# nvalues = 1995                        
# units = specified
# name 0 = scan: Scan Count
# name 1 = timeJ: Julian Days
# name 2 = timeS: Time, Elapsed [seconds]
# name 3 = prDM: Pressure, Digiquartz [db]
# name 4 = t090C: Temperature [ITS-90, deg C]
# name 5 = t190C: Temperature, 2 [ITS-90, deg C]
# name 6 = T2-T190C: Temperature Difference, 2 - 1 [ITS-90, deg C]
# name 7 = c0S/m: Conductivity [S/m]
# name 8 = c1S/m: Conductivity, 2 [S/m]
# name 9 = altM: Altimeter [m]
# name 10 = pumps: Pump Status
# name 11 = latitude: Latitude [deg]
# name 12 = longitude: Longitude [deg]
# name 13 = C2-C1S/m: Conductivity Difference, 2 - 1 [S/m]
# name 14 = depSM: Depth [salt water, m]
# name 15 = depSM: Depth [salt water, m], lat = 38.875
# name 16 = sal00: Salinity, Practical [PSU]
# name 17 = sigma-é00: Density [sigma-theta, kg/m^3]
# name 18 = oxsolMm/Kg: Oxygen Saturation, Garcia & Gordon [umol/kg]
# name 19 = oxsatMm/Kg: Oxygen Saturation, Weiss [umol/kg]
# name 20 = potemp090C: Potential Temperature [ITS-90, deg C]
# name 21 = svCM: Sound Velocity [Chen-Millero, m/s]
# name 22 = svCM1: Sound Velocity, 2 [Chen-Millero, m/s]
# name 23 = dz/dtM: Descent Rate [m/s], WS = 2
# name 24 = gpa: Geopotential Anomaly [J/kg]
# name 25 = nbin: number of scans per bin
# name 26 = flag: flag
# span 0 =        291,      56853       
# span 1 = 206.043855, 206.071133       
# span 2 =     12.073,   2368.851       
# span 3 =      7.053,   2026.008       
# span 4 =     3.5807,    23.8944       
# span 5 =     3.5802,    23.9001       
# span 6 =    -0.1242,     0.0563       
# span 7 =   3.301667,   4.863524       
# span 8 =   3.301831,   4.867032       
# span 9 =     -11.08,      95.88       
# span 10 =          1,          1      
# span 11 =   38.87510,   38.87648      
# span 12 =  -63.68329,  -63.66918      
# span 13 =  -0.007104,   0.023808      
# span 14 =      7.000,   2001.033      
# span 15 =      7.000,   2001.000      
# span 16 =    32.2352,    35.3033      
# span 17 =    21.7472,    27.8111      
# span 18 =  214.09096,  318.10729      
# span 19 =  213.56790,  318.99204      
# span 20 =     3.4170,    23.8923      
# span 21 =    1478.42,    1529.19      
# span 22 =    1478.45,    1529.23      
# span 23 =     -0.166,      1.658      
# span 24 =      0.031,     13.966      
# span 25 =         12,        784      
# span 26 = 0.0000e+00, 0.0000e+00      
# interval = meters: 1                  
# start_time = Jul 24 2024 01:02:57 [System UTC, header]
# bad_flag = -9.990e-29
*END*
[from data line 1128]
      33363 206.059804   1390.067   1146.802     4.3398     4.3408     0.0010   3.335722   3.335827      50.67          1   38.87600  -63.67560   0.000137   1134.999   1135.000    34.9855    27.7484  312.27494  313.05096     4.2479    1486.91    1486.91      1.205      9.879         20 0.0000e+00
      33383 206.059814   1390.905   1147.815     4.3361     4.3371     0.0010   3.335419   3.335501      39.06          1   38.87600  -63.67560   0.000102   1136.005   1136.000    34.9854    27.7487  312.30314  313.07968     4.2441    1486.91    1486.91      1.120      9.884         21 0.0000e+00
      33408 206.059826   1391.960   1148.828     4.3343     4.3356     0.0014   3.335314   3.335410      57.69          1   38.87600  -63.67559   0.000098   1137.007   1137.000    34.9856    27.7490  312.31637  313.09317     4.2422    1486.92    1486.92      0.823      9.888         31 0.0000e+00
      33445 206.059844   1393.489   1149.841     4.3339     4.3351     0.0012   3.335327   3.335429      -0.57          1   38.87600  -63.67558   0.000097   1137.998   1138.000    34.9856    27.7491  312.31892  313.09577     4.2418    1486.93    1486.94      0.646      9.893         39 0.0000e+00
      33478 206.059859   1394.855   1150.855     4.3335     4.3344     0.0008   3.335327   3.335384      24.43          1   38.87601  -63.67557   0.000070   1138.991   1139.000    34.9855    27.7490  312.32204  313.09894     4.2413    1486.95    1486.95      0.952      9.898         26 0.0000e+00
      33499 206.059870   1395.758   1151.868     4.3321     4.3331     0.0010   3.335236   3.335329       0.37          1   38.87601  -63.67556   0.000091   1139.995   1140.000    34.9854    27.7491  312.33278  313.10987     4.2398    1486.96    1486.96      1.231      9.902         19 0.0000e+00
      33518 206.059879   1396.523   1152.881     4.3317     4.3327     0.0009   3.335243   3.335330       0.45          1   38.87600  -63.67556   0.000093   1141.002   1141.000    34.9854    27.7492  312.33575  313.11290     4.2394    1486.98    1486.98      1.315      9.907         18 0.0000e+00
      33536 206.059888   1397.300   1153.894     4.3310     4.3319     0.0009   3.335211   3.335300       0.57          1   38.87600  -63.67556   0.000086   1142.003   1142.000    34.9853    27.7492  312.34147  313.11872     4.2385    1486.99    1486.99      1.228      9.912         20 0.0000e+00
      33558 206.059898   1398.204   1154.907     4.3301     4.3315     0.0013   3.335178   3.335280      24.94          1   38.87600  -63.67554   0.000105   1143.008   1143.000    34.9853    27.7493  312.34796  313.12533     4.2376    1487.00    1487.01      0.990      9.917         24 0.0000e+00
      33590 206.059914   1399.534   1155.921     4.3296     4.3308     0.0011   3.335178   3.335263      15.52          1   38.87600  -63.67553   0.000084   1144.002   1144.000    34.9853    27.7494  312.35158  313.12902     4.2370    1487.02    1487.02      0.667      9.921         40 0.0000e+00
      33626 206.059931   1401.053   1156.934     4.3278     4.3287     0.0009   3.335052   3.335128      25.51          1   38.87600  -63.67552   0.000085   1144.993   1145.000    34.9853    27.7495  312.36545  313.14315     4.2351    1487.03    1487.03      0.825      9.926         29 0.0000e+00
      33651 206.059943   1402.085   1157.947     4.3272     4.3284     0.0011   3.335057   3.335149      73.90          1   38.87600  -63.67552   0.000091   1145.994   1146.000    34.9854    27.7497  312.36936  313.14714     4.2344    1487.04    1487.04      1.127      9.931         22 0.0000e+00
      33671 206.059953   1402.897   1158.960     4.3266     4.3276     0.0010   3.335054   3.335132       6.14          1   38.87600  -63.67552   0.000079   1146.998   1147.000    34.9855    27.7499  312.37361  313.15148     4.2338    1487.06    1487.06      1.295      9.936         18 0.0000e+00
      33689 206.059961   1403.653   1159.973     4.3264     4.3274     0.0010   3.335078   3.335159       0.67          1   38.87601  -63.67551   0.000077   1148.004   1148.000    34.9855    27.7499  312.37513  313.15302     4.2335    1487.07    1487.07      1.278      9.940         19 0.0000e+00
      33709 206.059971   1404.507   1160.987     4.3263     4.3275     0.0012   3.335116   3.335204      25.77          1   38.87601  -63.67550   0.000084   1149.007   1149.000    34.9856    27.7499  312.37582  313.15373     4.2333    1487.09    1487.09      1.048      9.945         23 0.0000e+00
      33739 206.059985   1405.746   1162.000     4.3262     4.3274     0.0012   3.335152   3.335244      17.19          1   38.87600  -63.67549   0.000089   1150.004   1150.000    34.9856    27.7500  312.37673  313.15466     4.2330    1487.10    1487.11      0.698      9.950         37 0.0000e+00
      33777 206.060004   1407.336   1163.013     4.3269     4.3281     0.0012   3.335282   3.335379       9.40          1   38.87600  -63.67548   0.000090   1150.994   1151.000    34.9859    27.7502  312.37102  313.14886     4.2336    1487.12    1487.13      0.752      9.954         33 0.0000e+00
      33803 206.060016   1408.426   1164.026     4.3272     4.3285     0.0012   3.335362   3.335461      42.86          1   38.87600  -63.67548   0.000093   1151.993   1152.000    34.9860    27.7502  312.36815  313.14595     4.2339    1487.14    1487.15      1.106      9.959         22 0.0000e+00
      33823 206.060026   1409.243   1165.040     4.3276     4.3287     0.0011   3.335442   3.335537      33.36          1   38.87600  -63.67548   0.000087   1152.996   1153.000    34.9860    27.7502  312.36527  313.14301     4.2342    1487.16    1487.16      1.307      9.964         18 0.0000e+00
      33841 206.060035   1409.981   1166.053     4.3280     4.3289     0.0010   3.335529   3.335615       6.06          1   38.87602  -63.67546   0.000084   1154.000   1154.000    34.9861    27.7503  312.36229  313.13999     4.2344    1487.18    1487.18      1.346      9.968         18 0.0000e+00
      33859 206.060043   1410.752   1167.066     4.3275     4.3285     0.0010   3.335505   3.335597      54.20          1   38.87602  -63.67546   0.000092   1155.009   1155.000    34.9859    27.7501  312.36663  313.14439     4.2339    1487.19    1487.20      1.179      9.973         20 0.0000e+00
      33887 206.060057   1411.903   1168.079     4.3277     4.3288     0.0012   3.335578   3.335667      18.57          1   38.87602  -63.67546   0.000083   1156.007   1156.000    34.9860    27.7502  312.36483  313.14257     4.2340    1487.21    1487.22      0.718      9.978         39 0.0000e+00
      33928 206.060076   1413.607   1169.093     4.3280     4.3292     0.0011   3.335671   3.335758       0.35          1   38.87602  -63.67544   0.000085   1156.993   1157.000    34.9862    27.7504  312.36156  313.13925     4.2342    1487.23    1487.23      0.714      9.983         34 0.0000e+00
      33955 206.060090   1414.735   1170.106     4.3285     4.3298     0.0013   3.335766   3.335867      26.87          1   38.87602  -63.67544   0.000092   1157.995   1158.000    34.9863    27.7504  312.35777  313.13539     4.2346    1487.25    1487.25      1.026      9.987         23 0.0000e+00
      33976 206.060100   1415.642   1171.119     4.3287     4.3297     0.0010   3.335819   3.335918      56.77          1   38.87602  -63.67543   0.000094   1158.999   1159.000    34.9863    27.7504  312.35669  313.13430     4.2347    1487.27    1487.27      1.137      9.992         21 0.0000e+00
      33998 206.060110   1416.528   1172.132     4.3287     4.3298     0.0011   3.335872   3.335959       0.93          1   38.87602  -63.67542   0.000085   1160.002   1160.000    34.9863    27.7504  312.35605  313.13364     4.2347    1487.28    1487.29      1.103      9.997         22 0.0000e+00
      34021 206.060121   1417.489   1173.146     4.3288     4.3301     0.0013   3.335931   3.336022      50.83          1   38.87602  -63.67542   0.000087   1161.000   1161.000    34.9864    27.7505  312.35535  313.13294     4.2346    1487.30    1487.31      1.036     10.002         24 0.0000e+00
      34044 206.060133   1418.473   1174.159     4.3286     4.3298     0.0013   3.335956   3.336055       0.02          1   38.87602  -63.67542   0.000093   1161.999   1162.000    34.9864    27.7505  312.35697  313.13460     4.2343    1487.32    1487.32      1.055     10.006         23 0.0000e+00
      34067 206.060144   1419.407   1175.172     4.3284     4.3295     0.0011   3.335985   3.336085       5.32          1   38.87602  -63.67540   0.000101   1162.999   1163.000    34.9865    27.7506  312.35825  313.13590     4.2341    1487.33    1487.34      1.103     10.011         22 0.0000e+00
      34089 206.060154   1420.316   1176.186     4.3264     4.3272     0.0008   3.335869   3.335946      73.21          1   38.87602  -63.67540   0.000094   1164.003   1164.000    34.9867    27.7510  312.37248  313.15041     4.2320    1487.34    1487.34      1.071     10.016         22 0.0000e+00
      34114 206.060166   1421.355   1177.199     4.3247     4.3259     0.0012   3.335762   3.335860      25.91          1   38.87602  -63.67540   0.000099   1165.006   1165.000    34.9868    27.7512  312.38528  313.16346     4.2302    1487.35    1487.36      0.849     10.020         30 0.0000e+00
      34150 206.060184   1422.878   1178.212     4.3243     4.3254     0.0011   3.335778   3.335870      29.58          1   38.87602  -63.67538   0.000090   1165.999   1166.000    34.9868    27.7513  312.38777  313.16600     4.2298    1487.37    1487.37      0.616     10.025         41 0.0000e+00
      34185 206.060201   1424.352   1179.226     4.3243     4.3254     0.0012   3.335817   3.335900      -0.70          1   38.87602  -63.67538   0.000090   1166.993   1167.000    34.9868    27.7513  312.38820  313.16643     4.2296    1487.38    1487.39      0.901     10.030         27 0.0000e+00
      34208 206.060212   1425.291   1180.239     4.3208     4.3212     0.0004   3.335492   3.335544       0.63          1   38.87602  -63.67536   0.000077   1167.992   1168.000    34.9862    27.7512  312.41592  313.19463     4.2261    1487.38    1487.39      1.228     10.035         20 0.0000e+00
      34226 206.060220   1426.037   1181.252     4.3195     4.3204     0.0009   3.335446   3.335535      12.05          1   38.87602  -63.67536   0.000088   1168.997   1169.000    34.9865    27.7516  312.42492  313.20382     4.2247    1487.40    1487.40      1.391     10.039         17 0.0000e+00
      34243 206.060229   1426.742   1182.266     4.3190     4.3199     0.0010   3.335457   3.335538      58.42          1   38.87602  -63.67536   0.000079   1170.005   1170.000    34.9866    27.7518  312.42816  313.20713     4.2241    1487.41    1487.42      1.362     10.044         17 0.0000e+00
      34262 206.060238   1427.542   1183.279     4.3188     4.3200     0.0011   3.335482   3.335573       2.01          1   38.87602  -63.67536   0.000091   1171.007   1171.000    34.9866    27.7518  312.42936  313.20835     4.2239    1487.43    1487.43      1.149     10.049         22 0.0000e+00
      34287 206.060250   1428.576   1184.292     4.3179     4.3192     0.0013   3.335431   3.335534      21.32          1   38.87602  -63.67535   0.000106   1172.004   1172.000    34.9864    27.7518  312.43656  313.21567     4.2229    1487.44    1487.45      0.882     10.054         28 0.0000e+00
      34318 206.060265   1429.867   1185.306     4.3162     4.3172     0.0009   3.335309   3.335382      34.30          1   38.87602  -63.67534   0.000081   1172.999   1173.000    34.9863    27.7518  312.44958  313.22892     4.2211    1487.45    1487.45      0.765     10.058         32 0.0000e+00
      34348 206.060279   1431.143   1186.319     4.3142     4.3150     0.0009   3.335146   3.335224      24.47          1   38.87602  -63.67534   0.000104   1173.999   1174.000    34.9860    27.7519  312.46554  313.24516     4.2190    1487.46    1487.46      0.857     10.063         29 0.0000e+00
      34375 206.060292   1432.254   1187.332     4.3089     4.3101     0.0013   3.334681   3.334778      23.99          1   38.87604  -63.67532   0.000107   1174.999   1175.000    34.9857    27.7521  312.50604  313.28639     4.2136    1487.45    1487.46      0.923     10.068         26 0.0000e+00
      34402 206.060305   1433.364   1188.346     4.3083     4.3096     0.0013   3.334675   3.334767      43.98          1   38.87604  -63.67532   0.000087   1175.999   1176.000    34.9857    27.7522  312.51019  313.29062     4.2130    1487.47    1487.47      0.920     10.072         27 0.0000e+00
      34427 206.060317   1434.425   1189.359     4.3082     4.3093     0.0011   3.334702   3.334788       8.61          1   38.87602  -63.67532   0.000090   1176.996   1177.000    34.9856    27.7522  312.51121  313.29166     4.2128    1487.48    1487.49      1.032     10.077         23 0.0000e+00
      34449 206.060328   1435.345   1190.372     4.3081     4.3087     0.0006   3.334733   3.334788      48.42          1   38.87602  -63.67530   0.000052   1178.000   1178.000    34.9856    27.7522  312.51207  313.29253     4.2126    1487.50    1487.50      1.120     10.082         21 0.0000e+00
      34471 206.060339   1436.246   1191.386     4.3073     4.3084     0.0011   3.334695   3.334794      17.91          1   38.87602  -63.67530   0.000102   1179.001   1179.000    34.9855    27.7522  312.51842  313.29900     4.2117    1487.51    1487.52      1.092     10.087         23 0.0000e+00
      34494 206.060350   1437.219   1192.399     4.3068     4.3080     0.0011   3.334693   3.334781       9.08          1   38.87602  -63.67530   0.000091   1180.002   1180.000    34.9854    27.7522  312.52194  313.30257     4.2111    1487.53    1487.53      0.990     10.091         25 0.0000e+00
      34520 206.060362   1438.300   1193.412     4.3059     4.3070     0.0011   3.334650   3.334715       0.80          1   38.87602  -63.67528   0.000064   1181.000   1181.000    34.9854    27.7523  312.52888  313.30964     4.2102    1487.54    1487.54      0.920     10.096         26 0.0000e+00
      34547 206.060375   1439.413   1194.426     4.3044     4.3054     0.0010   3.334529   3.334608      22.81          1   38.87602  -63.67528   0.000099   1182.000   1182.000    34.9850    27.7521  312.54070  313.32165     4.2086    1487.55    1487.56      0.904     10.101         27 0.0000e+00
      34574 206.060388   1440.542   1195.439     4.3000     4.3015     0.0014   3.334144   3.334268      44.82          1   38.87602  -63.67528   0.000140   1183.000   1183.000    34.9846    27.7523  312.57465  313.35621     4.2041    1487.55    1487.56      0.907     10.105         27 0.0000e+00
      34600 206.060401   1441.633   1196.453     4.2980     4.2993     0.0013   3.334003   3.334102       0.18          1   38.87603  -63.67527   0.000106   1183.997   1184.000    34.9846    27.7525  312.58986  313.37171     4.2021    1487.56    1487.56      0.979     10.110         25 0.0000e+00
      34624 206.060412   1442.609   1197.466     4.2974     4.2986     0.0012   3.333985   3.334089       0.49          1   38.87604  -63.67526   0.000107   1184.997   1185.000    34.9845    27.7525  312.59450  313.37642     4.2014    1487.57    1487.58      1.101     10.115         22 0.0000e+00
      34645 206.060422   1443.488   1198.479     4.2964     4.2973     0.0010   3.333939   3.334029       0.50          1   38.87604  -63.67526   0.000094   1186.001   1186.000    34.9845    27.7527  312.60206  313.38414     4.2003    1487.59    1487.59      1.135     10.120         21 0.0000e+00
      34667 206.060433   1444.417   1199.493     4.2953     4.2963     0.0010   3.333872   3.333957      24.83          1   38.87604  -63.67526   0.000093   1187.005   1187.000    34.9844    27.7527  312.61078  313.39301     4.1991    1487.60    1487.60      1.002     10.124         24 0.0000e+00
