ctd/proc/EN719_CTD07_avg.cnv
* Sea-Bird SBE 9 Data File:
* FileName = D:\ctd\raw\EN719_CTD07.hdr
* Software Version Seasave V 7.26.7.121
* Temperature SN = 4333
* Conductivity SN = 0864
* Number of Bytes Per Scan = 37
* Number of Voltage Words = 4
* Number of Scans Averaged by the Deck Unit = 1
* NMEA Latitude = 39 16.82 N
* NMEA Longitude = 063 50.90 W
* NMEA UTC (Time) = Jul 21 2024  22:38:16
* NMEA baud rate = 4800
** Ship: R/V Endeavor
** Cruise: EN719
** Principal Investigator: Chad Smith
** Chief Scientist: Chad Smith
** Project: NESMA24
** Cruise Start Date: 7 July 2024
** Ports: GSO, Narragansett RI to GSO, Narragansett RI
** Station:  CTD07
** Bottom Depth: 4932
** Operator:  JMA
# nquan = 27
# nvalues = 1994                        
# units = specified
# name 0 = scan: Scan Count
# name 1 = timeJ: Julian Days
# name 2 = timeS: Time, Elapsed [seconds]
# name 3 = prDM: Pressure, Digiquartz [db]
# name 4 = t090C: Temperature [ITS-90, deg C]
# name 5 = t190C: Temperature, 2 [ITS-90, deg C]
# name 6 = T2-T190C: Temperature Difference, 2 - 1 [ITS-90, deg C]
# name 7 = c0S/m: Conductivity [S/m]
# name 8 = c1S/m: Conductivity, 2 [S/m]
# name 9 = altM: Altimeter [m]
# name 10 = pumps: Pump Status
# name 11 = latitude: Latitude [deg]
# name 12 = longitude: Longitude [deg]
# name 13 = C2-C1S/m: Conductivity Difference, 2 - 1 [S/m]
# name 14 = depSM: Depth [salt water, m]
# name 15 = depSM: Depth [salt water, m], lat = 39.2803
# name 16 = sal00: Salinity, Practical [PSU]
# name 17 = sigma-é00: Density [sigma-theta, kg/m^3]
# name 18 = oxsolMm/Kg: Oxygen Saturation, Garcia & Gordon [umol/kg]
# name 19 = oxsatMm/Kg: Oxygen Saturation, Weiss [umol/kg]
# name 20 = potemp090C: Potential Temperature [ITS-90, deg C]
# name 21 = svCM: Sound Velocity [Chen-Millero, m/s]
# name 22 = svCM1: Sound Velocity, 2 [Chen-Millero, m/s]
# name 23 = dz/dtM: Descent Rate [m/s], WS = 2
# name 24 = gpa: Geopotential Anomaly [J/kg]
# name 25 = nbin: number of scans per bin
# name 26 = flag: flag
# span 0 =       1841,      55182       
# span 1 = 203.944163, 203.969887       
# span 2 =     76.647,   2299.205       
# span 3 =      8.061,   2026.082       
# span 4 =     3.5593,    25.2845       
# span 5 =     3.5609,    25.2838       
# span 6 =    -0.0874,     0.0370       
# span 7 =   3.299925,   5.312954       
# span 8 =   3.300082,   5.313058       
# span 9 =     -21.05,     100.57       
# span 10 =          1,          1      
# span 11 =   39.27992,   39.28040      
# span 12 =  -63.84823,  -63.84346      
# span 13 =  -0.004933,   0.007650      
# span 14 =      8.004,   2001.045      
# span 15 =      8.000,   2001.000      
# span 16 =    33.9588,    35.5454      
# span 17 =    22.8443,    27.8130      
# span 18 =  206.08661,  318.27271      
# span 19 =  205.56472,  319.16067      
# span 20 =     3.3959,    25.2819      
# span 21 =    1482.03,    1535.06      
# span 22 =    1482.04,    1535.06      
# span 23 =     -0.338,      2.151      
# span 24 =      0.393,     13.602      
# span 25 =          5,        650      
# span 26 = 0.0000e+00, 0.0000e+00      
# interval = meters: 1                  
# start_time = Jul 21 2024 22:38:19 [System UTC, header]
# bad_flag = -9.990e-29
*END*
[from data line 1235]
      36149 203.960708   1506.148   1256.298     4.0799     4.0808     0.0010   3.315564   3.315621       0.49          1   39.28010  -63.84530   0.000071   1242.994   1243.000    34.9681    27.7628  314.26934  315.08156     3.9807    1487.63    1487.63      1.421     10.064         16 0.0000e+00
      36165 203.960716   1506.816   1257.311     4.0770     4.0779     0.0009   3.315337   3.315412       0.50          1   39.28010  -63.84530   0.000094   1244.006   1244.000    34.9679    27.7630  314.29130  315.10392     3.9778    1487.63    1487.63      1.415     10.068         16 0.0000e+00
      36184 203.960725   1507.614   1258.325     4.0759     4.0768     0.0009   3.315300   3.315356      24.66          1   39.28010  -63.84530   0.000057   1245.012   1245.000    34.9681    27.7633  314.29922  315.11201     3.9766    1487.64    1487.65      1.092     10.073         24 0.0000e+00
      36212 203.960738   1508.794   1259.339     4.0749     4.0759     0.0010   3.315244   3.315310      78.25          1   39.28010  -63.84530   0.000069   1245.997   1246.000    34.9680    27.7633  314.30675  315.11967     3.9755    1487.66    1487.66      0.842     10.077         30 0.0000e+00
      36238 203.960751   1509.895   1260.353     4.0732     4.0739     0.0007   3.315109   3.315161       3.97          1   39.28010  -63.84529   0.000081   1246.997   1247.000    34.9677    27.7633  314.32072  315.13389     3.9737    1487.66    1487.67      0.994     10.082         24 0.0000e+00
      36263 203.960763   1510.910   1261.366     4.0680     4.0688     0.0008   3.314679   3.314729      22.00          1   39.28010  -63.84528   0.000066   1248.006   1248.000    34.9676    27.7637  314.35985  315.17374     3.9685    1487.66    1487.66      0.889     10.087         27 0.0000e+00
      36297 203.960779   1512.318   1262.380     4.0666     4.0675     0.0009   3.314592   3.314653      32.03          1   39.28008  -63.84528   0.000061   1248.999   1249.000    34.9676    27.7639  314.37099  315.18510     3.9670    1487.67    1487.67      0.673     10.091         38 0.0000e+00
      36329 203.960795   1513.681   1263.394     4.0664     4.0674     0.0010   3.314628   3.314695      45.37          1   39.28008  -63.84528   0.000063   1249.992   1250.000    34.9677    27.7640  314.37204  315.18618     3.9667    1487.69    1487.69      0.962     10.096         25 0.0000e+00
      36351 203.960805   1514.568   1264.408     4.0661     4.0672     0.0011   3.314633   3.314708      35.66          1   39.28008  -63.84528   0.000076   1250.991   1251.000    34.9676    27.7640  314.37469  315.18887     3.9663    1487.70    1487.71      1.311     10.100         19 0.0000e+00
      36367 203.960813   1515.262   1265.421     4.0644     4.0652     0.0009   3.314488   3.314561      -0.01          1   39.28008  -63.84528   0.000107   1251.996   1252.000    34.9672    27.7638  314.38861  315.20302     3.9645    1487.71    1487.71      1.531     10.105         15 0.0000e+00
      36382 203.960820   1515.887   1266.435     4.0612     4.0620     0.0009   3.314241   3.314308       2.45          1   39.28008  -63.84528   0.000076   1253.001   1253.000    34.9671    27.7641  314.41269  315.22755     3.9613    1487.71    1487.72      1.582     10.110         15 0.0000e+00
      36398 203.960828   1516.533   1267.449     4.0607     4.0618     0.0011   3.314260   3.314323      33.17          1   39.28008  -63.84528   0.000065   1254.009   1254.000    34.9673    27.7643  314.41576  315.23070     3.9607    1487.73    1487.73      1.423     10.114         17 0.0000e+00
      36419 203.960838   1517.404   1268.463     4.0604     4.0615     0.0011   3.314272   3.314335       3.14          1   39.28008  -63.84528   0.000061   1255.014   1255.000    34.9672    27.7643  314.41811  315.23309     3.9604    1487.74    1487.75      0.931     10.119         28 0.0000e+00
      36463 203.960860   1519.258   1269.476     4.0605     4.0614     0.0009   3.314314   3.314365       0.58          1   39.28009  -63.84526   0.000050   1255.996   1256.000    34.9672    27.7643  314.41776  315.23272     3.9604    1487.76    1487.77      0.490     10.124         51 0.0000e+00
      36499 203.960877   1520.741   1270.490     4.0605     4.0616     0.0011   3.314375   3.314426       0.71          1   39.28008  -63.84526   0.000049   1256.991   1257.000    34.9674    27.7645  314.41736  315.23233     3.9602    1487.78    1487.78      0.991     10.128         24 0.0000e+00
      36519 203.960887   1521.601   1271.504     4.0599     4.0609     0.0009   3.314359   3.314413       0.46          1   39.28008  -63.84526   0.000059   1257.995   1258.000    34.9673    27.7644  314.42175  315.23680     3.9596    1487.79    1487.80      1.258     10.133         19 0.0000e+00
      36538 203.960895   1522.359   1272.518     4.0589     4.0598     0.0009   3.314296   3.314358       0.49          1   39.28008  -63.84526   0.000068   1259.003   1259.000    34.9671    27.7644  314.42992  315.24511     3.9585    1487.81    1487.81      1.295     10.138         18 0.0000e+00
      36557 203.960905   1523.177   1273.532     4.0576     4.0587     0.0010   3.314242   3.314305      26.91          1   39.28008  -63.84526   0.000065   1260.005   1260.000    34.9673    27.7647  314.43910  315.25448     3.9571    1487.82    1487.82      1.158     10.142         22 0.0000e+00
      36580 203.960916   1524.132   1274.546     4.0570     4.0580     0.0010   3.314217   3.314290       4.46          1   39.28008  -63.84526   0.000076   1261.001   1261.000    34.9672    27.7647  314.44401  315.25947     3.9565    1487.83    1487.84      1.043     10.147         24 0.0000e+00
      36603 203.960927   1525.104   1275.559     4.0567     4.0573     0.0005   3.314240   3.314256       0.59          1   39.28008  -63.84526   0.000018   1261.997   1262.000    34.9673    27.7648  314.44625  315.26176     3.9560    1487.85    1487.85      1.081     10.151         22 0.0000e+00
      36625 203.960938   1526.014   1276.573     4.0555     4.0563     0.0008   3.314154   3.314211       0.69          1   39.28008  -63.84526   0.000066   1263.003   1263.000    34.9671    27.7648  314.45612  315.27180     3.9547    1487.86    1487.86      1.075     10.156         22 0.0000e+00
      36650 203.960949   1527.028   1277.587     4.0544     4.0555     0.0011   3.314107   3.314190       0.60          1   39.28008  -63.84525   0.000085   1264.006   1264.000    34.9671    27.7650  314.46413  315.27996     3.9536    1487.87    1487.88      0.895     10.161         27 0.0000e+00
      36684 203.960966   1528.449   1278.601     4.0522     4.0534     0.0013   3.313952   3.314035      15.41          1   39.28008  -63.84524   0.000088   1265.001   1265.000    34.9671    27.7652  314.48074  315.29690     3.9513    1487.88    1487.88      0.637     10.165         41 0.0000e+00
      36720 203.960983   1529.946   1279.615     4.0518     4.0528     0.0010   3.313960   3.314026      -0.06          1   39.28008  -63.84524   0.000069   1265.988   1266.000    34.9671    27.7652  314.48368  315.29989     3.9508    1487.89    1487.90      0.958     10.170         27 0.0000e+00
      36740 203.960993   1530.784   1280.628     4.0508     4.0518     0.0009   3.313907   3.313969       0.50          1   39.28008  -63.84524   0.000069   1266.989   1267.000    34.9670    27.7652  314.49136  315.30770     3.9498    1487.91    1487.91      1.410     10.174         16 0.0000e+00
      36755 203.961000   1531.423   1281.642     4.0503     4.0514     0.0011   3.313906   3.313984      40.95          1   39.28008  -63.84524   0.000067   1267.996   1268.000    34.9671    27.7654  314.49528  315.31170     3.9492    1487.92    1487.93      1.614     10.179         15 0.0000e+00
      36770 203.961007   1532.023   1282.656     4.0500     4.0510     0.0010   3.313920   3.313992       1.82          1   39.28008  -63.84524   0.000083   1269.002   1269.000    34.9670    27.7654  314.49748  315.31394     3.9488    1487.94    1487.94      1.581     10.184         15 0.0000e+00
      36786 203.961015   1532.708   1283.670     4.0476     4.0482     0.0006   3.313718   3.313764       0.55          1   39.28008  -63.84524   0.000066   1270.020   1270.000    34.9667    27.7654  314.51660  315.33340     3.9463    1487.94    1487.95      1.221     10.188         19 0.0000e+00
      36826 203.961034   1534.368   1284.684     4.0465     4.0475     0.0010   3.313670   3.313737      22.80          1   39.28008  -63.84524   0.000064   1271.000   1271.000    34.9668    27.7655  314.52456  315.34151     3.9451    1487.96    1487.96      0.475     10.193         57 0.0000e+00
      36867 203.961054   1536.085   1285.698     4.0462     4.0474     0.0012   3.313695   3.313772       7.79          1   39.28008  -63.84524   0.000079   1271.989   1272.000    34.9669    27.7657  314.52661  315.34361     3.9448    1487.97    1487.98      1.045     10.197         23 0.0000e+00
      36886 203.961063   1536.864   1286.712     4.0461     4.0471     0.0010   3.313727   3.313787      33.98          1   39.28008  -63.84524   0.000049   1272.993   1273.000    34.9668    27.7656  314.52730  315.34431     3.9446    1487.99    1487.99      1.367     10.202         18 0.0000e+00
      36902 203.961071   1537.550   1287.725     4.0466     4.0477     0.0012   3.313810   3.313911      32.61          1   39.28008  -63.84524   0.000094   1274.001   1274.000    34.9668    27.7656  314.52402  315.34097     3.9449    1488.01    1488.01      1.451     10.207         16 0.0000e+00
      36919 203.961079   1538.254   1288.739     4.0464     4.0475     0.0011   3.313844   3.313929       5.72          1   39.28008  -63.84524   0.000085   1275.007   1275.000    34.9669    27.7657  314.52509  315.34206     3.9447    1488.02    1488.03      1.341     10.211         18 0.0000e+00
      36939 203.961089   1539.090   1289.753     4.0458     4.0465     0.0007   3.313826   3.313852      54.13          1   39.28008  -63.84522   0.000033   1276.006   1276.000    34.9668    27.7657  314.52965  315.34670     3.9440    1488.04    1488.04      1.096     10.216         22 0.0000e+00
      36965 203.961102   1540.178   1290.767     4.0440     4.0450     0.0011   3.313695   3.313761      20.68          1   39.28008  -63.84522   0.000070   1277.004   1277.000    34.9667    27.7658  314.54386  315.36117     3.9421    1488.05    1488.05      0.839     10.221         30 0.0000e+00
      36997 203.961117   1541.511   1291.781     4.0434     4.0445     0.0011   3.313688   3.313755       0.36          1   39.28008  -63.84522   0.000067   1277.999   1278.000    34.9667    27.7659  314.54814  315.36554     3.9414    1488.06    1488.07      0.769     10.225         33 0.0000e+00
      37027 203.961131   1542.735   1292.795     4.0431     4.0441     0.0010   3.313710   3.313769       0.88          1   39.28008  -63.84522   0.000052   1278.997   1279.000    34.9668    27.7660  314.55020  315.36765     3.9411    1488.08    1488.08      0.921     10.230         26 0.0000e+00
      37051 203.961143   1543.759   1293.809     4.0437     4.0452     0.0015   3.313814   3.313916       0.51          1   39.28008  -63.84522   0.000098   1280.002   1280.000    34.9668    27.7660  314.54533  315.36268     3.9416    1488.10    1488.10      0.986     10.234         24 0.0000e+00
      37077 203.961155   1544.816   1294.823     4.0438     4.0447     0.0008   3.313860   3.313917       0.65          1   39.28008  -63.84522   0.000057   1280.999   1281.000    34.9667    27.7659  314.54477  315.36211     3.9416    1488.12    1488.12      0.965     10.239         26 0.0000e+00
      37101 203.961167   1545.822   1295.837     4.0436     4.0444     0.0008   3.313880   3.313937      10.76          1   39.28008  -63.84521   0.000051   1281.991   1282.000    34.9668    27.7659  314.54672  315.36410     3.9413    1488.13    1488.13      1.179     10.244         21 0.0000e+00
      37119 203.961176   1546.579   1296.850     4.0436     4.0447     0.0012   3.313928   3.314010       0.15          1   39.28008  -63.84520   0.000080   1282.994   1283.000    34.9668    27.7660  314.54657  315.36394     3.9412    1488.15    1488.15      1.433     10.248         16 0.0000e+00
      37135 203.961183   1547.239   1297.864     4.0432     4.0441     0.0009   3.313939   3.314013      20.99          1   39.28008  -63.84520   0.000070   1284.002   1284.000    34.9668    27.7661  314.54933  315.36676     3.9407    1488.16    1488.17      1.451     10.253         16 0.0000e+00
      37153 203.961192   1548.007   1298.878     4.0432     4.0442     0.0010   3.313977   3.314053      24.98          1   39.28008  -63.84520   0.000075   1285.018   1285.000    34.9668    27.7660  314.54948  315.36690     3.9406    1488.18    1488.18      1.055     10.258         24 0.0000e+00
      37199 203.961214   1549.902   1299.892     4.0431     4.0442     0.0011   3.314010   3.314080      15.04          1   39.28008  -63.84520   0.000067   1285.996   1286.000    34.9668    27.7660  314.55030  315.36774     3.9404    1488.19    1488.20      0.424     10.262         57 0.0000e+00
      37236 203.961232   1551.477   1300.906     4.0433     4.0444     0.0012   3.314071   3.314161      19.67          1   39.28008  -63.84520   0.000085   1286.987   1287.000    34.9668    27.7661  314.54897  315.36639     3.9405    1488.21    1488.22      1.116     10.267         22 0.0000e+00
      37254 203.961241   1552.209   1301.920     4.0435     4.0444     0.0009   3.314137   3.314209      11.62          1   39.28008  -63.84520   0.000068   1287.994   1288.000    34.9669    27.7661  314.54714  315.36452     3.9406    1488.23    1488.23      1.446     10.272         16 0.0000e+00
      37270 203.961248   1552.859   1302.934     4.0434     4.0444     0.0010   3.314173   3.314260       0.37          1   39.28008  -63.84520   0.000080   1289.000   1289.000    34.9668    27.7660  314.54756  315.36496     3.9405    1488.25    1488.25      1.533     10.276         16 0.0000e+00
      37285 203.961256   1553.520   1303.948     4.0433     4.0444     0.0011   3.314200   3.314302       0.81          1   39.28008  -63.84520   0.000099   1290.006   1290.000    34.9668    27.7660  314.54857  315.36597     3.9403    1488.26    1488.27      1.458     10.281         16 0.0000e+00
      37303 203.961265   1554.259   1304.962     4.0429     4.0441     0.0012   3.314217   3.314309       0.50          1   39.28008  -63.84518   0.000090   1291.004   1291.000    34.9669    27.7662  314.55132  315.36879     3.9398    1488.28    1488.28      1.303     10.285         19 0.0000e+00
      37323 203.961274   1555.098   1305.976     4.0431     4.0442     0.0011   3.314290   3.314362       0.51          1   39.28008  -63.84518   0.000068   1292.006   1292.000    34.9670    27.7663  314.54954  315.36699     3.9399    1488.30    1488.30      1.091     10.290         22 0.0000e+00
      37359 203.961292   1556.593   1306.990     4.0434     4.0444     0.0010   3.314342   3.314411       0.52          1   39.28008  -63.84518   0.000067   1293.004   1293.000    34.9669    27.7661  314.54805  315.36546     3.9401    1488.31    1488.32      0.538     10.295         58 0.0000e+00
      37411 203.961316   1558.733   1308.004     4.0435     4.0445     0.0010   3.314403   3.314473       0.67          1   39.28008  -63.84518   0.000065   1293.985   1294.000    34.9669    27.7662  314.54690  315.36430     3.9401    1488.33    1488.34      0.891     10.299         28 0.0000e+00
      37430 203.961325   1559.521   1309.018     4.0439     4.0450     0.0011   3.314484   3.314575       0.83          1   39.28008  -63.84518   0.000084   1294.984   1295.000    34.9670    27.7662  314.54399  315.36133     3.9404    1488.35    1488.36      1.470     10.304         16 0.0000e+00
