ctd/proc/EN719_CTD05_avg.cnv
* Sea-Bird SBE 9 Data File:
* FileName = D:\ctd\raw\EN719_CTD05.hdr
* Software Version Seasave V 7.26.7.121
* Temperature SN = 4333
* Conductivity SN = 0864
* Number of Bytes Per Scan = 37
* Number of Voltage Words = 4
* Number of Scans Averaged by the Deck Unit = 1
* NMEA Latitude = 38 27.45 N
* NMEA Longitude = 063 30.31 W
* NMEA UTC (Time) = Jul 13 2024  00:46:43
* NMEA baud rate = 4800
** Ship: R/V Endeavor
** Cruise: EN719
** Principal Investigator: Chad Smith
** Chief Scientist: Chad Smith
** Project: NESMA24
** Cruise Start Date: 7 July 2024
** Ports: GSO, Narragansett RI to GSO, Narragansett RI
** Station:
** Bottom Depth: 4508
** Operator:  BKC
# nquan = 27
# nvalues = 1992                        
# units = specified
# name 0 = scan: Scan Count
# name 1 = timeJ: Julian Days
# name 2 = timeS: Time, Elapsed [seconds]
# name 3 = prDM: Pressure, Digiquartz [db]
# name 4 = t090C: Temperature [ITS-90, deg C]
# name 5 = t190C: Temperature, 2 [ITS-90, deg C]
# name 6 = T2-T190C: Temperature Difference, 2 - 1 [ITS-90, deg C]
# name 7 = c0S/m: Conductivity [S/m]
# name 8 = c1S/m: Conductivity, 2 [S/m]
# name 9 = altM: Altimeter [m]
# name 10 = pumps: Pump Status
# name 11 = latitude: Latitude [deg]
# name 12 = longitude: Longitude [deg]
# name 13 = C2-C1S/m: Conductivity Difference, 2 - 1 [S/m]
# name 14 = depSM: Depth [salt water, m]
# name 15 = depSM: Depth [salt water, m], lat = 38.4575
# name 16 = sal00: Salinity, Practical [PSU]
# name 17 = sigma-é00: Density [sigma-theta, kg/m^3]
# name 18 = oxsolMm/Kg: Oxygen Saturation, Garcia & Gordon [umol/kg]
# name 19 = oxsatMm/Kg: Oxygen Saturation, Weiss [umol/kg]
# name 20 = potemp090C: Potential Temperature [ITS-90, deg C]
# name 21 = svCM: Sound Velocity [Chen-Millero, m/s]
# name 22 = svCM1: Sound Velocity, 2 [Chen-Millero, m/s]
# name 23 = dz/dtM: Descent Rate [m/s], WS = 2
# name 24 = gpa: Geopotential Anomaly [J/kg]
# name 25 = nbin: number of scans per bin
# name 26 = flag: flag
# span 0 =       1322,      61331       
# span 1 = 195.033114, 195.062053       
# span 2 =     55.052,   2555.420       
# span 3 =      9.068,   2024.914       
# span 4 =     3.7281,    28.0597       
# span 5 =     3.7288,    28.0607       
# span 6 =    -0.0517,     0.0154       
# span 7 =   3.315320,   5.820377       
# span 8 =   3.315469,   5.820614       
# span 9 =      -9.11,      85.58       
# span 10 =          1,          1      
# span 11 =   38.44304,   38.45729      
# span 12 =  -63.50479,  -63.48639      
# span 13 =  -0.003503,   0.003952      
# span 14 =      9.003,   2000.022      
# span 15 =      9.000,   2000.000      
# span 16 =    34.9623,    36.8246      
# span 17 =    23.1397,    27.8010      
# span 18 =  195.04805,  316.95988      
# span 19 =  194.54647,  317.82297      
# span 20 =     3.5623,    28.0568      
# span 21 =    1487.16,    1543.07      
# span 22 =    1487.16,    1543.07      
# span 23 =      0.095,      1.496      
# span 24 =      0.235,     19.602      
# span 25 =         10,        873      
# span 26 = 0.0000e+00, 0.0000e+00      
# interval = meters: 1                  
# start_time = Jul 13 2024 00:46:46 [System UTC, header]
# bad_flag = -9.990e-29
*END*
[from data line 215]
      11068 195.037814    461.126    225.821    19.2132    19.2125    -0.0007   4.921138   4.921219      15.49          1   38.45486  -63.50190   0.000215    223.997    224.000    36.6633    26.2487  226.23358  225.84741    19.1722    1524.91    1524.91      1.216      6.529         19 0.0000e+00
      11087 195.037823    461.911    226.830    19.2048    19.2047    -0.0000   4.920237   4.920332      16.69          1   38.45485  -63.50190   0.000137    225.005    225.000    36.6629    26.2505  226.26912  225.88325    19.1636    1524.90    1524.90      1.220      6.548         19 0.0000e+00
      11109 195.037834    462.821    227.839    19.2001    19.2002     0.0001   4.919711   4.919819       1.18          1   38.45484  -63.50190   0.000148    226.009    226.000    36.6622    26.2512  226.28932  225.90361    19.1587    1524.90    1524.90      0.960      6.567         26 0.0000e+00
      11142 195.037850    464.223    228.848    19.1940    19.1938    -0.0002   4.919032   4.919106       0.58          1   38.45484  -63.50188   0.000107    227.000    227.000    36.6615    26.2524  226.31552  225.93003    19.1525    1524.90    1524.90      0.637      6.585         41 0.0000e+00
      11179 195.037867    465.738    229.856    19.1841    19.1831    -0.0010   4.917780   4.917796       0.73          1   38.45482  -63.50187   0.000152    227.994    228.000    36.6594    26.2533  226.35966  225.97451    19.1424    1524.89    1524.89      0.825      6.604         29 0.0000e+00
      11204 195.037880    466.802    230.865    19.1659    19.1651    -0.0008   4.915629   4.915680       0.62          1   38.45481  -63.50186   0.000168    228.998    229.000    36.6570    26.2562  226.43815  226.05365    19.1241    1524.85    1524.85      0.992      6.623         24 0.0000e+00
      11228 195.037891    467.793    231.874    19.1537    19.1532    -0.0005   4.914205   4.914277       0.54          1   38.45480  -63.50186   0.000159    230.000    230.000    36.6554    26.2582  226.49090  226.10683    19.1117    1524.83    1524.83      1.042      6.641         23 0.0000e+00
      11251 195.037902    468.731    232.882    19.1414    19.1406    -0.0008   4.912631   4.912684       0.69          1   38.45480  -63.50185   0.000344    230.996    231.000    36.6527    26.2594  226.54587  226.16222    19.0992    1524.81    1524.81      1.136      6.660         22 0.0000e+00
      11271 195.037912    469.574    233.891    19.1011    19.0982    -0.0029   4.907665   4.907675      37.73          1   38.45480  -63.50184   0.000317    232.001    232.000    36.6462    26.2649  226.72247  226.34024    19.0587    1524.71    1524.70      1.195      6.678         19 0.0000e+00
      11291 195.037922    470.437    234.900    19.0810    19.0802    -0.0008   4.905532   4.905607       1.50          1   38.45480  -63.50184   0.000226    233.008    233.000    36.6456    26.2697  226.80629  226.42479    19.0386    1524.66    1524.66      1.045      6.697         23 0.0000e+00
      11322 195.037937    471.724    235.909    19.0711    19.0712     0.0001   4.904496   4.904597       0.61          1   38.45479  -63.50183   0.000126    234.005    234.000    36.6453    26.2721  226.84796  226.46683    19.0284    1524.65    1524.65      0.648      6.715         41 0.0000e+00
      11363 195.037956    473.432    236.917    19.0687    19.0691     0.0004   4.904278   4.904388       0.54          1   38.45478  -63.50182   0.000113    234.994    235.000    36.6452    26.2727  226.85803  226.47698    19.0258    1524.67    1524.67      0.722      6.734         34 0.0000e+00
      11391 195.037970    474.574    237.926    19.0650    19.0653     0.0003   4.903862   4.903975      19.17          1   38.45475  -63.50179   0.000160    235.996    236.000    36.6446    26.2731  226.87410  226.49319    19.0220    1524.67    1524.67      0.991      6.752         24 0.0000e+00
      11413 195.037980    475.517    238.935    19.0596    19.0595    -0.0001   4.903246   4.903324      31.49          1   38.45474  -63.50178   0.000161    236.998    237.000    36.6438    26.2740  226.89775  226.51702    19.0164    1524.67    1524.67      1.119      6.771         21 0.0000e+00
      11434 195.037991    476.385    239.944    19.0453    19.0441    -0.0011   4.901470   4.901523       0.45          1   38.45474  -63.50178   0.000247    237.999    238.000    36.6411    26.2757  226.96109  226.58088    19.0019    1524.64    1524.64      1.177      6.789         21 0.0000e+00
      11455 195.038000    477.232    240.952    19.0287    19.0281    -0.0006   4.899572   4.899659      22.55          1   38.45474  -63.50178   0.000206    239.002    239.000    36.6395    26.2787  227.03237  226.65275    18.9852    1524.61    1524.61      1.165      6.808         20 0.0000e+00
      11476 195.038011    478.133    241.961    19.0132    19.0124    -0.0009   4.897745   4.897797       0.92          1   38.45474  -63.50178   0.000210    240.005    240.000    36.6374    26.2811  227.09978  226.72072    18.9696    1524.58    1524.58      1.015      6.826         24 0.0000e+00
      11506 195.038025    479.392    242.970    18.9987    18.9981    -0.0005   4.896139   4.896180       0.60          1   38.45472  -63.50176   0.000107    241.005    241.000    36.6364    26.2842  227.16176  226.78323    18.9549    1524.56    1524.56      0.679      6.845         39 0.0000e+00
      11545 195.038044    481.016    243.979    18.9896    18.9898     0.0002   4.895139   4.895247      14.77          1   38.45472  -63.50176   0.000117    241.992    242.000    36.6356    26.2859  227.20062  226.82242    18.9456    1524.55    1524.55      0.760      6.863         32 0.0000e+00
      11571 195.038056    482.075    244.987    18.9858    18.9862     0.0004   4.894700   4.894843       0.89          1   38.45470  -63.50176   0.000230    242.996    243.000    36.6348    26.2864  227.21730  226.83924    18.9417    1524.55    1524.56      1.110      6.881         21 0.0000e+00
      11591 195.038066    482.904    245.996    18.9786    18.9789     0.0003   4.893892   4.894026      22.58          1   38.45470  -63.50176   0.000186    244.000    244.000    36.6340    26.2876  227.24850  226.87070    18.9343    1524.55    1524.55      1.194      6.900         20 0.0000e+00
      11612 195.038076    483.781    247.005    18.9739    18.9739    -0.0000   4.893404   4.893452       0.73          1   38.45469  -63.50175   0.000071    245.006    245.000    36.6337    26.2886  227.26853  226.89090    18.9294    1524.55    1524.55      1.046      6.918         23 0.0000e+00
      11638 195.038089    484.895    248.014    18.9623    18.9599    -0.0023   4.891856   4.891725       0.52          1   38.45468  -63.50174   0.000047    246.002    246.000    36.6306    26.2893  227.32170  226.94448    18.9176    1524.53    1524.53      0.849      6.937         30 0.0000e+00
      11667 195.038103    486.092    249.022    18.9395    18.9382    -0.0013   4.889121   4.889114       0.77          1   38.45468  -63.50172   0.000179    246.996    247.000    36.6273    26.2927  227.42155  227.04516    18.8947    1524.48    1524.48      0.919      6.955         26 0.0000e+00
      11691 195.038115    487.103    250.031    18.9233    18.9235     0.0002   4.887339   4.887450      22.80          1   38.45466  -63.50172   0.000146    248.000    248.000    36.6262    26.2960  227.49043  227.11464    18.8784    1524.45    1524.45      1.017      6.973         24 0.0000e+00
      11715 195.038126    488.094    251.040    18.9146    18.9141    -0.0005   4.886299   4.886347      14.26          1   38.45466  -63.50170   0.000185    249.002    249.000    36.6247    26.2972  227.52884  227.15336    18.8695    1524.44    1524.44      0.981      6.992         24 0.0000e+00
      11742 195.038139    489.188    252.049    18.9013    18.9013     0.0001   4.884824   4.884935       5.35          1   38.45464  -63.50168   0.000136    250.003    250.000    36.6238    26.2999  227.58605  227.21106    18.8560    1524.42    1524.42      0.859      7.010         29 0.0000e+00
      11772 195.038154    490.475    253.058    18.8996    18.9001     0.0006   4.884739   4.884869       0.61          1   38.45464  -63.50168   0.000127    250.999    251.000    36.6242    26.3007  227.59245  227.21753    18.8541    1524.43    1524.43      0.768      7.028         32 0.0000e+00
      11803 195.038168    491.730    254.067    18.9004    18.9011     0.0007   4.884993   4.885105       0.79          1   38.45464  -63.50168   0.000083    251.997    252.000    36.6252    26.3014  227.58754  227.21260    18.8547    1524.45    1524.45      0.888      7.046         27 0.0000e+00
      11827 195.038180    492.770    255.075    18.9023    18.9025     0.0001   4.885397   4.885430       0.54          1   38.45463  -63.50167   0.000014    252.997    253.000    36.6265    26.3019  227.57741  227.20240    18.8565    1524.47    1524.47      1.041      7.065         23 0.0000e+00
      11849 195.038191    493.686    256.084    18.8982    18.8977    -0.0006   4.884918   4.884949       0.52          1   38.45462  -63.50166   0.000178    253.999    254.000    36.6257    26.3024  227.59566  227.22080    18.8522    1524.48    1524.48      1.122      7.083         22 0.0000e+00
      11871 195.038201    494.577    257.093    18.8839    18.8830    -0.0009   4.883067   4.883119      33.17          1   38.45462  -63.50166   0.000151    255.003    255.000    36.6224    26.3035  227.66035  227.28600    18.8378    1524.45    1524.45      1.071      7.101         22 0.0000e+00
      11896 195.038213    495.636    258.102    18.8703    18.8703     0.0000   4.881388   4.881487       6.72          1   38.45462  -63.50166   0.000185    256.006    256.000    36.6199    26.3052  227.72099  227.34715    18.8239    1524.42    1524.42      0.839      7.120         30 0.0000e+00
      11929 195.038229    497.005    259.111    18.8627    18.8623    -0.0004   4.880490   4.880536       0.37          1   38.45463  -63.50166   0.000128    256.995    257.000    36.6187    26.3062  227.75454  227.38096    18.8162    1524.42    1524.42      0.780      7.138         32 0.0000e+00
      11956 195.038242    498.130    260.120    18.8495    18.8493    -0.0002   4.878917   4.879006       0.60          1   38.45462  -63.50164   0.000156    257.997    258.000    36.6167    26.3081  227.81257  227.43948    18.8029    1524.39    1524.40      1.008      7.156         23 0.0000e+00
      11979 195.038253    499.079    261.128    18.8404    18.8396    -0.0007   4.877859   4.877861       0.56          1   38.45462  -63.50164   0.000095    259.004    259.000    36.6155    26.3096  227.85266  227.47991    18.7935    1524.38    1524.38      1.011      7.174         24 0.0000e+00
      12005 195.038266    500.174    262.137    18.8341    18.8338    -0.0003   4.877172   4.877223       0.55          1   38.45460  -63.50164   0.000085    260.001    260.000    36.6149    26.3108  227.87986  227.50734    18.7871    1524.38    1524.38      0.856      7.192         29 0.0000e+00
      12035 195.038280    501.399    263.146    18.8298    18.8302     0.0004   4.876735   4.876832       0.80          1   38.45460  -63.50164   0.000104    260.997    261.000    36.6145    26.3117  227.89805  227.52569    18.7827    1524.39    1524.39      0.878      7.211         27 0.0000e+00
      12060 195.038292    502.456    264.155    18.8273    18.8272    -0.0000   4.876461   4.876515       0.59          1   38.45458  -63.50162   0.000113    261.999    262.000    36.6141    26.3120  227.90937  227.53710    18.7799    1524.40    1524.40      0.996      7.229         24 0.0000e+00
      12084 195.038304    503.452    265.164    18.8194    18.8192    -0.0002   4.875532   4.875585       0.56          1   38.45460  -63.50162   0.000116    263.002    263.000    36.6129    26.3131  227.94425  227.57227    18.7718    1524.39    1524.39      0.974      7.247         25 0.0000e+00
      12110 195.038317    504.553    266.173    18.8055    18.8044    -0.0011   4.873804   4.873798      12.44          1   38.45460  -63.50162   0.000138    264.001    264.000    36.6102    26.3147  228.00639  227.63492    18.7578    1524.36    1524.36      0.889      7.265         28 0.0000e+00
      12138 195.038330    505.693    267.182    18.7908    18.7905    -0.0003   4.872105   4.872158      35.61          1   38.45460  -63.50162   0.000126    265.000    265.000    36.6085    26.3171  228.07041  227.69949    18.7430    1524.34    1524.34      0.899      7.284         26 0.0000e+00
      12165 195.038343    506.825    268.190    18.7840    18.7841     0.0002   4.871307   4.871407      15.69          1   38.45460  -63.50162   0.000132    266.001    266.000    36.6074    26.3181  228.10069  227.73002    18.7360    1524.33    1524.33      0.855      7.302         29 0.0000e+00
      12194 195.038357    508.055    269.199    18.7775    18.7774    -0.0001   4.870514   4.870592      15.17          1   38.45459  -63.50161   0.000145    267.000    267.000    36.6060    26.3188  228.12973  227.75930    18.7294    1524.33    1524.33      0.825      7.320         30 0.0000e+00
      12222 195.038371    509.229    270.208    18.7696    18.7697     0.0000   4.869625   4.869706       0.31          1   38.45458  -63.50160   0.000143    267.997    268.000    36.6051    26.3201  228.16406  227.79392    18.7213    1524.32    1524.33      0.947      7.338         25 0.0000e+00
      12246 195.038382    510.207    271.217    18.7568    18.7565    -0.0003   4.868151   4.868229      40.99          1   38.45456  -63.50158   0.000180    268.997    269.000    36.6036    26.3223  228.22009  227.85044    18.7083    1524.30    1524.30      1.093      7.356         22 0.0000e+00
      12267 195.038392    511.090    272.226    18.7517    18.7522     0.0005   4.867694   4.867808       0.22          1   38.45456  -63.50158   0.000128    270.001    270.000    36.6039    26.3239  228.24113  227.87167    18.7030    1524.30    1524.31      1.123      7.374         21 0.0000e+00
      12290 195.038403    512.030    273.235    18.7499    18.7504     0.0005   4.867533   4.867647      23.55          1   38.45454  -63.50156   0.000117    271.006    271.000    36.6037    26.3242  228.24877  227.87937    18.7011    1524.32    1524.32      0.973      7.392         25 0.0000e+00
      12319 195.038417    513.257    274.244    18.7489    18.7495     0.0006   4.867451   4.867567      17.27          1   38.45454  -63.50156   0.000128    272.001    272.000    36.6036    26.3244  228.25329  227.88393    18.6999    1524.33    1524.33      0.749      7.410         34 0.0000e+00
      12353 195.038433    514.649    275.253    18.7412    18.7407    -0.0005   4.866506   4.866565      36.09          1   38.45453  -63.50155   0.000137    272.999    273.000    36.6021    26.3253  228.28798  227.91891    18.6920    1524.32    1524.32      0.760      7.429         32 0.0000e+00
      12382 195.038448    515.890    276.262    18.7313    18.7311    -0.0002   4.865401   4.865462      63.83          1   38.45452  -63.50154   0.000140    273.996    274.000    36.6011    26.3270  228.33084  227.96214    18.6819    1524.31    1524.31      0.900      7.447         27 0.0000e+00
      12407 195.038460    516.913    277.271    18.7219    18.7220     0.0000   4.864356   4.864450       0.85          1   38.45453  -63.50154   0.000159    274.999    275.000    36.6002    26.3288  228.37157  228.00323    18.6724    1524.30    1524.30      1.040      7.465         23 0.0000e+00
      12430 195.038471    517.855    278.280    18.7142    18.7141    -0.0001   4.863496   4.863566      14.90          1   38.45454  -63.50154   0.000115    276.000    276.000    36.5993    26.3302  228.40516  228.03710    18.6645    1524.29    1524.29      1.049      7.483         23 0.0000e+00
