ctd/proc/en719_ctd01_avg.cnv
* Sea-Bird SBE 9 Data File:
* FileName = D:\ctd\raw\EN719_CTD01.hdr
* Software Version Seasave V 7.26.7.121
* Temperature SN = 4333
* Conductivity SN = 2459
* Number of Bytes Per Scan = 37
* Number of Voltage Words = 4
* Number of Scans Averaged by the Deck Unit = 1
* NMEA Latitude = 39 13.22 N
* NMEA Longitude = 063 42.23 W
* NMEA UTC (Time) = Jul 10 2024  14:35:46
* NMEA baud rate = 4800
** Ship: R/V Endeavor
** Cruise: EN719
** Principal Investigator: Chad Smith
** Chief Scientist: Chad Smith
** Project: NESMA24
** Cruise Start Date: 7 July 2024
** Ports: GSO, Narragansett RI to GSO, Narragansett RI
** Station:  CTD-01
** Bottom Depth: 4939
** Operator:  Gavin Dies
# nquan = 27
# nvalues = 1992                        
# units = specified
# name 0 = scan: Scan Count
# name 1 = timeJ: Julian Days
# name 2 = timeS: Time, Elapsed [seconds]
# name 3 = prDM: Pressure, Digiquartz [db]
# name 4 = t090C: Temperature [ITS-90, deg C]
# name 5 = t190C: Temperature, 2 [ITS-90, deg C]
# name 6 = T2-T190C: Temperature Difference, 2 - 1 [ITS-90, deg C]
# name 7 = c0S/m: Conductivity [S/m]
# name 8 = c1S/m: Conductivity, 2 [S/m]
# name 9 = altM: Altimeter [m]
# name 10 = pumps: Pump Status
# name 11 = latitude: Latitude [deg]
# name 12 = longitude: Longitude [deg]
# name 13 = C2-C1S/m: Conductivity Difference, 2 - 1 [S/m]
# name 14 = depSM: Depth [salt water, m]
# name 15 = depSM: Depth [salt water, m], lat = 39.2203
# name 16 = sal00: Salinity, Practical [PSU]
# name 17 = sigma-é00: Density [sigma-theta, kg/m^3]
# name 18 = oxsolMm/Kg: Oxygen Saturation, Garcia & Gordon [umol/kg]
# name 19 = oxsatMm/Kg: Oxygen Saturation, Weiss [umol/kg]
# name 20 = potemp090C: Potential Temperature [ITS-90, deg C]
# name 21 = svCM: Sound Velocity [Chen-Millero, m/s]
# name 22 = svCM1: Sound Velocity, 2 [Chen-Millero, m/s]
# name 23 = dz/dtM: Descent Rate [m/s], WS = 2
# name 24 = gpa: Geopotential Anomaly [J/kg]
# name 25 = nbin: number of scans per bin
# name 26 = flag: flag
# span 0 =      -1640,      84525       
# span 1 = 192.607415, 192.712856       
# span 2 =    -68.356,   3521.837       
# span 3 =      7.054,   2025.054       
# span 4 =     3.6732,    25.7142       
# span 5 =     2.8884,    25.7122       
# span 6 =    -2.6564,     4.5110       
# span 7 =   3.319492,   5.343828       
# span 8 =   3.310537,   5.332487       
# span 9 =     -12.17,     113.32       
# span 10 =          1,          1      
# span 11 =   39.17491,   39.22183      
# span 12 =  -63.72143,  -63.67740      
# span 13 =  -0.531860,   0.010557      
# span 14 =      6.987,   2000.020      
# span 15 =      7.000,   2000.000      
# span 16 =    33.7386,    54.2256      
# span 17 =    22.9011,    58.5599      
# span 18 =  173.47069,  326.11587      
# span 19 =  204.19255,  318.00202      
# span 20 =     3.5077,    25.7127      
# span 21 =    1484.39,    1535.95      
# span 22 =    1484.39,    1535.85      
# span 23 =     -0.753,    133.676      
# span 24 =     -1.154,     10.939      
# span 25 =          1,        816      
# span 26 = 0.0000e+00, 0.0000e+00      
# interval = meters: 1                  
# start_time = Jul 10 2024 14:35:49 [System UTC, header]
# bad_flag = -9.990e-29
*END*
[from data line 376]
      15014 192.615446    625.534    386.290    10.9826    10.9828     0.0002   3.953133   3.955391      21.85          1   39.21191  -63.69801   0.002933    382.999    383.000    35.3339    27.0476  268.28405  268.35555    10.9344    1500.09    1500.12      0.966      7.905         25 0.0000e+00
      15038 192.615458    626.552    387.300    10.8792    10.8723    -0.0069   3.940943   3.942473      25.15          1   39.21190  -63.69800   0.002455    384.001    384.000    35.3109    27.0484  268.91456  268.99409    10.8312    1499.71    1499.72      0.993      7.916         24 0.0000e+00
      15063 192.615470    627.600    388.310    10.7490    10.7417    -0.0074   3.925523   3.927257       1.32          1   39.21189  -63.69799   0.002670    385.005    385.000    35.2811    27.0485  269.71422  269.80393    10.7013    1499.24    1499.24      0.886      7.927         27 0.0000e+00
      15094 192.615485    628.880    389.319    10.6045    10.5956    -0.0088   3.908926   3.910319      12.12          1   39.21187  -63.69798   0.002418    385.999    386.000    35.2530    27.0523  270.59742  270.69864    10.5570    1498.71    1498.71      0.770      7.938         33 0.0000e+00
      15124 192.615499    630.122    390.329    10.4399    10.4260    -0.0139   3.889668   3.890701      27.22          1   39.21184  -63.69796   0.002283    386.996    387.000    35.2169    27.0531  271.61709  271.73150    10.3928    1498.10    1498.08      0.922      7.949         26 0.0000e+00
      15148 192.615511    631.107    391.338    10.3444    10.3396    -0.0048   3.879414   3.881070      26.20          1   39.21184  -63.69796   0.002457    387.995    388.000    35.2049    27.0605  272.19425  272.31652    10.2975    1497.76    1497.77      1.121      7.960         22 0.0000e+00
      15168 192.615520    631.945    392.348    10.1974    10.1794    -0.0179   3.861721   3.862833       2.11          1   39.21182  -63.69794   0.003265    388.998    389.000    35.1671    27.0565  273.12632  273.26053    10.1507    1497.21    1497.18      1.238      7.971         19 0.0000e+00
      15187 192.615529    632.740    393.357    10.0403    10.0339    -0.0064   3.845528   3.847216      32.85          1   39.21181  -63.69794   0.002257    390.005    390.000    35.1539    27.0733  274.07365  274.22118     9.9940    1496.65    1496.65      1.196      7.982         19 0.0000e+00
      15210 192.615541    633.714    394.367     9.9581     9.9512    -0.0069   3.836231   3.837818      36.40          1   39.21180  -63.69793   0.002206    391.010    391.000    35.1383    27.0751  274.58954  274.74398     9.9119    1496.35    1496.35      0.859      7.993         30 0.0000e+00
      15249 192.615560    635.340    395.376     9.9019     9.8984    -0.0035   3.830261   3.831981      -1.07          1   39.21177  -63.69791   0.001980    391.995    392.000    35.1312    27.0791  274.93535  275.09458     9.8557    1496.16    1496.17      0.616      8.003         42 0.0000e+00
      15280 192.615574    636.628    396.386     9.8576     9.8576    -0.0001   3.825557   3.827420      19.48          1   39.21176  -63.69790   0.001965    392.988    393.000    35.1256    27.0823  275.20890  275.37191     9.8115    1496.01    1496.03      1.111      8.014         21 0.0000e+00
      15298 192.615583    637.387    397.396     9.8521     9.8531     0.0010   3.825176   3.827240       0.37          1   39.21176  -63.69790   0.001806    393.997    394.000    35.1266    27.0841  275.23980  275.40332     9.8059    1496.00    1496.03      1.379      8.025         17 0.0000e+00
      15315 192.615591    638.083    398.405     9.8819     9.8870     0.0051   3.829600   3.831888       0.63          1   39.21174  -63.69788   0.001908    395.009    395.000    35.1425    27.0914  275.03145  275.19261     9.8355    1496.15    1496.19      1.313      8.036         18 0.0000e+00
      15338 192.615602    639.037    399.415     9.8921     9.8908    -0.0014   3.830761   3.832567       0.74          1   39.21174  -63.69788   0.001902    396.012    396.000    35.1440    27.0909  274.96803  275.12831     9.8455    1496.20    1496.22      0.850      8.046         31 0.0000e+00
      15378 192.615622    640.720    400.424     9.8136     9.8061    -0.0076   3.822193   3.823763      33.66          1   39.21171  -63.69785   0.001975    396.992    397.000    35.1321    27.0948  275.45750  275.62450     9.7671    1495.92    1495.92      0.643      8.057         39 0.0000e+00
      15406 192.615635    641.864    401.434     9.7866     9.7892     0.0026   3.819938   3.822196       0.05          1   39.21168  -63.69784   0.002292    397.991    398.000    35.1347    27.1015  275.61279  275.78222     9.7401    1495.84    1495.88      1.145      8.068         21 0.0000e+00
      15424 192.615644    642.628    402.444     9.7744     9.7754     0.0010   3.818673   3.820854      35.56          1   39.21168  -63.69784   0.002350    398.997    399.000    35.1332    27.1024  275.68851  275.85900     9.7278    1495.81    1495.84      1.359      8.078         17 0.0000e+00
      15441 192.615652    643.343    403.453     9.7597     9.7602     0.0005   3.817191   3.819328      46.95          1   39.21168  -63.69784   0.002325    400.007    400.000    35.1318    27.1038  275.77869  275.95045     9.7130    1495.78    1495.80      1.308      8.089         18 0.0000e+00
      15462 192.615662    644.228    404.463     9.7381     9.7383     0.0002   3.814853   3.816965      16.04          1   39.21168  -63.69782   0.002240    401.011    401.000    35.1284    27.1048  275.91450  276.08813     9.6913    1495.71    1495.74      0.953      8.099         26 0.0000e+00
      15501 192.615681    645.814    405.472     9.7164     9.7109    -0.0055   3.812431   3.813878      22.31          1   39.21165  -63.69781   0.001593    402.000    402.000    35.1241    27.1051  276.05222  276.22770     9.6696    1495.64    1495.65      0.552      8.110         47 0.0000e+00
      15539 192.615699    647.396    406.482     9.6925     9.6958     0.0032   3.809776   3.812232      14.16          1   39.21163  -63.69779   0.002469    402.989    403.000    35.1196    27.1055  276.20351  276.38105     9.6457    1495.57    1495.61      0.954      8.120         26 0.0000e+00
      15559 192.615709    648.241    407.492     9.6880     9.6918     0.0038   3.809382   3.811809       0.29          1   39.21162  -63.69778   0.002508    403.993    404.000    35.1195    27.1062  276.23077  276.40871     9.6411    1495.57    1495.61      1.316      8.131         18 0.0000e+00
      15576 192.615717    648.939    408.501     9.6862     9.6881     0.0018   3.809264   3.811496      79.19          1   39.21160  -63.69776   0.002187    405.003    405.000    35.1195    27.1066  276.24127  276.41937     9.6392    1495.58    1495.61      1.403      8.141         16 0.0000e+00
      15593 192.615725    649.684    409.511     9.6869     9.6872     0.0003   3.809413   3.811400      47.03          1   39.21160  -63.69776   0.002114    406.010    406.000    35.1200    27.1069  276.23651  276.41455     9.6397    1495.60    1495.63      1.185      8.152         21 0.0000e+00
      15622 192.615739    650.860    410.521     9.6197     9.5946    -0.0251   3.800974   3.800799      22.85          1   39.21158  -63.69776   0.000766    407.006    407.000    35.0980    27.1009  276.68242  276.86612     9.5726    1495.35    1495.28      0.705      8.162         38 0.0000e+00
      15662 192.615759    652.553    411.530     9.4485     9.4358    -0.0127   3.782119   3.783155      31.23          1   39.21156  -63.69773   0.001519    407.993    408.000    35.0699    27.1074  277.76745  277.96613     9.4018    1494.71    1494.69      0.723      8.173         34 0.0000e+00
      15688 192.615771    653.627    412.540     9.3796     9.3764    -0.0033   3.774706   3.776572      38.37          1   39.21155  -63.69772   0.002324    408.992    409.000    35.0600    27.1109  278.20367  278.40846     9.3330    1494.46    1494.47      1.136      8.183         21 0.0000e+00
      15707 192.615780    654.417    413.550     9.3108     9.3068    -0.0040   3.766956   3.768965       0.56          1   39.21154  -63.69771   0.002727    410.002    410.000    35.0464    27.1115  278.64801  278.85887     9.2643    1494.21    1494.22      1.249      8.193         19 0.0000e+00
      15727 192.615790    655.248    414.559     9.2646     9.2649     0.0003   3.762382   3.764587       1.53          1   39.21154  -63.69770   0.002354    411.008    411.000    35.0437    27.1170  278.93454  279.14961     9.2181    1494.05    1494.08      1.100      8.204         22 0.0000e+00
      15754 192.615803    656.366    415.569     9.2530     9.2528    -0.0002   3.761314   3.763426      17.08          1   39.21151  -63.69769   0.002195    412.006    412.000    35.0434    27.1187  279.00539  279.22153     9.2065    1494.02    1494.05      0.766      8.214         33 0.0000e+00
      15791 192.615821    657.932    416.579     9.2355     9.2357     0.0002   3.759630   3.761799      15.30          1   39.21150  -63.69768   0.002217    412.995    413.000    35.0425    27.1209  279.11349  279.33122     9.1889    1493.98    1494.00      0.702      8.225         36 0.0000e+00
      15819 192.615834    659.096    417.588     9.2240     9.2257     0.0017   3.758614   3.760871      28.26          1   39.21148  -63.69766   0.002351    413.991    414.000    35.0428    27.1230  279.18308  279.40188     9.1773    1493.95    1493.98      1.095      8.235         22 0.0000e+00
      15839 192.615844    659.896    418.598     9.2109     9.2121     0.0012   3.757333   3.759566       0.57          1   39.21146  -63.69766   0.002363    414.997    415.000    35.0418    27.1243  279.26474  279.48474     9.1642    1493.92    1493.95      1.316      8.245         18 0.0000e+00
      15856 192.615852    660.629    419.608     9.1915     9.1912    -0.0002   3.755299   3.757452       0.60          1   39.21146  -63.69765   0.002312    416.008    416.000    35.0392    27.1255  279.38855  279.61030     9.1447    1493.86    1493.89      1.255      8.255         18 0.0000e+00
      15880 192.615864    661.607    420.617     9.1867     9.1887     0.0020   3.755056   3.757362       0.65          1   39.21145  -63.69764   0.002273    417.010    417.000    35.0409    27.1276  279.41419  279.63641     9.1398    1493.86    1493.90      0.845      8.266         31 0.0000e+00
      15920 192.615883    663.277    421.627     9.1873     9.1898     0.0025   3.755571   3.757946      30.58          1   39.21142  -63.69762   0.002268    417.995    418.000    35.0452    27.1309  279.40190  279.62415     9.1403    1493.89    1493.92      0.591      8.276         42 0.0000e+00
      15952 192.615898    664.629    422.637     9.2173     9.2209     0.0036   3.759731   3.762044      -0.24          1   39.21141  -63.69761   0.002134    418.995    419.000    35.0586    27.1366  279.19195  279.41165     9.1701    1494.03    1494.07      0.982      8.286         25 0.0000e+00
      15973 192.615909    665.514    423.646     9.2258     9.2289     0.0032   3.760849   3.763198       0.70          1   39.21140  -63.69760   0.002144    419.997    420.000    35.0615    27.1374  279.13459  279.35355     9.1784    1494.08    1494.12      1.202      8.296         19 0.0000e+00
      15993 192.615918    666.319    424.656     9.2417     9.2441     0.0024   3.762841   3.765121       0.57          1   39.21140  -63.69760   0.002304    421.005    421.000    35.0662    27.1385  279.02842  279.24599     9.1941    1494.16    1494.20      1.178      8.307         20 0.0000e+00
      16016 192.615929    667.297    425.666     9.2270     9.2277     0.0007   3.761327   3.763544       0.49          1   39.21137  -63.69758   0.002284    422.008    422.000    35.0644    27.1395  279.12146  279.34036     9.1794    1494.12    1494.15      0.883      8.317         29 0.0000e+00
      16050 192.615946    668.698    426.676     9.2229     9.2250     0.0021   3.761123   3.763398      37.04          1   39.21135  -63.69757   0.002231    422.995    423.000    35.0657    27.1413  279.14329  279.36259     9.1752    1494.13    1494.16      0.747      8.327         34 0.0000e+00
      16077 192.615959    669.843    427.685     9.2187     9.2192     0.0005   3.760899   3.763085      -0.28          1   39.21134  -63.69756   0.002284    423.996    424.000    35.0671    27.1430  279.16645  279.38616     9.1709    1494.13    1494.16      1.036      8.337         22 0.0000e+00
      16099 192.615969    670.747    428.695     9.2266     9.2280     0.0014   3.762638   3.764774       0.46          1   39.21133  -63.69755   0.002089    425.005    425.000    35.0770    27.1495  279.09845  279.31760     9.1786    1494.19    1494.22      1.054      8.347         23 0.0000e+00
      16124 192.615981    671.803    429.705     9.2023     9.2025     0.0002   3.759968   3.762139       0.63          1   39.21132  -63.69753   0.002292    426.002    426.000    35.0725    27.1500  279.25518  279.47651     9.1543    1494.11    1494.14      0.894      8.357         28 0.0000e+00
      16152 192.615995    672.965    430.715     9.1795     9.1792    -0.0003   3.757458   3.759586      22.73          1   39.21130  -63.69752   0.002390    426.997    427.000    35.0683    27.1504  279.40305  279.62642     9.1314    1494.04    1494.06      0.916      8.368         27 0.0000e+00
      16177 192.616007    674.014    431.724     9.1202     9.1135    -0.0067   3.750703   3.752331       1.08          1   39.21128  -63.69750   0.002328    428.004    428.000    35.0556    27.1501  279.79086  280.01954     9.0722    1493.82    1493.82      0.930      8.378         25 0.0000e+00
      16206 192.616021    675.216    432.734     9.0254     9.0166    -0.0089   3.740593   3.742039       0.72          1   39.21127  -63.69750   0.002023    429.003    429.000    35.0426    27.1551  280.39795  280.63528     8.9776    1493.47    1493.47      0.766      8.388         33 0.0000e+00
      16239 192.616037    676.576    433.744     8.9381     8.9372    -0.0009   3.731681   3.733786       0.70          1   39.21126  -63.69749   0.002282    429.995    430.000    35.0347    27.1629  280.95086  281.19629     8.8905    1493.16    1493.18      0.854      8.398         29 0.0000e+00
      16263 192.616048    677.586    434.754     8.9385     8.9425     0.0040   3.732495   3.734873      26.47          1   39.21125  -63.69747   0.002095    430.995    431.000    35.0424    27.1689  280.93310  281.17863     8.8907    1493.18    1493.22      1.120      8.408         21 0.0000e+00
      16283 192.616058    678.422    435.763     8.9589     8.9631     0.0042   3.735179   3.737537       1.00          1   39.21124  -63.69746   0.002277    432.003    432.000    35.0500    27.1716  280.79207  281.03581     8.9109    1493.29    1493.33      1.174      8.417         20 0.0000e+00
      16305 192.616069    679.331    436.773     8.9589     8.9600     0.0010   3.735192   3.737353      24.82          1   39.21123  -63.69745   0.002237    433.007    433.000    35.0495    27.1713  280.79236  281.03608     8.9109    1493.30    1493.33      1.001      8.427         24 0.0000e+00
      16334 192.616082    680.527    437.783     8.9329     8.9309    -0.0019   3.732461   3.734417       1.06          1   39.21121  -63.69744   0.002153    434.002    434.000    35.0461    27.1728  280.95991  281.20604     8.8848    1493.22    1493.24      0.769      8.437         33 0.0000e+00
      16366 192.616098    681.888    438.793     8.9325     8.9386     0.0061   3.733593   3.736200      20.23          1   39.21118  -63.69743   0.002302    434.997    435.000    35.0579    27.1821  280.93856  281.18494     8.8843    1493.25    1493.30      0.787      8.447         31 0.0000e+00
