ctd/proc/en717_02_avg.cnv
* Sea-Bird SBE 9 Data File:
* FileName = D:\ctd\raw\EN717_02.hdr
* Software Version Seasave V 7.26.7.121
* Temperature SN = 4695
* Conductivity SN = 0618
* Number of Bytes Per Scan = 40
* Number of Voltage Words = 5
* Number of Scans Averaged by the Deck Unit = 1
* NMEA Latitude = 39 26.35 N
* NMEA Longitude = 071 17.87 W
* NMEA UTC (Time) = Jun 08 2024  17:08:20
* NMEA baud rate = 4800
** Ship: R/V Endeavor
** Cruise: EN717
** Principal Investigator: David Smith
** Chief Scientist: David Smith
** Project: RITAS
** Cruise Start Date: 07 June 2024
** Ports: from and to GSO, Narragansett, RI
** Station:  02
** Bottom Depth (m):
** Operator:
# nquan = 36
# nvalues = 1033                        
# units = specified
# name 0 = scan: Scan Count
# name 1 = timeJ: Julian Days
# name 2 = timeS: Time, Elapsed [seconds]
# name 3 = prDM: Pressure, Digiquartz [db]
# name 4 = t090C: Temperature [ITS-90, deg C]
# name 5 = t190C: Temperature, 2 [ITS-90, deg C]
# name 6 = T2-T190C: Temperature Difference, 2 - 1 [ITS-90, deg C]
# name 7 = c0S/m: Conductivity [S/m]
# name 8 = c1S/m: Conductivity, 2 [S/m]
# name 9 = CStarAt0: Beam Attenuation, WET Labs C-Star [1/m]
# name 10 = CStarTr0: Beam Transmission, WET Labs C-Star [%]
# name 11 = flECO-AFL: Fluorescence, WET Labs ECO-AFL/FL [mg/m^3]
# name 12 = altM: Altimeter [m]
# name 13 = sbeox0V: Oxygen raw, SBE 43 [V]
# name 14 = sbeox1V: Oxygen raw, SBE 43, 2 [V]
# name 15 = par: PAR/Irradiance, Biospherical/Licor [umol photons/m^2/sec]
# name 16 = cpar: CPAR/Corrected Irradiance [%]
# name 17 = spar: SPAR, Biospherical/Licor [umol photons/m^2/sec]
# name 18 = pumps: Pump Status
# name 19 = latitude: Latitude [deg]
# name 20 = longitude: Longitude [deg]
# name 21 = C2-C1S/m: Conductivity Difference, 2 - 1 [S/m]
# name 22 = depSM: Depth [salt water, m]
# name 23 = depSM: Depth [salt water, m], lat = 39.4392
# name 24 = sal00: Salinity, Practical [PSU]
# name 25 = sigma-é00: Density [sigma-theta, kg/m^3]
# name 26 = sbox0Mm/Kg: Oxygen, SBE 43 [umol/kg], WS = 2
# name 27 = oxsolMm/Kg: Oxygen Saturation, Garcia & Gordon [umol/kg]
# name 28 = oxsatMm/Kg: Oxygen Saturation, Weiss [umol/kg]
# name 29 = potemp090C: Potential Temperature [ITS-90, deg C]
# name 30 = svCM: Sound Velocity [Chen-Millero, m/s]
# name 31 = svCM1: Sound Velocity, 2 [Chen-Millero, m/s]
# name 32 = dz/dtM: Descent Rate [m/s], WS = 2
# name 33 = gpa: Geopotential Anomaly [J/kg]
# name 34 = nbin: number of scans per bin
# name 35 = flag: flag
# span 0 =       1506,      33275       
# span 1 = 160.714881, 160.730202       
# span 2 =     62.704,   1386.420       
# span 3 =     13.100,   1055.691       
# span 4 =     4.4154,    12.1935       
# span 5 =     4.4149,    12.1932       
# span 6 =    -0.0425,     0.0551       
# span 7 =   3.191260,   4.067849       
# span 8 =   3.190857,   4.067344       
# span 9 =     0.4543,     0.9862       
# span 10 =    78.1510,    89.2634      
# span 11 =    -0.0104,     3.3393      
# span 12 =      -0.25,      50.79      
# span 13 =     2.2582,     4.0711      
# span 14 =     1.5333,     2.8371      
# span 15 = -2.286e-07, 4.7403e+02      
# span 16 = -9.818e-09, 2.0364e+01      
# span 17 = 2.3229e+03, 2.3283e+03      
# span 18 =          1,          1      
# span 19 =   39.43602,   39.43916      
# span 20 =  -71.29788,  -71.29629      
# span 21 =  -0.006670,   0.007106      
# span 22 =     13.001,   1045.005      
# span 23 =     13.000,   1045.000      
# span 24 =    32.0227,    35.4184      
# span 25 =    24.5720,    27.7390      
# span 26 =    154.436,    352.063      
# span 27 =  261.49159,  311.71418      
# span 28 =  261.47120,  312.47965      
# span 29 =     4.3313,    12.1705      
# span 30 =    1471.98,    1500.92      
# span 31 =    1471.97,    1500.91      
# span 32 =      0.033,      1.252      
# span 33 =      0.165,      9.251      
# span 34 =         19,       1662      
# span 35 = 0.0000e+00, 0.0000e+00      
# interval = meters: 1                  
# start_time = Jun 08 2024 17:08:23 [System UTC, header]
# bad_flag = -9.990e-29
*END*
[from data line 41]
       5537 160.716825    230.669     54.421     6.6399     6.6290    -0.0108   3.280894   3.280923     0.5277    87.6400     0.1461      11.39     3.4301     2.3020 2.5000e+00 1.0746e-01 2.3265e+03          1   39.43884  -71.29770  -0.003637     53.996     54.000    32.5985    25.5751    290.021  301.16686  301.59500     6.6352    1475.13    1475.10      0.766      1.677         31 0.0000e+00
       5566 160.716839    231.884     55.429     6.8704     6.8735     0.0031   3.307613   3.307891     0.5216    87.7746     0.1325       0.63     3.4079     2.2887 2.3146e+00 9.9488e-02 2.3265e+03          1   39.43883  -71.29770   0.000163     55.004     55.000    32.6726    25.6036    286.627  299.40446  299.80954     6.8655    1476.15    1476.16      0.759      1.701         31 0.0000e+00
       5614 160.716862    233.860     56.437     6.7541     6.7671     0.0130   3.297838   3.298361     0.5235    87.7338     0.1060       9.37     3.3828     2.2714 2.1060e+00 9.0479e-02 2.3276e+03          1   39.43882  -71.29770   0.000762     56.001     56.000    32.6756    25.6213    286.346  300.19839  300.61592     6.7492    1475.71    1475.76      0.403      1.725         65 0.0000e+00
       5672 160.716890    236.297     57.445     6.7871     6.7831    -0.0040   3.302194   3.301849     0.5280    87.6347     0.0960       0.61     3.3758     2.2608 1.8920e+00 8.1313e-02 2.3269e+03          1   39.43882  -71.29770  -0.000613     57.001     57.000    32.6915    25.6296    288.762  299.93545  300.34982     6.7821    1475.88    1475.86      0.455      1.748         52 0.0000e+00
       5723 160.716915    238.420     58.453     6.8879     6.8810    -0.0069   3.314562   3.314171     0.5256    87.6861     0.1037       0.41     3.3836     2.2646 1.7380e+00 7.4705e-02 2.3265e+03          1   39.43882  -71.29770  -0.001955     57.994     58.000    32.7306    25.6470    288.131  299.15749  299.56206     6.8827    1476.34    1476.31      0.608      1.772         41 0.0000e+00
       5755 160.716930    239.744     59.461     7.2161     7.2122    -0.0039   3.353519   3.353288     0.5181    87.8515     0.1058      20.18     3.3839     2.2648 1.6134e+00 6.9351e-02 2.3265e+03          1   39.43882  -71.29770  -0.001247     59.004     59.000    32.8429    25.6912    285.158  296.67684  297.04955     7.2107    1477.77    1477.76      0.754      1.795         30 0.0000e+00
       5803 160.716953    241.740     60.469     7.3073     7.2924    -0.0148   3.364041   3.361879     0.5198    87.8146     0.0903       0.94     3.3834     2.2664 1.4818e+00 6.3688e-02 2.3267e+03          1   39.43882  -71.29770  -0.002464     60.001     60.000    32.8699    25.7001    284.719  296.00239  296.36628     7.3017    1478.17    1478.11      0.396      1.819         67 0.0000e+00
       5859 160.716980    244.091     61.477     7.4024     7.3985    -0.0039   3.375242   3.374837     0.5189    87.8333     0.0907       0.45     3.3884     2.2701 1.3563e+00 5.8296e-02 2.3265e+03          1   39.43882  -71.29770  -0.000743     61.001     61.000    32.9004    25.7109    285.076  295.29717  295.65197     7.3968    1478.60    1478.58      0.507      1.842         46 0.0000e+00
       5909 160.717004    246.158     62.485     7.5429     7.5222    -0.0207   3.391458   3.389679     0.5207    87.7938     0.0736       0.40     3.3965     2.2722 1.2458e+00 5.3562e-02 2.3258e+03          1   39.43882  -71.29770  -0.002661     61.997     62.000    32.9417    25.7238    285.285  294.26952  294.61094     7.5371    1479.20    1479.12      0.536      1.865         46 0.0000e+00
       5945 160.717022    247.687     63.493     7.7275     7.7188    -0.0087   3.413194   3.412297     0.5211    87.7843     0.0766       0.52     3.4001     2.2713 1.1514e+00 4.9497e-02 2.3263e+03          1   39.43880  -71.29769  -0.001682     63.000     63.000    33.0002    25.7436    283.000  292.91956  293.24369     7.7214    1480.00    1479.97      0.745      1.887         32 0.0000e+00
       5979 160.717038    249.063     64.501     7.9541     7.9499    -0.0042   3.440901   3.440489     0.5203    87.8037     0.0835       0.50     3.3976     2.2710 1.0630e+00 4.5690e-02 2.3265e+03          1   39.43880  -71.29768  -0.002236     64.004     64.000    33.0816    25.7749    281.188  291.25931  291.56276     7.9478    1480.98    1480.96      0.636      1.910         37 0.0000e+00
       6041 160.717068    251.685     65.509     8.1853     8.1773    -0.0080   3.467672   3.466063     0.5179    87.8558     0.0827       0.44     3.4073     2.2786 9.7486e-01 4.1903e-02 2.3265e+03          1   39.43878  -71.29768  -0.002009     64.999     65.000    33.1479    25.7932    281.992  289.61152  289.89376     8.1788    1481.96    1481.91      0.301      1.932         79 0.0000e+00
       6101 160.717097    254.165     66.517     8.4446     8.4388    -0.0058   3.498662   3.498619     0.5157    87.9029     0.0769       0.59     3.4246     2.2890 8.8110e-01 3.7871e-02 2.3266e+03          1   39.43878  -71.29768  -0.001161     65.998     66.000    33.2307    25.8194    280.996  287.76927  288.02837     8.4379    1483.05    1483.03      0.562      1.954         44 0.0000e+00
       6138 160.717115    255.705     67.525     8.6948     8.6771    -0.0177   3.529157   3.527539     0.5152    87.9145     0.0655       0.41     3.4226     2.2883 8.0037e-01 3.4403e-02 2.3265e+03          1   39.43878  -71.29768  -0.004393     66.998     67.000    33.3153    25.8475    278.060  286.00259  286.23987     8.6879    1484.10    1484.04      0.748      1.976         31 0.0000e+00
       6169 160.717129    256.990     68.533     9.0661     9.0658    -0.0003   3.573087   3.573114     0.5149    87.9205     0.0773       0.39     3.4218     2.2846 7.4562e-01 3.2049e-02 2.3266e+03          1   39.43878  -71.29768  -0.001296     68.004     68.000    33.4249    25.8755    275.715  283.44441  283.64965     9.0588    1485.63    1485.63      0.726      1.998         33 0.0000e+00
       6216 160.717152    258.957     69.541     9.1315     9.1246    -0.0069   3.580525   3.579248     0.5134    87.9547     0.0784       0.50     3.4260     2.2853 7.0270e-01 3.0205e-02 2.3265e+03          1   39.43877  -71.29768  -0.001427     69.002     69.000    33.4404    25.8774    276.694  283.00533  283.20494     9.1240    1485.91    1485.88      0.404      2.019         66 0.0000e+00
       6283 160.717184    261.730     70.549     9.1925     9.1802    -0.0123   3.587869   3.586613     0.5139    87.9442     0.0768       0.46     3.4457     2.2979 6.3811e-01 2.7428e-02 2.3265e+03          1   39.43876  -71.29768  -0.002012     69.997     70.000    33.4589    25.8821    278.174  282.58925  282.78372     9.1849    1486.17    1486.13      0.438      2.041         56 0.0000e+00
       6325 160.717205    263.486     71.557     9.6035     9.5947    -0.0088   3.640131   3.639552     0.5121    87.9837     0.0737       0.46     3.4475     2.3038 5.8006e-01 2.4933e-02 2.3265e+03          1   39.43876  -71.29767  -0.003897     70.997     71.000    33.6126    25.9357    274.762  279.75784  279.91875     9.5956    1487.88    1487.85      0.731      2.062         32 0.0000e+00
       6356 160.717220    264.802     72.565     9.9147     9.9066    -0.0082   3.678320   3.677183     0.5085    88.0627     0.0787       0.44     3.4521     2.3055 5.2860e-01 2.2721e-02 2.3265e+03          1   39.43876  -71.29766  -0.002157     72.004     72.000    33.7122    25.9621    273.655  277.67551  277.81128     9.9066    1489.15    1489.11      0.678      2.082         36 0.0000e+00
       6405 160.717243    266.833     73.573    10.0727    10.0453    -0.0274   3.697241   3.693144     0.5082    88.0691     0.0814       0.48     3.4575     2.3099 4.9398e-01 2.1233e-02 2.3265e+03          1   39.43876  -71.29766  -0.004882     73.000     73.000    33.7570    25.9705    272.537  276.64136  276.76452    10.0643    1489.79    1489.67      0.423      2.103         58 0.0000e+00
       6457 160.717269    269.009     74.581    10.3208    10.3097    -0.0112   3.727763   3.726318     0.5049    88.1409     0.0774       0.47     3.4616     2.3136 4.5441e-01 1.9532e-02 2.3265e+03          1   39.43875  -71.29766  -0.002297     74.000     74.000    33.8346    25.9887    271.634  275.01660  275.12034    10.3122    1490.79    1490.74      0.494      2.124         49 0.0000e+00
       6505 160.717292    271.004     75.589    10.4703    10.4673    -0.0030   3.746125   3.745709     0.5021    88.2034     0.0772       0.37     3.4676     2.3188 4.1600e-01 1.7881e-02 2.3265e+03          1   39.43874  -71.29766  -0.001292     74.997     75.000    33.8802    25.9985    270.569  274.04797  274.14016    10.4615    1491.39    1491.38      0.590      2.144         42 0.0000e+00
       6540 160.717308    272.442     76.597    10.6226    10.6202    -0.0023   3.765660   3.765149     0.5018    88.2097     0.0804       0.42     3.4646     2.3184 3.7953e-01 1.6314e-02 2.3265e+03          1   39.43874  -71.29766  -0.001845     76.001     76.000    33.9346    26.0143    269.171  273.05285  273.13353    10.6135    1492.02    1492.01      0.711      2.164         32 0.0000e+00
       6588 160.717332    274.472     77.605    10.8971    10.8546    -0.0425   3.801155   3.795312     0.5000    88.2502     0.0752       0.55     3.4614     2.3159 3.5370e-01 1.5203e-02 2.3265e+03          1   39.43874  -71.29766  -0.006670     77.000     77.000    34.0342    26.0435    266.543  271.27029  271.33053    10.8878    1493.12    1492.95      0.403      2.184         64 0.0000e+00
       6638 160.717356    276.551     78.613    11.1001    11.0958    -0.0043   3.829076   3.828344     0.4981    88.2912     0.0546       0.37     3.4546     2.3119 3.1894e-01 1.3709e-02 2.3265e+03          1   39.43873  -71.29766  -0.002228     78.000     78.000    34.1233    26.0764    264.941  269.93637  269.98198    11.0905    1493.96    1493.94      0.634      2.204         36 0.0000e+00
       6682 160.717377    278.379     79.621    11.2383    11.2320    -0.0064   3.847837   3.846799     0.4947    88.3676     0.0566      11.53     3.4517     2.3079 2.9136e-01 1.2524e-02 2.3265e+03          1   39.43872  -71.29766  -0.001412     79.001     79.000    34.1807    26.0961    263.487  269.04000  269.07570    11.2285    1494.53    1494.50      0.473      2.223         53 0.0000e+00
       6733 160.717401    280.479     80.629    11.3293    11.3285    -0.0008   3.860539   3.860115     0.4938    88.3866     0.0534       0.18     3.4463     2.3025 2.6877e-01 1.1553e-02 2.3265e+03          1   39.43872  -71.29766  -0.000936     79.999     80.000    34.2215    26.1113    262.845  268.44724  268.47652    11.3194    1494.91    1494.91      0.560      2.243         43 0.0000e+00
       6770 160.717420    282.061     81.637    11.3635    11.3648     0.0013   3.865137   3.864896     0.4939    88.3840     0.0553       0.54     3.4480     2.3039 2.4444e-01 1.0507e-02 2.3265e+03          1   39.43872  -71.29766  -0.000389     80.997     81.000    34.2348    26.1154    262.681  268.22895  268.25580    11.3534    1495.06    1495.06      0.697      2.262         34 0.0000e+00
       6807 160.717437    283.595     82.645    11.3750    11.3727    -0.0023   3.866740   3.866021     0.4923    88.4194     0.0523       0.45     3.4431     2.3022 2.2582e-01 9.7049e-03 2.3269e+03          1   39.43872  -71.29766  -0.000813     82.005     82.000    34.2396    26.1171    261.791  268.15550  268.18154    11.3647    1495.13    1495.11      0.537      2.281         47 0.0000e+00
       6870 160.717468    286.203     83.654    11.4060    11.3984    -0.0076   3.872105   3.870432     0.4919    88.4283     0.0567      11.11     3.4365     2.2966 2.0354e-01 8.7457e-03 2.3273e+03          1   39.43870  -71.29766  -0.001888     82.996     83.000    34.2633    26.1299    261.042  267.93569  267.95969    11.3955    1495.28    1495.24      0.389      2.300         62 0.0000e+00
       6913 160.717489    288.007     84.662    11.4182    11.4192     0.0010   3.874902   3.874762     0.4911    88.4460     0.0526       0.55     3.4318     2.2947 1.8628e-01 8.0023e-03 2.3278e+03          1   39.43870  -71.29766  -0.000235     84.000     84.000    34.2791    26.1399    260.881  267.83667  267.85995    11.4077    1495.36    1495.36      0.650      2.319         36 0.0000e+00
       6951 160.717507    289.579     85.670    11.4226    11.4230     0.0004   3.876696   3.876348     0.4918    88.4316     0.0441       0.43     3.4316     2.2908 1.7983e-01 7.7298e-03 2.3265e+03          1   39.43870  -71.29766  -0.000427     84.999     85.000    34.2924    26.1495    260.711  267.78721  267.81033    11.4119    1495.40    1495.40      0.633      2.338         38 0.0000e+00
       6990 160.717526    291.220     86.678    11.4239    11.4244     0.0005   3.877778   3.877469     0.4917    88.4327     0.0465       0.50     3.4288     2.2876 1.6193e-01 6.9560e-03 2.3279e+03          1   39.43870  -71.29766  -0.000358     86.004     86.000    34.3013    26.1562    260.483  267.76249  267.78563    11.4131    1495.44    1495.43      0.529      2.357         46 0.0000e+00
       7053 160.717556    293.838     87.686    11.4209    11.4215     0.0006   3.878908   3.878456     0.4912    88.4430     0.0417       0.43     3.4228     2.2832 1.4501e-01 6.2298e-03 2.3277e+03          1   39.43868  -71.29766  -0.000536     86.997     87.000    34.3148    26.1673    259.375  267.75371  267.77725    11.4100    1495.46    1495.45      0.385      2.376         63 0.0000e+00
       7096 160.717577    295.618     88.694    11.4250    11.4256     0.0006   3.881489   3.881259     0.4911    88.4461     0.0470       0.67     3.4139     2.2799 1.3766e-01 5.9174e-03 2.3265e+03          1   39.43868  -71.29766  -0.000327     87.999     88.000    34.3361    26.1831    258.421  267.69059  267.71410    11.4139    1495.52    1495.51      0.677      2.395         35 0.0000e+00
       7131 160.717594    297.091     89.702    11.4325    11.4329     0.0005   3.884197   3.883956     0.4911    88.4455     0.0393       0.55     3.4061     2.2751 1.2124e-01 5.2112e-03 2.3265e+03          1   39.43868  -71.29766  -0.000542     89.001     89.000    34.3554    26.1968    257.622  267.61188  267.63508    11.4213    1495.58    1495.58      0.657      2.413         37 0.0000e+00
       7175 160.717615    298.911     90.710    11.4519    11.4510    -0.0009   3.889590   3.889058     0.4898    88.4742     0.0331       0.48     3.3994     2.2717 1.0785e-01 4.6355e-03 2.3267e+03          1   39.43868  -71.29766  -0.000597     90.002     90.000    34.3901    26.2201    257.170  267.43688  267.45905    11.4406    1495.71    1495.70      0.463      2.432         54 0.0000e+00
       7229 160.717641    301.183     91.718    11.4559    11.4561     0.0002   3.890644   3.890372     0.4907    88.4552     0.0378       0.46     3.3946     2.2682 9.5237e-02 4.0935e-03 2.3266e+03          1   39.43867  -71.29766  -0.000345     90.998     91.000    34.3964    26.2244    256.995  267.40288  267.42483    11.4444    1495.74    1495.74      0.530      2.450         45 0.0000e+00
       7272 160.717661    302.938     92.726    11.4585    11.4591     0.0006   3.891504   3.891343     0.4900    88.4695     0.0335       0.48     3.3921     2.2661 8.5376e-02 3.6697e-03 2.3265e+03          1   39.43866  -71.29766  -0.000164     92.001     92.000    34.4019    26.2282    256.719  267.37729  267.39912    11.4469    1495.78    1495.78      0.528      2.468         46 0.0000e+00
