ctd/proc/EN719_CTD04_avg.cnv
* Sea-Bird SBE 9 Data File:
* FileName = D:\ctd\raw\EN719_CTD04.hdr
* Software Version Seasave V 7.26.7.121
* Temperature SN = 4333
* Conductivity SN = 0864
* Number of Bytes Per Scan = 37
* Number of Voltage Words = 4
* Number of Scans Averaged by the Deck Unit = 1
* NMEA Latitude = 38 41.14 N
* NMEA Longitude = 063 42.51 W
* NMEA UTC (Time) = Jul 12 2024  20:37:11
* NMEA baud rate = 4800
** Ship: R/V Endeavor
** Cruise: EN719
** Principal Investigator: Chad Smith
** Chief Scientist: Chad Smith
** Project: NESMA24
** Cruise Start Date: 7 July 2024
** Ports: GSO, Narragansett RI to GSO, Narragansett RI
** Station:
** Bottom Depth: 4992
** Operator:  gDies
# nquan = 27
# nvalues = 1994                        
# units = specified
# name 0 = scan: Scan Count
# name 1 = timeJ: Julian Days
# name 2 = timeS: Time, Elapsed [seconds]
# name 3 = prDM: Pressure, Digiquartz [db]
# name 4 = t090C: Temperature [ITS-90, deg C]
# name 5 = t190C: Temperature, 2 [ITS-90, deg C]
# name 6 = T2-T190C: Temperature Difference, 2 - 1 [ITS-90, deg C]
# name 7 = c0S/m: Conductivity [S/m]
# name 8 = c1S/m: Conductivity, 2 [S/m]
# name 9 = altM: Altimeter [m]
# name 10 = pumps: Pump Status
# name 11 = latitude: Latitude [deg]
# name 12 = longitude: Longitude [deg]
# name 13 = C2-C1S/m: Conductivity Difference, 2 - 1 [S/m]
# name 14 = depSM: Depth [salt water, m]
# name 15 = depSM: Depth [salt water, m], lat = 38.6857
# name 16 = sal00: Salinity, Practical [PSU]
# name 17 = sigma-é00: Density [sigma-theta, kg/m^3]
# name 18 = oxsolMm/Kg: Oxygen Saturation, Garcia & Gordon [umol/kg]
# name 19 = oxsatMm/Kg: Oxygen Saturation, Weiss [umol/kg]
# name 20 = potemp090C: Potential Temperature [ITS-90, deg C]
# name 21 = svCM: Sound Velocity [Chen-Millero, m/s]
# name 22 = svCM1: Sound Velocity, 2 [Chen-Millero, m/s]
# name 23 = dz/dtM: Descent Rate [m/s], WS = 2
# name 24 = gpa: Geopotential Anomaly [J/kg]
# name 25 = nbin: number of scans per bin
# name 26 = flag: flag
# span 0 =        532,      57104       
# span 1 = 194.859446, 194.886728       
# span 2 =     22.115,   2379.301       
# span 3 =      8.061,   2025.974       
# span 4 =     3.7798,    28.0157       
# span 5 =     3.7811,    28.0147       
# span 6 =    -0.3846,     0.1691       
# span 7 =   3.320300,   5.824528       
# span 8 =   3.320448,   5.824218       
# span 9 =     -11.97,      90.16       
# span 10 =          1,          1      
# span 11 =   38.68222,   38.68570      
# span 12 =  -63.70837,  -63.68864      
# span 13 =  -0.047293,   0.021747      
# span 14 =      8.000,   2001.048      
# span 15 =      8.000,   2001.000      
# span 16 =    34.1526,    36.5815      
# span 17 =    22.7075,    27.7987      
# span 18 =  195.07885,  316.55531      
# span 19 =  194.57727,  317.41092      
# span 20 =     3.6131,    28.0100      
# span 21 =    1486.35,    1543.28      
# span 22 =    1486.35,    1543.28      
# span 23 =     -0.212,      1.600      
# span 24 =      0.067,     18.478      
# span 25 =          4,       1176      
# span 26 = 0.0000e+00, 0.0000e+00      
# interval = meters: 1                  
# start_time = Jul 12 2024 20:37:14 [System UTC, header]
# bad_flag = -9.990e-29
*END*
[from data line 1880]
      54147 194.885302   2256.074   1911.048     3.8563     3.8566     0.0003   3.322655   3.322772       0.47          1   38.68255  -63.68914   0.000122   1887.994   1888.000    34.9673    27.7912  315.96699  316.81145     3.6995    1497.62    1497.63      1.142     17.917         21 0.0000e+00
      54166 194.885311   2256.886   1912.065     3.8556     3.8564     0.0008   3.322643   3.322793       0.75          1   38.68256  -63.68914   0.000151   1889.000   1889.000    34.9673    27.7913  315.97191  316.81647     3.6987    1497.64    1497.64      1.259     17.922         19 0.0000e+00
      54186 194.885321   2257.690   1913.081     3.8549     3.8554     0.0005   3.322586   3.322725       0.84          1   38.68255  -63.68914   0.000148   1890.005   1890.000    34.9669    27.7910  315.97822  316.82287     3.6980    1497.65    1497.66      1.197     17.927         20 0.0000e+00
      54208 194.885331   2258.607   1914.098     3.8538     3.8545     0.0007   3.322528   3.322688      35.02          1   38.68254  -63.68913   0.000156   1891.005   1891.000    34.9670    27.7912  315.98688  316.83170     3.6967    1497.67    1497.67      1.041     17.932         24 0.0000e+00
      54233 194.885343   2259.658   1915.115     3.8538     3.8545     0.0007   3.322562   3.322717      53.26          1   38.68254  -63.68912   0.000154   1892.000   1892.000    34.9669    27.7912  315.98728  316.83210     3.6966    1497.68    1497.69      0.945     17.937         26 0.0000e+00
      54259 194.885356   2260.740   1916.132     3.8538     3.8546     0.0008   3.322620   3.322767      30.14          1   38.68255  -63.68912   0.000143   1893.000   1893.000    34.9671    27.7913  315.98662  316.83144     3.6965    1497.70    1497.70      0.957     17.942         26 0.0000e+00
      54284 194.885368   2261.782   1917.149     3.8540     3.8546     0.0006   3.322671   3.322812      24.69          1   38.68255  -63.68912   0.000139   1894.001   1894.000    34.9670    27.7912  315.98544  316.83023     3.6966    1497.72    1497.72      0.967     17.947         25 0.0000e+00
      54310 194.885380   2262.871   1918.165     3.8537     3.8545     0.0008   3.322686   3.322837       1.09          1   38.68253  -63.68912   0.000149   1895.003   1895.000    34.9670    27.7913  315.98753  316.83235     3.6963    1497.73    1497.74      0.891     17.952         28 0.0000e+00
      54338 194.885394   2264.045   1919.182     3.8537     3.8544     0.0007   3.322732   3.322883       0.74          1   38.68252  -63.68911   0.000150   1895.994   1896.000    34.9670    27.7913  315.98744  316.83227     3.6961    1497.75    1497.75      0.950     17.957         26 0.0000e+00
      54361 194.885405   2264.995   1920.199     3.8537     3.8544     0.0008   3.322761   3.322913      30.60          1   38.68252  -63.68910   0.000148   1896.995   1897.000    34.9669    27.7912  315.98796  316.83279     3.6960    1497.77    1497.77      1.223     17.962         20 0.0000e+00
      54379 194.885414   2265.747   1921.216     3.8536     3.8545     0.0009   3.322804   3.322967       0.66          1   38.68252  -63.68910   0.000158   1897.997   1898.000    34.9670    27.7913  315.98818  316.83302     3.6959    1497.78    1497.79      1.409     17.967         17 0.0000e+00
      54395 194.885422   2266.435   1922.232     3.8538     3.8546     0.0008   3.322860   3.323011       0.63          1   38.68252  -63.68910   0.000143   1899.002   1899.000    34.9670    27.7913  315.98684  316.83166     3.6959    1497.80    1497.81      1.436     17.971         16 0.0000e+00
      54413 194.885430   2267.163   1923.249     3.8535     3.8544     0.0009   3.322883   3.323040      32.00          1   38.68250  -63.68910   0.000156   1900.011   1900.000    34.9670    27.7914  315.98859  316.83344     3.6956    1497.82    1497.82      1.248     17.976         19 0.0000e+00
      54441 194.885444   2268.353   1924.266     3.8534     3.8542     0.0009   3.322902   3.323057      15.85          1   38.68250  -63.68910   0.000153   1901.009   1901.000    34.9670    27.7913  315.99013  316.83501     3.6953    1497.83    1497.84      0.678     17.981         45 0.0000e+00
      54489 194.885467   2270.339   1925.283     3.8534     3.8543     0.0009   3.322948   3.323105      26.38          1   38.68250  -63.68910   0.000157   1901.987   1902.000    34.9670    27.7914  315.98983  316.83471     3.6953    1497.85    1497.86      0.743     17.986         34 0.0000e+00
      54511 194.885477   2271.253   1926.300     3.8531     3.8539     0.0007   3.322965   3.323116      51.33          1   38.68250  -63.68908   0.000149   1902.992   1903.000    34.9670    27.7914  315.99193  316.83685     3.6949    1497.87    1497.87      1.258     17.991         19 0.0000e+00
      54529 194.885486   2271.980   1927.317     3.8530     3.8539     0.0008   3.323003   3.323158       0.64          1   38.68248  -63.68908   0.000153   1903.998   1904.000    34.9671    27.7915  315.99254  316.83747     3.6947    1497.88    1497.89      1.434     17.996         16 0.0000e+00
      54545 194.885494   2272.667   1928.334     3.8530     3.8536     0.0005   3.323044   3.323180       0.53          1   38.68248  -63.68908   0.000133   1905.003   1905.000    34.9670    27.7915  315.99237  316.83730     3.6946    1497.90    1497.90      1.434     18.001         17 0.0000e+00
      54563 194.885502   2273.400   1929.350     3.8522     3.8528     0.0006   3.323009   3.323142       0.58          1   38.68248  -63.68908   0.000141   1906.008   1906.000    34.9671    27.7916  315.99904  316.84409     3.6937    1497.91    1497.92      1.285     18.006         19 0.0000e+00
      54584 194.885513   2274.291   1930.367     3.8507     3.8511     0.0004   3.322905   3.323035       0.77          1   38.68248  -63.68908   0.000136   1907.006   1907.000    34.9669    27.7916  316.01053  316.85579     3.6921    1497.92    1497.93      1.029     18.011         24 0.0000e+00
      54612 194.885526   2275.452   1931.384     3.8489     3.8495     0.0006   3.322813   3.322956      10.38          1   38.68251  -63.68907   0.000145   1908.003   1908.000    34.9672    27.7920  316.02335  316.86888     3.6903    1497.94    1497.94      0.803     18.016         32 0.0000e+00
      54644 194.885541   2276.782   1932.401     3.8480     3.8488     0.0008   3.322796   3.322949       9.42          1   38.68252  -63.68906   0.000153   1908.998   1909.000    34.9674    27.7923  316.02962  316.87529     3.6893    1497.95    1497.95      0.813     18.021         30 0.0000e+00
      54671 194.885555   2277.915   1933.418     3.8476     3.8482     0.0006   3.322782   3.322914       0.38          1   38.68251  -63.68906   0.000141   1909.995   1910.000    34.9673    27.7923  316.03361  316.87934     3.6887    1497.96    1497.97      1.013     18.026         24 0.0000e+00
      54693 194.885565   2278.830   1934.435     3.8464     3.8471     0.0007   3.322714   3.322864      27.50          1   38.68250  -63.68906   0.000152   1910.998   1911.000    34.9673    27.7924  316.04282  316.88873     3.6875    1497.98    1497.98      1.166     18.031         20 0.0000e+00
      54713 194.885575   2279.674   1935.452     3.8445     3.8449     0.0004   3.322569   3.322693       4.52          1   38.68249  -63.68906   0.000143   1912.003   1912.000    34.9670    27.7924  316.05735  316.90351     3.6856    1497.98    1497.99      1.158     18.036         21 0.0000e+00
      54736 194.885586   2280.610   1936.469     3.8424     3.8431     0.0007   3.322419   3.322575       0.78          1   38.68247  -63.68906   0.000159   1913.005   1913.000    34.9670    27.7925  316.07356  316.92003     3.6834    1497.99    1498.00      1.021     18.041         25 0.0000e+00
      54761 194.885598   2281.664   1937.485     3.8417     3.8424     0.0008   3.322392   3.322556      26.69          1   38.68245  -63.68905   0.000163   1913.996   1914.000    34.9669    27.7926  316.07923  316.92581     3.6826    1498.01    1498.01      1.011     18.046         24 0.0000e+00
      54783 194.885609   2282.597   1938.502     3.8415     3.8424     0.0009   3.322425   3.322586       0.18          1   38.68245  -63.68904   0.000156   1914.998   1915.000    34.9670    27.7927  316.08044  316.92705     3.6823    1498.02    1498.03      1.164     18.051         21 0.0000e+00
      54803 194.885618   2283.428   1939.519     3.8404     3.8408     0.0004   3.322335   3.322479       0.55          1   38.68246  -63.68904   0.000164   1916.004   1916.000    34.9666    27.7925  316.08956  316.93631     3.6811    1498.04    1498.04      1.166     18.055         20 0.0000e+00
      54827 194.885630   2284.396   1940.536     3.8389     3.8395     0.0006   3.322266   3.322401      20.88          1   38.68248  -63.68904   0.000135   1917.009   1917.000    34.9669    27.7929  316.10040  316.94738     3.6795    1498.05    1498.05      0.908     18.060         28 0.0000e+00
      54859 194.885645   2285.749   1941.553     3.8384     3.8391     0.0008   3.322249   3.322398       6.80          1   38.68246  -63.68904   0.000152   1917.994   1918.000    34.9668    27.7929  316.10498  316.95204     3.6789    1498.06    1498.07      0.797     18.065         32 0.0000e+00
      54884 194.885657   2286.804   1942.570     3.8387     3.8395     0.0008   3.322331   3.322491      47.39          1   38.68246  -63.68903   0.000143   1918.994   1919.000    34.9669    27.7930  316.10211  316.94913     3.6791    1498.08    1498.08      1.149     18.070         21 0.0000e+00
      54903 194.885667   2287.603   1943.587     3.8394     3.8401     0.0007   3.322430   3.322577      66.93          1   38.68247  -63.68902   0.000145   1920.001   1920.000    34.9669    27.7929  316.09698  316.94390     3.6797    1498.10    1498.10      1.273     18.075         18 0.0000e+00
      54923 194.885676   2288.407   1944.604     3.8394     3.8399     0.0005   3.322479   3.322599      29.62          1   38.68248  -63.68902   0.000119   1921.005   1921.000    34.9670    27.7929  316.09657  316.94348     3.6796    1498.12    1498.12      1.198     18.080         21 0.0000e+00
      54945 194.885687   2289.320   1945.621     3.8394     3.8399     0.0005   3.322512   3.322652       1.04          1   38.68248  -63.68902   0.000135   1922.003   1922.000    34.9669    27.7929  316.09688  316.94380     3.6795    1498.13    1498.14      1.055     18.085         23 0.0000e+00
      54969 194.885698   2290.342   1946.638     3.8396     3.8402     0.0007   3.322573   3.322720       0.61          1   38.68246  -63.68902   0.000143   1923.002   1923.000    34.9669    27.7929  316.09541  316.94230     3.6796    1498.15    1498.16      0.963     18.090         25 0.0000e+00
      54996 194.885711   2291.442   1947.655     3.8397     3.8403     0.0007   3.322622   3.322763      22.12          1   38.68244  -63.68900   0.000139   1924.003   1924.000    34.9669    27.7929  316.09466  316.94154     3.6796    1498.17    1498.17      0.887     18.095         28 0.0000e+00
      55024 194.885725   2292.625   1948.672     3.8392     3.8398     0.0005   3.322580   3.322729      22.56          1   38.68242  -63.68900   0.000180   1924.998   1925.000    34.9664    27.7926  316.09925  316.94617     3.6791    1498.18    1498.19      0.903     18.100         28 0.0000e+00
      55049 194.885737   2293.664   1949.689     3.8332     3.8339     0.0008   3.322002   3.322182      26.75          1   38.68242  -63.68900   0.000185   1925.996   1926.000    34.9655    27.7924  316.14775  316.99553     3.6730    1498.17    1498.18      1.060     18.105         23 0.0000e+00
      55071 194.885747   2294.569   1950.705     3.8317     3.8329     0.0012   3.321919   3.322119      31.05          1   38.68241  -63.68899   0.000215   1927.001   1927.000    34.9656    27.7927  316.15871  317.00670     3.6715    1498.19    1498.19      1.118     18.110         21 0.0000e+00
      55093 194.885758   2295.499   1951.722     3.8303     3.8312     0.0009   3.321829   3.321997      24.33          1   38.68241  -63.68898   0.000173   1928.005   1928.000    34.9655    27.7927  316.16939  317.01758     3.6700    1498.20    1498.20      1.042     18.115         24 0.0000e+00
      55118 194.885770   2296.527   1952.739     3.8295     3.8302     0.0007   3.321781   3.321929      25.17          1   38.68242  -63.68898   0.000152   1928.998   1929.000    34.9653    27.7926  316.17595  317.02425     3.6691    1498.21    1498.22      1.009     18.120         24 0.0000e+00
      55141 194.885781   2297.487   1953.756     3.8288     3.8297     0.0009   3.321754   3.321918       0.45          1   38.68242  -63.68898   0.000161   1929.997   1930.000    34.9652    27.7927  316.18155  317.02995     3.6683    1498.22    1498.23      1.138     18.125         22 0.0000e+00
      55161 194.885791   2298.326   1954.773     3.8284     3.8291     0.0007   3.321751   3.321896      31.42          1   38.68242  -63.68896   0.000151   1931.000   1931.000    34.9651    27.7927  316.18486  317.03331     3.6678    1498.24    1498.24      1.224     18.130         19 0.0000e+00
      55181 194.885800   2299.155   1955.790     3.8268     3.8272     0.0005   3.321611   3.321752      28.92          1   38.68240  -63.68896   0.000158   1932.004   1932.000    34.9647    27.7925  316.19848  317.04717     3.6661    1498.25    1498.25      1.166     18.135         21 0.0000e+00
      55203 194.885811   2300.099   1956.807     3.8252     3.8258     0.0006   3.321517   3.321665      36.59          1   38.68240  -63.68896   0.000150   1933.005   1933.000    34.9647    27.7927  316.21005  317.05896     3.6645    1498.26    1498.26      0.987     18.139         25 0.0000e+00
      55231 194.885825   2301.253   1957.824     3.8245     3.8252     0.0007   3.321493   3.321647      50.81          1   38.68240  -63.68896   0.000154   1934.000   1934.000    34.9647    27.7928  316.21556  317.06457     3.6637    1498.27    1498.28      0.869     18.144         29 0.0000e+00
      55258 194.885838   2302.363   1958.841     3.8226     3.8233     0.0007   3.321340   3.321503       0.19          1   38.68238  -63.68896   0.000184   1934.996   1935.000    34.9645    27.7928  316.23084  317.08013     3.6617    1498.28    1498.29      1.027     18.149         24 0.0000e+00
      55279 194.885848   2303.268   1959.858     3.8191     3.8197     0.0006   3.321048   3.321204       0.47          1   38.68238  -63.68896   0.000187   1935.997   1936.000    34.9642    27.7929  316.25823  317.10802     3.6582    1498.28    1498.29      1.178     18.154         20 0.0000e+00
      55299 194.885858   2304.098   1960.875     3.8152     3.8155     0.0003   3.320699   3.320841       0.56          1   38.68238  -63.68896   0.000157   1937.001   1937.000    34.9638    27.7930  316.28938  317.13973     3.6542    1498.28    1498.29      1.226     18.159         20 0.0000e+00
      55319 194.885867   2304.929   1961.892     3.8140     3.8145     0.0006   3.320652   3.320787       0.62          1   38.68237  -63.68895   0.000142   1938.003   1938.000    34.9640    27.7933  316.29794  317.14847     3.6529    1498.30    1498.30      1.185     18.164         20 0.0000e+00
      55341 194.885878   2305.829   1962.909     3.8133     3.8138     0.0005   3.320638   3.320776      26.72          1   38.68237  -63.68894   0.000137   1939.005   1939.000    34.9641    27.7934  316.30302  317.15366     3.6521    1498.31    1498.31      1.059     18.169         23 0.0000e+00
