ctd/proc/en717_03_avg.cnv
* Sea-Bird SBE 9 Data File:
* FileName = D:\ctd\raw\EN717_03.hdr
* Software Version Seasave V 7.26.7.121
* Temperature SN = 4695
* Conductivity SN = 0618
* Number of Bytes Per Scan = 40
* Number of Voltage Words = 5
* Number of Scans Averaged by the Deck Unit = 1
* NMEA Latitude = 39 25.85 N
* NMEA Longitude = 071 17.74 W
* NMEA UTC (Time) = Jun 08 2024  18:07:13
* NMEA baud rate = 4800
** Ship: R/V Endeavor
** Cruise: EN717
** Principal Investigator: David Smith
** Chief Scientist: David Smith
** Project: RITAS
** Cruise Start Date: 07 June 2024
** Ports: from and to GSO, Narragansett, RI
** Station:  03
** Bottom Depth (m): 2471
** Operator:
# nquan = 36
# nvalues = 2444                        
# units = specified
# name 0 = scan: Scan Count
# name 1 = timeJ: Julian Days
# name 2 = timeS: Time, Elapsed [seconds]
# name 3 = prDM: Pressure, Digiquartz [db]
# name 4 = t090C: Temperature [ITS-90, deg C]
# name 5 = t190C: Temperature, 2 [ITS-90, deg C]
# name 6 = T2-T190C: Temperature Difference, 2 - 1 [ITS-90, deg C]
# name 7 = c0S/m: Conductivity [S/m]
# name 8 = c1S/m: Conductivity, 2 [S/m]
# name 9 = CStarAt0: Beam Attenuation, WET Labs C-Star [1/m]
# name 10 = CStarTr0: Beam Transmission, WET Labs C-Star [%]
# name 11 = flECO-AFL: Fluorescence, WET Labs ECO-AFL/FL [mg/m^3]
# name 12 = altM: Altimeter [m]
# name 13 = sbeox0V: Oxygen raw, SBE 43 [V]
# name 14 = sbeox1V: Oxygen raw, SBE 43, 2 [V]
# name 15 = par: PAR/Irradiance, Biospherical/Licor [umol photons/m^2/sec]
# name 16 = cpar: CPAR/Corrected Irradiance [%]
# name 17 = spar: SPAR, Biospherical/Licor [umol photons/m^2/sec]
# name 18 = pumps: Pump Status
# name 19 = latitude: Latitude [deg]
# name 20 = longitude: Longitude [deg]
# name 21 = C2-C1S/m: Conductivity Difference, 2 - 1 [S/m]
# name 22 = depSM: Depth [salt water, m]
# name 23 = depSM: Depth [salt water, m], lat = 39.4308
# name 24 = sal00: Salinity, Practical [PSU]
# name 25 = sigma-é00: Density [sigma-theta, kg/m^3]
# name 26 = sbox0Mm/Kg: Oxygen, SBE 43 [umol/kg], WS = 2
# name 27 = oxsolMm/Kg: Oxygen Saturation, Garcia & Gordon [umol/kg]
# name 28 = oxsatMm/Kg: Oxygen Saturation, Weiss [umol/kg]
# name 29 = potemp090C: Potential Temperature [ITS-90, deg C]
# name 30 = svCM: Sound Velocity [Chen-Millero, m/s]
# name 31 = svCM1: Sound Velocity, 2 [Chen-Millero, m/s]
# name 32 = dz/dtM: Descent Rate [m/s], WS = 2
# name 33 = gpa: Geopotential Anomaly [J/kg]
# name 34 = nbin: number of scans per bin
# name 35 = flag: flag
# span 0 =       1043,      79140       
# span 1 = 160.755537, 160.793200       
# span 2 =     43.407,   3297.469       
# span 3 =     13.100,   2489.511       
# span 4 =     2.8958,    13.9314       
# span 5 =     2.8955,    14.0175       
# span 6 =    -0.0676,     0.0861       
# span 7 =   3.190198,   4.068892       
# span 8 =   3.190286,   4.068647       
# span 9 =     0.4515,     1.0290       
# span 10 =    77.3175,    89.3269      
# span 11 =    -0.0144,     3.5631      
# span 12 =      -1.20,      97.80      
# span 13 =     2.2607,     4.0681      
# span 14 =     1.5370,     2.8298      
# span 15 = 1.0000e-12, 1.0000e-12      
# span 16 = 4.3142e-14, 4.3433e-14      
# span 17 = 2.3025e+03, 2.3179e+03      
# span 18 =          1,          1      
# span 19 =   39.42318,   39.43083      
# span 20 =  -71.29573,  -71.29419      
# span 21 =  -0.009080,   0.009099      
# span 22 =     13.000,   2456.015      
# span 23 =     13.000,   2456.000      
# span 24 =    32.1445,    35.3942      
# span 25 =    24.2268,    27.8566      
# span 26 =    154.628,    342.104      
# span 27 =  257.84095,  323.54202      
# span 28 =  257.68017,  324.53120      
# span 29 =     2.6989,    13.9296      
# span 30 =    1471.93,    1503.27      
# span 31 =    1471.92,    1503.27      
# span 32 =     -0.026,      1.433      
# span 33 =      0.151,     15.860      
# span 34 =         16,       1271      
# span 35 = 0.0000e+00, 0.0000e+00      
# interval = meters: 1                  
# start_time = Jun 08 2024 18:07:15 [System UTC, header]
# bad_flag = -9.990e-29
*END*
[from data line 1693]
      53409 160.780791   2225.335   1726.192     3.7551     3.7549    -0.0002   3.305023   3.304851     0.4543    89.2629    -0.0070       0.56     2.6952     1.8253 1.0000e-12 4.3328e-14 2.3080e+03          1   39.42584  -71.29476  -0.000173   1706.000   1706.000    34.9548    27.7896    283.688  316.77106  317.62992     3.6171    1494.09    1494.09      0.894     12.285         27 0.0000e+00
      53436 160.780804   2226.460   1727.208     3.7546     3.7545    -0.0001   3.305018   3.304855     0.4537    89.2779    -0.0029       0.45     2.6948     1.8250 1.0000e-12 4.3336e-14 2.3076e+03          1   39.42584  -71.29476  -0.000167   1707.001   1707.000    34.9549    27.7896    283.569  316.77520  317.63415     3.6165    1494.10    1494.10      0.910     12.290         27 0.0000e+00
      53462 160.780817   2227.556   1728.224     3.7543     3.7542    -0.0001   3.305038   3.304862     0.4539    89.2732     0.0039      24.57     2.6940     1.8247 1.0000e-12 4.3362e-14 2.3062e+03          1   39.42584  -71.29476  -0.000171   1707.998   1708.000    34.9549    27.7897    283.513  316.77714  317.63613     3.6162    1494.12    1494.12      0.966     12.295         25 0.0000e+00
      53487 160.780828   2228.566   1729.239     3.7538     3.7538    -0.0001   3.305041   3.304875     0.4537    89.2762     0.0003       0.31     2.6932     1.8243 1.0000e-12 4.3362e-14 2.3062e+03          1   39.42584  -71.29476  -0.000171   1709.001   1709.000    34.9550    27.7898    283.446  316.78078  317.63983     3.6156    1494.13    1494.13      1.028     12.300         24 0.0000e+00
      53510 160.780840   2229.538   1730.255     3.7540     3.7537    -0.0003   3.305093   3.304910     0.4540    89.2711    -0.0035       0.33     2.6928     1.8244 1.0000e-12 4.3346e-14 2.3071e+03          1   39.42583  -71.29476  -0.000184   1710.001   1710.000    34.9549    27.7898    283.550  316.77979  317.63883     3.6156    1494.15    1494.15      1.051     12.304         23 0.0000e+00
      53533 160.780851   2230.499   1731.271     3.7534     3.7531    -0.0002   3.305083   3.304898     0.4538    89.2752    -0.0032       0.35     2.6928     1.8247 1.0000e-12 4.3349e-14 2.3069e+03          1   39.42582  -71.29476  -0.000182   1710.999   1711.000    34.9549    27.7899    283.668  316.78426  317.64338     3.6150    1494.17    1494.16      1.071     12.309         23 0.0000e+00
      53555 160.780861   2231.435   1732.288     3.7531     3.7530    -0.0001   3.305099   3.304936     0.4538    89.2752    -0.0070       0.49     2.6923     1.8245 1.0000e-12 4.3362e-14 2.3062e+03          1   39.42582  -71.29476  -0.000170   1712.001   1712.000    34.9549    27.7899    283.712  316.78645  317.64562     3.6146    1494.18    1494.18      1.087     12.314         22 0.0000e+00
      53578 160.780872   2232.378   1733.303     3.7531     3.7530    -0.0001   3.305141   3.304975     0.4537    89.2762    -0.0052       0.41     2.6924     1.8245 1.0000e-12 4.3362e-14 2.3062e+03          1   39.42582  -71.29476  -0.000167   1713.004   1713.000    34.9549    27.7899    283.615  316.78647  317.64564     3.6145    1494.20    1494.20      1.027     12.318         24 0.0000e+00
      53604 160.780885   2233.471   1734.319     3.7527     3.7526    -0.0002   3.305161   3.304987     0.4541    89.2669     0.0057       0.44     2.6920     1.8241 1.0000e-12 4.3351e-14 2.3068e+03          1   39.42582  -71.29476  -0.000176   1714.006   1714.000    34.9550    27.7900    283.629  316.78883  317.64805     3.6140    1494.21    1494.21      0.815     12.323         30 0.0000e+00
      53639 160.780902   2234.929   1735.335     3.7527     3.7525    -0.0002   3.305184   3.305020     0.4540    89.2706    -0.0025       0.37     2.6913     1.8237 1.0000e-12 4.3327e-14 2.3080e+03          1   39.42582  -71.29476  -0.000167   1714.997   1715.000    34.9549    27.7900    283.679  316.78979  317.64902     3.6139    1494.23    1494.23      0.715     12.328         35 0.0000e+00
      53669 160.780916   2236.149   1736.351     3.7529     3.7529    -0.0000   3.305256   3.305096     0.4542    89.2656    -0.0026       0.49     2.6916     1.8233 1.0000e-12 4.3328e-14 2.3080e+03          1   39.42580  -71.29476  -0.000163   1715.996   1716.000    34.9550    27.7900    283.735  316.78756  317.64675     3.6140    1494.25    1494.25      0.976     12.333         25 0.0000e+00
      53691 160.780927   2237.096   1737.367     3.7520     3.7520    -0.0001   3.305220   3.305060     0.4536    89.2783    -0.0037       0.46     2.6913     1.8231 1.0000e-12 4.3348e-14 2.3069e+03          1   39.42580  -71.29476  -0.000158   1717.001   1717.000    34.9550    27.7901    283.771  316.79425  317.65357     3.6131    1494.26    1494.26      1.099     12.337         22 0.0000e+00
      53713 160.780938   2238.007   1738.384     3.7518     3.7516    -0.0002   3.305234   3.305072     0.4539    89.2731    -0.0069       0.58     2.6915     1.8231 1.0000e-12 4.3362e-14 2.3062e+03          1   39.42580  -71.29476  -0.000165   1718.002   1718.000    34.9550    27.7901    283.947  316.79652  317.65588     3.6127    1494.28    1494.28      1.090     12.342         22 0.0000e+00
      53736 160.780949   2238.976   1739.400     3.7513     3.7513    -0.0000   3.305236   3.305082     0.4537    89.2770    -0.0033       0.39     2.6913     1.8230 1.0000e-12 4.3362e-14 2.3062e+03          1   39.42580  -71.29476  -0.000147   1719.003   1719.000    34.9549    27.7901    283.596  316.79979  317.65922     3.6122    1494.30    1494.29      1.000     12.347         25 0.0000e+00
      53762 160.780961   2240.044   1740.416     3.7500     3.7499    -0.0000   3.305158   3.304998     0.4540    89.2714    -0.0006       0.36     2.6905     1.8225 1.0000e-12 4.3362e-14 2.3062e+03          1   39.42580  -71.29476  -0.000159   1720.000   1720.000    34.9550    27.7903    283.588  316.81019  317.66981     3.6108    1494.31    1494.30      0.951     12.351         25 0.0000e+00
      53787 160.780973   2241.087   1741.432     3.7496     3.7494    -0.0002   3.305166   3.304993     0.4539    89.2733    -0.0062       0.44     2.6903     1.8221 1.0000e-12 4.3366e-14 2.3060e+03          1   39.42578  -71.29476  -0.000169   1720.999   1721.000    34.9550    27.7904    283.670  316.81323  317.67291     3.6103    1494.32    1494.32      1.015     12.356         24 0.0000e+00
      53810 160.780984   2242.055   1742.448     3.7485     3.7484    -0.0001   3.305120   3.304947     0.4538    89.2742     0.0078      27.13     2.6900     1.8220 1.0000e-12 4.3362e-14 2.3062e+03          1   39.42578  -71.29476  -0.000169   1722.001   1722.000    34.9551    27.7906    283.758  316.82105  317.68089     3.6091    1494.33    1494.33      1.047     12.361         23 0.0000e+00
      53834 160.780996   2243.044   1743.464     3.7478     3.7475    -0.0003   3.305095   3.304916     0.4539    89.2733     0.0100       0.54     2.6897     1.8219 1.0000e-12 4.3347e-14 2.3070e+03          1   39.42578  -71.29476  -0.000177   1723.003   1723.000    34.9550    27.7906    283.515  316.82663  317.68657     3.6083    1494.35    1494.34      0.970     12.366         25 0.0000e+00
      53862 160.781009   2244.189   1744.480     3.7487     3.7479    -0.0008   3.305211   3.304992     0.4540    89.2705    -0.0088       0.50     2.6890     1.8219 1.0000e-12 4.3331e-14 2.3078e+03          1   39.42576  -71.29476  -0.000227   1724.002   1724.000    34.9550    27.7905    283.596  316.81988  317.67969     3.6091    1494.37    1494.36      0.839     12.370         30 0.0000e+00
      53891 160.781023   2245.429   1745.496     3.7468     3.7469     0.0001   3.305093   3.304941     0.4540    89.2703    -0.0052       0.49     2.6889     1.8219 1.0000e-12 4.3347e-14 2.3070e+03          1   39.42576  -71.29476  -0.000145   1724.999   1725.000    34.9551    27.7907    283.637  316.83408  317.69417     3.6072    1494.38    1494.38      0.855     12.375         29 0.0000e+00
      53918 160.781036   2246.550   1746.512     3.7453     3.7453    -0.0001   3.304997   3.304836     0.4541    89.2676     0.0021       0.37     2.6880     1.8217 1.0000e-12 4.3362e-14 2.3062e+03          1   39.42576  -71.29478  -0.000151   1725.998   1726.000    34.9550    27.7909    283.419  316.84585  317.70617     3.6056    1494.39    1494.39      0.961     12.380         25 0.0000e+00
      53942 160.781048   2247.557   1747.528     3.7444     3.7443    -0.0001   3.304966   3.304802     0.4542    89.2659    -0.0091       0.54     2.6879     1.8207 1.0000e-12 4.3362e-14 2.3062e+03          1   39.42576  -71.29478  -0.000168   1726.998   1727.000    34.9551    27.7911    283.612  316.85259  317.71304     3.6046    1494.40    1494.40      1.039     12.384         23 0.0000e+00
      53965 160.781059   2248.512   1748.544     3.7443     3.7443    -0.0001   3.305001   3.304835     0.4539    89.2732    -0.0054       0.56     2.6874     1.8204 1.0000e-12 4.3362e-14 2.3062e+03          1   39.42576  -71.29478  -0.000170   1728.001   1728.000    34.9551    27.7911    283.660  316.85308  317.71354     3.6044    1494.42    1494.42      1.069     12.389         23 0.0000e+00
      53988 160.781070   2249.461   1749.560     3.7442     3.7442    -0.0001   3.305028   3.304871     0.4543    89.2638 3.8765e-08       0.47     2.6876     1.8204 1.0000e-12 4.3362e-14 2.3062e+03          1   39.42574  -71.29478  -0.000162   1729.001   1729.000    34.9551    27.7911    283.756  316.85419  317.71467     3.6042    1494.43    1494.43      1.060     12.394         23 0.0000e+00
      54011 160.781081   2250.431   1750.576     3.7441     3.7440    -0.0002   3.305062   3.304895     0.4546    89.2555    -0.0045       0.45     2.6872     1.8204 1.0000e-12 4.3356e-14 2.3065e+03          1   39.42574  -71.29476  -0.000168   1730.001   1730.000    34.9551    27.7911    283.618  316.85470  317.71518     3.6040    1494.45    1494.45      1.043     12.399         24 0.0000e+00
      54035 160.781093   2251.409   1751.592     3.7439     3.7439    -0.0001   3.305089   3.304929     0.4541    89.2669    -0.0070       0.58     2.6872     1.8199 1.0000e-12 4.3355e-14 2.3066e+03          1   39.42572  -71.29476  -0.000162   1731.002   1731.000    34.9551    27.7912    283.797  316.85638  317.71690     3.6037    1494.47    1494.47      1.018     12.403         23 0.0000e+00
      54060 160.781105   2252.450   1752.608     3.7438     3.7437    -0.0002   3.305128   3.304963     0.4539    89.2734    -0.0038       0.37     2.6870     1.8194 1.0000e-12 4.3359e-14 2.3063e+03          1   39.42572  -71.29476  -0.000168   1732.005   1732.000    34.9552    27.7912    283.743  316.85667  317.71720     3.6036    1494.48    1494.48      0.898     12.408         27 0.0000e+00
      54091 160.781120   2253.745   1753.624     3.7440     3.7439    -0.0001   3.305175   3.305010     0.4538    89.2738    -0.0073       0.40     2.6870     1.8190 1.0000e-12 4.3360e-14 2.3063e+03          1   39.42572  -71.29476  -0.000168   1733.001   1733.000    34.9551    27.7911    283.798  316.85584  317.71635     3.6036    1494.50    1494.50      0.750     12.413         34 0.0000e+00
      54122 160.781134   2255.022   1754.641     3.7441     3.7441    -0.0001   3.305227   3.305065     0.4537    89.2771     0.0006       0.44     2.6867     1.8189 1.0000e-12 4.3332e-14 2.3078e+03          1   39.42571  -71.29476  -0.000164   1733.995   1734.000    34.9551    27.7911    283.702  316.85482  317.71531     3.6036    1494.52    1494.52      0.920     12.418         26 0.0000e+00
      54145 160.781146   2256.018   1755.657     3.7442     3.7441    -0.0001   3.305285   3.305119     0.4540    89.2699    -0.0071       0.41     2.6863     1.8185 1.0000e-12 4.3355e-14 2.3066e+03          1   39.42570  -71.29478  -0.000169   1735.001   1735.000    34.9552    27.7912    283.680  316.85404  317.71453     3.6036    1494.54    1494.53      1.059     12.422         23 0.0000e+00
      54168 160.781157   2256.954   1756.673     3.7439     3.7438    -0.0002   3.305300   3.305138     0.4550    89.2485    -0.0004       0.33     2.6860     1.8182 1.0000e-12 4.3362e-14 2.3062e+03          1   39.42570  -71.29478  -0.000162   1736.001   1736.000    34.9551    27.7912    283.458  316.85602  317.71654     3.6033    1494.55    1494.55      1.079     12.427         23 0.0000e+00
      54191 160.781168   2257.905   1757.689     3.7439     3.7438    -0.0000   3.305341   3.305175     0.4543    89.2637    -0.0060       0.31     2.6850     1.8181 1.0000e-12 4.3356e-14 2.3065e+03          1   39.42570  -71.29478  -0.000172   1737.002   1737.000    34.9552    27.7913    283.336  316.85644  317.71697     3.6031    1494.57    1494.57      1.055     12.432         23 0.0000e+00
      54214 160.781179   2258.882   1758.705     3.7438     3.7438    -0.0001   3.305374   3.305214     0.4541    89.2673    -0.0034       0.42     2.6846     1.8181 1.0000e-12 4.3328e-14 2.3080e+03          1   39.42569  -71.29478  -0.000163   1738.002   1738.000    34.9552    27.7912    283.384  316.85691  317.71745     3.6030    1494.59    1494.58      1.022     12.437         24 0.0000e+00
      54239 160.781191   2259.901   1759.721     3.7432     3.7431    -0.0001   3.305366   3.305208     0.4538    89.2741    -0.0050       0.58     2.6838     1.8184 1.0000e-12 4.3328e-14 2.3080e+03          1   39.42569  -71.29478  -0.000155   1739.003   1739.000    34.9552    27.7913    283.104  316.86128  317.72190     3.6023    1494.60    1494.60      0.965     12.441         25 0.0000e+00
      54265 160.781204   2260.990   1760.737     3.7428     3.7427    -0.0001   3.305372   3.305214     0.4542    89.2660    -0.0128       0.38     2.6828     1.8183 1.0000e-12 4.3346e-14 2.3070e+03          1   39.42569  -71.29478  -0.000157   1740.001   1740.000    34.9552    27.7914    283.346  316.86456  317.72525     3.6018    1494.62    1494.61      0.929     12.446         26 0.0000e+00
      54291 160.781216   2262.068   1761.753     3.7421     3.7421    -0.0001   3.305356   3.305200     0.4540    89.2707    -0.0016       0.41     2.6829     1.8182 1.0000e-12 4.3362e-14 2.3062e+03          1   39.42568  -71.29478  -0.000157   1740.999   1741.000    34.9552    27.7915    283.601  316.86958  317.73037     3.6010    1494.63    1494.63      0.965     12.451         26 0.0000e+00
      54316 160.781228   2263.104   1762.769     3.7418     3.7417    -0.0001   3.305373   3.305215     0.4537    89.2779    -0.0035       0.35     2.6827     1.8181 1.0000e-12 4.3362e-14 2.3062e+03          1   39.42568  -71.29478  -0.000159   1742.003   1742.000    34.9553    27.7916    283.413  316.87207  317.73291     3.6006    1494.65    1494.64      0.964     12.455         25 0.0000e+00
      54341 160.781241   2264.186   1763.786     3.7413     3.7412    -0.0001   3.305367   3.305205     0.4542    89.2661    -0.0056      23.38     2.6821     1.8179 1.0000e-12 4.3363e-14 2.3061e+03          1   39.42568  -71.29478  -0.000162   1743.000   1743.000    34.9553    27.7916    283.208  316.87607  317.73699     3.6000    1494.66    1494.66      0.940     12.460         26 0.0000e+00
      54367 160.781253   2265.245   1764.802     3.7407     3.7406    -0.0000   3.305353   3.305202     0.4538    89.2743    -0.0052       0.05     2.6813     1.8174 1.0000e-12 4.3348e-14 2.3070e+03          1   39.42568  -71.29480  -0.000151   1743.999   1744.000    34.9552    27.7917    283.131  316.88054  317.74154     3.5993    1494.68    1494.67      1.000     12.465         24 0.0000e+00
