ctd/proc/EN719_CTD05_avg.cnv
* Sea-Bird SBE 9 Data File:
* FileName = D:\ctd\raw\EN719_CTD05.hdr
* Software Version Seasave V 7.26.7.121
* Temperature SN = 4333
* Conductivity SN = 0864
* Number of Bytes Per Scan = 37
* Number of Voltage Words = 4
* Number of Scans Averaged by the Deck Unit = 1
* NMEA Latitude = 38 27.45 N
* NMEA Longitude = 063 30.31 W
* NMEA UTC (Time) = Jul 13 2024  00:46:43
* NMEA baud rate = 4800
** Ship: R/V Endeavor
** Cruise: EN719
** Principal Investigator: Chad Smith
** Chief Scientist: Chad Smith
** Project: NESMA24
** Cruise Start Date: 7 July 2024
** Ports: GSO, Narragansett RI to GSO, Narragansett RI
** Station:
** Bottom Depth: 4508
** Operator:  BKC
# nquan = 27
# nvalues = 1992                        
# units = specified
# name 0 = scan: Scan Count
# name 1 = timeJ: Julian Days
# name 2 = timeS: Time, Elapsed [seconds]
# name 3 = prDM: Pressure, Digiquartz [db]
# name 4 = t090C: Temperature [ITS-90, deg C]
# name 5 = t190C: Temperature, 2 [ITS-90, deg C]
# name 6 = T2-T190C: Temperature Difference, 2 - 1 [ITS-90, deg C]
# name 7 = c0S/m: Conductivity [S/m]
# name 8 = c1S/m: Conductivity, 2 [S/m]
# name 9 = altM: Altimeter [m]
# name 10 = pumps: Pump Status
# name 11 = latitude: Latitude [deg]
# name 12 = longitude: Longitude [deg]
# name 13 = C2-C1S/m: Conductivity Difference, 2 - 1 [S/m]
# name 14 = depSM: Depth [salt water, m]
# name 15 = depSM: Depth [salt water, m], lat = 38.4575
# name 16 = sal00: Salinity, Practical [PSU]
# name 17 = sigma-é00: Density [sigma-theta, kg/m^3]
# name 18 = oxsolMm/Kg: Oxygen Saturation, Garcia & Gordon [umol/kg]
# name 19 = oxsatMm/Kg: Oxygen Saturation, Weiss [umol/kg]
# name 20 = potemp090C: Potential Temperature [ITS-90, deg C]
# name 21 = svCM: Sound Velocity [Chen-Millero, m/s]
# name 22 = svCM1: Sound Velocity, 2 [Chen-Millero, m/s]
# name 23 = dz/dtM: Descent Rate [m/s], WS = 2
# name 24 = gpa: Geopotential Anomaly [J/kg]
# name 25 = nbin: number of scans per bin
# name 26 = flag: flag
# span 0 =       1322,      61331       
# span 1 = 195.033114, 195.062053       
# span 2 =     55.052,   2555.420       
# span 3 =      9.068,   2024.914       
# span 4 =     3.7281,    28.0597       
# span 5 =     3.7288,    28.0607       
# span 6 =    -0.0517,     0.0154       
# span 7 =   3.315320,   5.820377       
# span 8 =   3.315469,   5.820614       
# span 9 =      -9.11,      85.58       
# span 10 =          1,          1      
# span 11 =   38.44304,   38.45729      
# span 12 =  -63.50479,  -63.48639      
# span 13 =  -0.003503,   0.003952      
# span 14 =      9.003,   2000.022      
# span 15 =      9.000,   2000.000      
# span 16 =    34.9623,    36.8246      
# span 17 =    23.1397,    27.8010      
# span 18 =  195.04805,  316.95988      
# span 19 =  194.54647,  317.82297      
# span 20 =     3.5623,    28.0568      
# span 21 =    1487.16,    1543.07      
# span 22 =    1487.16,    1543.07      
# span 23 =      0.095,      1.496      
# span 24 =      0.235,     19.602      
# span 25 =         10,        873      
# span 26 = 0.0000e+00, 0.0000e+00      
# interval = meters: 1                  
# start_time = Jul 13 2024 00:46:46 [System UTC, header]
# bad_flag = -9.990e-29
*END*
[from data line 376]
      15335 195.039872    638.904    388.283    17.4601    17.4592    -0.0009   4.712659   4.712668       0.94          1   38.45374  -63.50071   0.000289    385.002    385.000    36.3831    26.4811  234.12623  233.80869    17.3939    1522.23    1522.23      1.061      9.412         23 0.0000e+00
      15359 195.039883    639.897    389.292    17.4212    17.4185    -0.0027   4.707691   4.707571       0.65          1   38.45373  -63.50070   0.000226    386.001    386.000    36.3744    26.4839  234.31082  233.99494    17.3550    1522.12    1522.12      0.986      9.429         25 0.0000e+00
      15383 195.039895    640.935    390.302    17.3849    17.3823    -0.0026   4.703179   4.703040      25.41          1   38.45371  -63.50070   0.000171    386.997    387.000    36.3674    26.4874  234.48186  234.16757    17.3186    1522.02    1522.02      1.010      9.446         24 0.0000e+00
      15406 195.039906    641.888    391.311    17.3212    17.3134    -0.0078   4.694634   4.694212      27.34          1   38.45370  -63.50069   0.000602    388.001    388.000    36.3499    26.4894  234.79097  234.47942    17.2548    1521.83    1521.81      1.072      9.463         22 0.0000e+00
      15429 195.039917    642.848    392.321    17.2436    17.2397    -0.0039   4.685467   4.685272      22.99          1   38.45369  -63.50068   0.000211    389.007    389.000    36.3393    26.5000  235.15072  234.84262    17.1773    1521.61    1521.60      0.948      9.480         25 0.0000e+00
      15461 195.039932    644.152    393.330    17.2024    17.1993    -0.0032   4.680559   4.680332      15.19          1   38.45367  -63.50067  -0.000016    390.001    390.000    36.3332    26.5053  235.34318  235.03692    17.1361    1521.49    1521.49      0.700      9.497         37 0.0000e+00
      15495 195.039949    645.568    394.340    17.1720    17.1707    -0.0013   4.676843   4.676794      15.57          1   38.45368  -63.50066   0.000135    390.995    391.000    36.3277    26.5085  235.48698  235.18207    17.1056    1521.41    1521.41      0.844      9.513         28 0.0000e+00
      15520 195.039961    646.611    395.349    17.1448    17.1434    -0.0015   4.673447   4.673406       0.46          1   38.45368  -63.50066   0.000225    391.998    392.000    36.3222    26.5108  235.61678  235.31309    17.0783    1521.34    1521.34      1.024      9.530         24 0.0000e+00
      15543 195.039972    647.563    396.359    17.1142    17.1129    -0.0013   4.669650   4.669679       0.68          1   38.45368  -63.50066   0.000315    393.000    393.000    36.3161    26.5135  235.76270  235.46038    17.0475    1521.26    1521.26      1.063      9.547         22 0.0000e+00
      15565 195.039983    648.516    397.368    17.0901    17.0895    -0.0006   4.666821   4.666835      26.18          1   38.45368  -63.50066   0.000183    394.001    394.000    36.3127    26.5167  235.87548  235.57425    17.0233    1521.20    1521.20      1.040      9.564         23 0.0000e+00
      15589 195.039994    649.520    398.378    17.0634    17.0615    -0.0019   4.663442   4.663357       0.70          1   38.45368  -63.50066   0.000186    395.003    395.000    36.3068    26.5186  236.00401  235.70398    16.9965    1521.13    1521.13      0.943      9.580         26 0.0000e+00
      15618 195.040008    650.703    399.387    17.0280    17.0251    -0.0029   4.659059   4.658883      61.47          1   38.45367  -63.50065   0.000106    396.002    396.000    36.2999    26.5218  236.17302  235.87459    16.9611    1521.04    1521.03      0.799      9.597         31 0.0000e+00
      15649 195.040023    651.986    400.397    16.9952    16.9940    -0.0011   4.655166   4.655133       0.23          1   38.45366  -63.50064   0.000123    396.996    397.000    36.2950    26.5259  236.32756  236.03063    16.9282    1520.95    1520.94      0.869      9.614         29 0.0000e+00
      15673 195.040035    653.017    401.406    16.9725    16.9711    -0.0014   4.652335   4.652297      26.81          1   38.45364  -63.50064   0.000207    397.995    398.000    36.2902    26.5277  236.43670  236.14080    16.9054    1520.89    1520.89      1.084      9.630         22 0.0000e+00
      15694 195.040045    653.887    402.416    16.9472    16.9453    -0.0020   4.649240   4.649169      18.52          1   38.45363  -63.50063   0.000238    399.004    399.000    36.2855    26.5301  236.55754  236.26279    16.8800    1520.83    1520.82      1.109      9.647         21 0.0000e+00
      15719 195.040057    654.903    403.425    16.9115    16.9092    -0.0023   4.644865   4.644765      40.45          1   38.45362  -63.50062   0.000151    400.006    400.000    36.2789    26.5336  236.72833  236.43522    16.8442    1520.73    1520.72      0.861      9.663         29 0.0000e+00
      15752 195.040073    656.308    404.435    16.8848    16.8831    -0.0017   4.641731   4.641616      13.16          1   38.45362  -63.50062   0.000055    400.997    401.000    36.2751    26.5371  236.85431  236.56244    16.8174    1520.66    1520.66      0.727      9.680         34 0.0000e+00
      15782 195.040087    657.522    405.445    16.8589    16.8582    -0.0006   4.638587   4.638609       0.34          1   38.45360  -63.50060   0.000146    401.993    402.000    36.2704    26.5397  236.97809  236.68741    16.7914    1520.59    1520.60      0.982      9.696         24 0.0000e+00
      15804 195.040098    658.448    406.454    16.8400    16.8388    -0.0013   4.636246   4.636241       9.45          1   38.45359  -63.50059   0.000270    403.001    403.000    36.2665    26.5412  237.06938  236.77957    16.7724    1520.55    1520.55      1.090      9.713         22 0.0000e+00
      15827 195.040109    659.396    407.464    16.7905    16.7872    -0.0032   4.629857   4.629812      26.05          1   38.45362  -63.50068   0.000482    404.004    404.000    36.2546    26.5439  237.31162  237.02409    16.7229    1520.40    1520.40      0.995      9.729         25 0.0000e+00
      15853 195.040122    660.504    408.473    16.7424    16.7401    -0.0023   4.624132   4.624011       1.66          1   38.45362  -63.50069   0.000187    405.001    405.000    36.2473    26.5496  237.54038  237.25511    16.6747    1520.27    1520.26      0.877      9.746         28 0.0000e+00
      15881 195.040135    661.674    409.483    16.7076    16.7057    -0.0018   4.619867   4.619793      40.39          1   38.45362  -63.50070   0.000224    406.000    406.000    36.2408    26.5529  237.70826  237.42461    16.6398    1520.17    1520.17      0.865      9.762         28 0.0000e+00
      15909 195.040148    662.831    410.492    16.6522    16.6461    -0.0061   4.612782   4.612340       0.68          1   38.45362  -63.50070   0.000229    406.999    407.000    36.2279    26.5560  237.97956  237.69850    16.5845    1520.01    1519.99      0.895      9.778         27 0.0000e+00
      15935 195.040161    663.923    411.502    16.5801    16.5763    -0.0038   4.604133   4.603892      38.33          1   38.45361  -63.50067   0.000209    407.998    408.000    36.2163    26.5642  238.32552  238.04789    16.5124    1519.79    1519.78      0.957      9.794         25 0.0000e+00
      15960 195.040173    664.962    412.512    16.5067    16.4999    -0.0069   4.594864   4.594414      51.95          1   38.45360  -63.50065   0.000388    409.002    409.000    36.2003    26.5691  238.68534  238.41119    16.4390    1519.57    1519.55      0.936      9.811         26 0.0000e+00
      15987 195.040186    666.095    413.521    16.3983    16.3914    -0.0069   4.581386   4.581025      35.47          1   38.45360  -63.50062   0.000264    410.000    410.000    36.1787    26.5779  239.21568  238.94674    16.3308    1519.23    1519.21      0.875      9.827         28 0.0000e+00
      16015 195.040200    667.239    414.531    16.3453    16.3444    -0.0009   4.574984   4.575095       0.36          1   38.45358  -63.50058   0.000629    410.999    411.000    36.1695    26.5832  239.47330  239.20694    16.2777    1519.08    1519.07      0.921      9.843         26 0.0000e+00
      16040 195.040212    668.289    415.540    16.2639    16.2588    -0.0051   4.564698   4.564444      26.11          1   38.45358  -63.50058   0.000358    411.999    412.000    36.1515    26.5883  239.87648  239.61407    16.1964    1518.82    1518.81      0.979      9.859         25 0.0000e+00
      16065 195.040224    669.316    416.550    16.2203    16.2179    -0.0024   4.559611   4.559423       0.92          1   38.45358  -63.50056   0.000170    413.002    413.000    36.1454    26.5937  240.08698  239.82672    16.1528    1518.70    1518.69      0.961      9.875         25 0.0000e+00
      16091 195.040236    670.397    417.560    16.1729    16.1655    -0.0074   4.553434   4.552814      49.35          1   38.45356  -63.50054  -0.000037    414.001    414.000    36.1330    26.5952  240.32587  240.06793    16.1054    1518.56    1518.54      0.911      9.891         26 0.0000e+00
      16118 195.040249    671.530    418.569    16.0821    16.0745    -0.0076   4.541786   4.541307       0.09          1   38.45357  -63.50053   0.000475    414.999    415.000    36.1112    26.5994  240.78177  240.52832    16.0146    1518.27    1518.25      0.887      9.907         28 0.0000e+00
      16145 195.040262    672.658    419.579    15.9635    15.9554    -0.0082   4.527066   4.526563      45.25          1   38.45356  -63.50052   0.000310    415.998    416.000    36.0870    26.6080  241.37197  241.12445    15.8963    1517.90    1517.87      0.932      9.923         26 0.0000e+00
      16170 195.040274    673.700    420.588    15.8026    15.8046     0.0020   4.506487   4.507603      24.36          1   38.45355  -63.50051   0.002499    417.002    417.000    36.0485    26.6152  242.18667  241.94729    15.7357    1517.37    1517.39      0.946      9.938         25 0.0000e+00
      16197 195.040288    674.852    421.598    15.7127    15.7116    -0.0011   4.496186   4.496259      45.11          1   38.45353  -63.50049   0.000556    418.003    418.000    36.0375    26.6272  242.62651  242.39181    15.6458    1517.10    1517.10      0.799      9.954         31 0.0000e+00
      16230 195.040303    676.208    422.608    15.6296    15.6169    -0.0127   4.485675   4.484457       7.42          1   38.45352  -63.50048  -0.000556    418.996    419.000    36.0182    26.6312  243.04966  242.81925    15.5628    1516.83    1516.80      0.802      9.970         31 0.0000e+00
      16257 195.040316    677.312    423.617    15.5596    15.5554    -0.0042   4.477106   4.476818      55.36          1   38.45352  -63.50048   0.000619    419.994    420.000    36.0044    26.6364  243.40292  243.17617    15.4929    1516.62    1516.61      1.059      9.985         23 0.0000e+00
      16277 195.040326    678.171    424.627    15.4815    15.4806    -0.0009   4.467381   4.467774      32.67          1   38.45350  -63.50048   0.000703    420.997    421.000    35.9874    26.6409  243.80084  243.57819    15.4149    1516.37    1516.37      1.226     10.001         19 0.0000e+00
      16296 195.040335    678.969    425.637    15.4227    15.4123    -0.0104   4.459738   4.459056      31.16          1   38.45349  -63.50047   0.000198    422.005    422.000    35.9716    26.6420  244.10652  243.88695    15.3561    1516.19    1516.16      1.195     10.016         20 0.0000e+00
      16319 195.040346    679.903    426.646    15.3678    15.3676    -0.0002   4.453545   4.453707      45.12          1   38.45348  -63.50045   0.000412    423.007    423.000    35.9653    26.6494  244.37799  244.16138    15.3012    1516.02    1516.03      0.951     10.032         26 0.0000e+00
      16350 195.040361    681.199    427.656    15.3382    15.3408     0.0026   4.449935   4.450400       2.11          1   38.45348  -63.50046   0.000610    424.001    424.000    35.9592    26.6514  244.52915  244.31413    15.2715    1515.94    1515.95      0.724     10.047         35 0.0000e+00
      16382 195.040377    682.554    428.666    15.3267    15.3285     0.0017   4.448804   4.448973      37.99          1   38.45350  -63.50045   0.000168    424.996    425.000    35.9591    26.6539  244.58416  244.36977    15.2599    1515.92    1515.93      0.838     10.062         29 0.0000e+00
      16409 195.040390    683.654    429.675    15.3216    15.3231     0.0015   4.448216   4.448393       1.04          1   38.45351  -63.50044   0.000254    425.998    426.000    35.9580    26.6542  244.61036  244.39624    15.2546    1515.92    1515.93      0.964     10.078         25 0.0000e+00
      16433 195.040401    684.666    430.685    15.2785    15.2742    -0.0043   4.442352   4.442282       0.66          1   38.45351  -63.50044   0.000759    427.000    427.000    35.9439    26.6529  244.84015  244.62831    15.2115    1515.79    1515.78      1.005     10.093         23 0.0000e+00
      16457 195.040413    685.670    431.695    15.2025    15.1980    -0.0045   4.433688   4.433287      23.44          1   38.45349  -63.50043   0.000038    428.001    428.000    35.9343    26.6625  245.21976  245.01207    15.1356    1515.56    1515.54      0.994     10.108         25 0.0000e+00
      16482 195.040425    686.707    432.704    15.1510    15.1488    -0.0022   4.427331   4.427308       1.10          1   38.45347  -63.50042   0.000419    429.001    429.000    35.9232    26.6654  245.48547  245.28057    15.0841    1515.40    1515.39      0.943     10.124         26 0.0000e+00
      16509 195.040438    687.820    433.714    15.1093    15.1017    -0.0075   4.422255   4.421417       4.18          1   38.45346  -63.50041   0.000206    430.002    430.000    35.9148    26.6682  245.70018  245.49755    15.0423    1515.27    1515.25      0.869     10.139         27 0.0000e+00
      16538 195.040452    689.056    434.724    14.7018    14.6501    -0.0517   4.369831   4.366244      15.68          1   38.45345  -63.50040   0.000202    431.001    431.000    35.8086    26.6754  247.85998  247.67993    14.6359    1513.87    1513.73      0.785     10.154         32 0.0000e+00
      16569 195.040467    690.343    435.733    14.3565    14.3434    -0.0131   4.330643   4.329453      41.70          1   38.45344  -63.50038  -0.000076    431.996    432.000    35.7650    26.7164  249.62978  249.46976    14.2916    1512.74    1512.70      0.854     10.169         28 0.0000e+00
      16595 195.040479    691.414    436.743    14.1984    14.1984     0.0001   4.310070   4.311047      39.08          1   38.45340  -63.50038   0.002149    432.995    433.000    35.7198    26.7152  250.49426  250.34344    14.1337    1512.19    1512.20      1.038     10.184         23 0.0000e+00
      16617 195.040490    692.320    437.753    14.0286    14.0231    -0.0055   4.287849   4.288595       0.36          1   38.45340  -63.50036   0.003952    434.003    434.000    35.6696    26.7123  251.43176  251.29095    13.9643    1511.60    1511.60      1.118     10.198         22 0.0000e+00
      16639 195.040500    693.234    438.763    13.7753    13.7645    -0.0107   4.258830   4.258397      28.94          1   38.45340  -63.50036   0.000362    435.002    435.000    35.6326    26.7368  252.77353  252.64826    13.7116    1510.75    1510.72      1.043     10.213         23 0.0000e+00
      16664 195.040513    694.293    439.772    13.7205    13.7190    -0.0015   4.253469   4.253339      41.76          1   38.45338  -63.50036   0.000052    436.004    436.000    35.6327    26.7484  253.05098  252.92920    13.6569    1510.59    1510.59      0.887     10.227         28 0.0000e+00
      16694 195.040527    695.528    440.782    13.6763    13.6764     0.0002   4.248906   4.249062      33.69          1   38.45339  -63.50035   0.000172    437.003    437.000    35.6305    26.7559  253.27970  253.16072    13.6126    1510.46    1510.46      0.750     10.242         32 0.0000e+00
