ctd/proc/EN719_CTD06_avg.cnv
* Sea-Bird SBE 9 Data File:
* FileName = D:\ctd\raw\EN719_CTD06.hdr
* Software Version Seasave V 7.26.7.121
* Temperature SN = 4333
* Conductivity SN = 0864
* Number of Bytes Per Scan = 37
* Number of Voltage Words = 4
* Number of Scans Averaged by the Deck Unit = 1
* NMEA Latitude = 38 19.90 N
* NMEA Longitude = 062 43.32 W
* NMEA UTC (Time) = Jul 14 2024  12:38:36
* NMEA baud rate = 4800
** Ship: R/V Endeavor
** Cruise: EN719
** Principal Investigator: Chad Smith
** Chief Scientist: Chad Smith
** Project: NESMA24
** Cruise Start Date: 7 July 2024
** Ports: GSO, Narragansett RI to GSO, Narragansett RI
** Station:  CTD 06
** Bottom Depth: 4508
** Operator:  JMA
# nquan = 27
# nvalues = 1987                        
# units = specified
# name 0 = scan: Scan Count
# name 1 = timeJ: Julian Days
# name 2 = timeS: Time, Elapsed [seconds]
# name 3 = prDM: Pressure, Digiquartz [db]
# name 4 = t090C: Temperature [ITS-90, deg C]
# name 5 = t190C: Temperature, 2 [ITS-90, deg C]
# name 6 = T2-T190C: Temperature Difference, 2 - 1 [ITS-90, deg C]
# name 7 = c0S/m: Conductivity [S/m]
# name 8 = c1S/m: Conductivity, 2 [S/m]
# name 9 = altM: Altimeter [m]
# name 10 = pumps: Pump Status
# name 11 = latitude: Latitude [deg]
# name 12 = longitude: Longitude [deg]
# name 13 = C2-C1S/m: Conductivity Difference, 2 - 1 [S/m]
# name 14 = depSM: Depth [salt water, m]
# name 15 = depSM: Depth [salt water, m], lat = 38.3317
# name 16 = sal00: Salinity, Practical [PSU]
# name 17 = sigma-é00: Density [sigma-theta, kg/m^3]
# name 18 = oxsolMm/Kg: Oxygen Saturation, Garcia & Gordon [umol/kg]
# name 19 = oxsatMm/Kg: Oxygen Saturation, Weiss [umol/kg]
# name 20 = potemp090C: Potential Temperature [ITS-90, deg C]
# name 21 = svCM: Sound Velocity [Chen-Millero, m/s]
# name 22 = svCM1: Sound Velocity, 2 [Chen-Millero, m/s]
# name 23 = dz/dtM: Descent Rate [m/s], WS = 2
# name 24 = gpa: Geopotential Anomaly [J/kg]
# name 25 = nbin: number of scans per bin
# name 26 = flag: flag
# span 0 =        716,      55387       
# span 1 = 196.527174, 196.553539       
# span 2 =     29.810,   2307.763       
# span 3 =     12.091,   2022.857       
# span 4 =     3.6833,    27.8089       
# span 5 =     3.6837,    27.8089       
# span 6 =    -0.2186,     0.0525       
# span 7 =   3.310470,   5.775046       
# span 8 =   3.310562,   5.774953       
# span 9 =      -5.18,      90.92       
# span 10 =          1,          1      
# span 11 =   38.32538,   38.33167      
# span 12 =  -62.72205,  -62.71288      
# span 13 =  -0.022895,   0.006088      
# span 14 =     12.001,   1998.015      
# span 15 =     12.000,   1998.000      
# span 16 =    34.9551,    36.8537      
# span 17 =    23.2430,    27.8005      
# span 18 =  196.04820,  317.31883      
# span 19 =  195.54267,  318.18832      
# span 20 =     3.5183,    27.8045      
# span 21 =    1488.16,    1542.54      
# span 22 =    1488.14,    1542.52      
# span 23 =      0.056,      1.773      
# span 24 =      0.177,     20.222      
# span 25 =         13,        804      
# span 26 = 0.0000e+00, 0.0000e+00      
# interval = meters: 1                  
# start_time = Jul 14 2024 12:38:38 [System UTC, header]
# bad_flag = -9.990e-29
*END*
[from data line 108]
       7758 196.530569    323.199    120.944    20.1474    20.1063    -0.0411   5.013729   5.010027      28.41          1   38.33083  -62.72118  -0.003497    120.001    120.000    36.6527    25.9897  222.46321  222.04560    20.1247    1525.75    1525.64      0.376      4.285         66 0.0000e+00
       7826 196.530602    326.031    121.952    20.0761    20.0589    -0.0173   5.006853   5.005415      10.11          1   38.33083  -62.72118  -0.001362    120.999    121.000    36.6578    26.0127  222.74024  222.32490    20.0534    1525.57    1525.53      0.405      4.306         61 0.0000e+00
       7876 196.530626    328.123    122.960    20.0459    20.0170    -0.0289   5.003585   5.000905       0.60          1   38.33082  -62.72117  -0.002513    121.998    122.000    36.6568    26.0200  222.86260  222.44821    20.0230    1525.51    1525.43      0.548      4.326         44 0.0000e+00
       7915 196.530645    329.766    123.968    20.0102    19.9887    -0.0216   4.999864   4.998002       0.65          1   38.33081  -62.72116  -0.001759    123.001    123.000    36.6569    26.0297  223.00549  222.59224    19.9871    1525.42    1525.37      0.650      4.347         36 0.0000e+00
       7961 196.530667    331.646    124.976    19.9837    19.9676    -0.0161   4.997323   4.996020       0.63          1   38.33080  -62.72116  -0.001270    124.001    124.000    36.6587    26.0381  223.10923  222.69684    19.9604    1525.37    1525.33      0.453      4.367         56 0.0000e+00
       8009 196.530691    333.669    125.985    19.9630    19.9468    -0.0162   4.995403   4.994046      24.82          1   38.33081  -62.72116  -0.001265    124.994    125.000    36.6605    26.0450  223.18942  222.77770    19.9396    1525.33    1525.29      0.690      4.387         35 0.0000e+00
       8040 196.530705    334.948    126.993    19.9379    19.9174    -0.0205   4.992772   4.990745       1.41          1   38.33080  -62.72116  -0.001818    126.005    126.000    36.6603    26.0516  223.29058  222.87968    19.9143    1525.28    1525.22      0.714      4.407         33 0.0000e+00
       8086 196.530728    336.875    128.001    19.9056    19.8828    -0.0228   4.989167   4.987070       0.69          1   38.33079  -62.72114  -0.002016    126.999    127.000    36.6584    26.0588  223.42332  223.01344    19.8818    1525.20    1525.14      0.453      4.428         55 0.0000e+00
       8130 196.530749    338.708    129.009    19.8853    19.8647    -0.0206   4.987094   4.985233       0.80          1   38.33079  -62.72114  -0.001767    127.998    128.000    36.6586    26.0643  223.50457  223.09536    19.8614    1525.17    1525.11      0.719      4.448         33 0.0000e+00
       8161 196.530764    340.014    130.017    19.8627    19.8342    -0.0285   4.984711   4.981858      18.76          1   38.33077  -62.72114  -0.002595    129.000    129.000    36.6583    26.0701  223.59622  223.18774    19.8386    1525.12    1525.04      0.780      4.468         31 0.0000e+00
       8192 196.530779    341.281    131.026    19.8356    19.8031    -0.0325   4.981644   4.978575       0.84          1   38.33076  -62.72114  -0.002908    130.002    130.000    36.6562    26.0758  223.70849  223.30088    19.8113    1525.06    1524.97      0.763      4.488         31 0.0000e+00
       8238 196.530801    343.223    132.034    19.7990    19.7819    -0.0171   4.977881   4.976413       8.67          1   38.33077  -62.72114  -0.001426    131.001    131.000    36.6567    26.0859  223.85551  223.44912    19.7745    1524.97    1524.93      0.412      4.507         65 0.0000e+00
       8290 196.530826    345.392    133.042    19.7768    19.7536    -0.0232   4.975665   4.973130       1.41          1   38.33076  -62.72114  -0.002184    131.989    132.000    36.6573    26.0923  223.94401  223.53835    19.7522    1524.93    1524.87      0.837      4.527         29 0.0000e+00
       8312 196.530837    346.311    134.050    19.7368    19.7051    -0.0316   4.970658   4.967688      47.69          1   38.33078  -62.72114  -0.002578    133.000    133.000    36.6505    26.0977  224.11621  223.71183    19.7120    1524.83    1524.74      1.056      4.547         22 0.0000e+00
       8338 196.530849    347.362    135.058    19.6993    19.6537    -0.0455   4.966523   4.961771       3.82          1   38.33076  -62.72112  -0.004389    134.009    134.000    36.6486    26.1062  224.27082  223.86769    19.6743    1524.74    1524.61      0.792      4.567         32 0.0000e+00
       8379 196.530869    349.090    136.067    19.6611    19.6249    -0.0362   4.962367   4.958604       0.72          1   38.33075  -62.72112  -0.003653    134.997    135.000    36.6472    26.1152  224.42774  224.02588    19.6360    1524.65    1524.55      0.551      4.586         44 0.0000e+00
       8416 196.530887    350.624    137.075    19.6243    19.6013    -0.0230   4.957911   4.955899       0.69          1   38.33074  -62.72112  -0.001872    136.001    136.000    36.6420    26.1210  224.58486  224.18421    19.5991    1524.56    1524.50      0.710      4.606         33 0.0000e+00
       8454 196.530905    352.227    138.083    19.5972    19.5709    -0.0263   4.955273   4.952789       0.57          1   38.33074  -62.72112  -0.002371    137.001    137.000    36.6435    26.1292  224.69283  224.29311    19.5718    1524.50    1524.43      0.563      4.625         45 0.0000e+00
       8496 196.530926    353.972    139.091    19.5696    19.5449    -0.0248   4.952370   4.950121      16.48          1   38.33074  -62.72111  -0.002142    137.997    138.000    36.6431    26.1362  224.80544  224.40665    19.5441    1524.44    1524.37      0.681      4.645         36 0.0000e+00
       8527 196.530940    355.256    140.100    19.5435    19.5245    -0.0189   4.949654   4.947868      25.42          1   38.33072  -62.72110  -0.001638    139.000    139.000    36.6431    26.1431  224.91199  224.51410    19.5178    1524.38    1524.33      0.836      4.664         27 0.0000e+00
       8558 196.530955    356.547    141.108    19.5242    19.5059    -0.0183   4.947646   4.945885      25.06          1   38.33071  -62.72109  -0.001723    140.004    140.000    36.6429    26.1480  224.99074  224.59351    19.4984    1524.35    1524.30      0.690      4.684         37 0.0000e+00
       8596 196.530974    358.118    142.116    19.5133    19.4968    -0.0165   4.946513   4.945035      17.79          1   38.33070  -62.72108  -0.001474    140.996    141.000    36.6427    26.1508  225.03571  224.63886    19.4872    1524.33    1524.29      0.684      4.703         35 0.0000e+00
       8629 196.530990    359.508    143.124    19.4977    19.4905    -0.0072   4.945112   4.944632      15.95          1   38.33069  -62.72107  -0.000445    142.003    142.000    36.6443    26.1561  225.09667  224.70036    19.4715    1524.31    1524.29      0.680      4.722         35 0.0000e+00
       8670 196.531010    361.227    144.133    19.4811    19.4595    -0.0216   4.943294   4.941147      14.07          1   38.33068  -62.72106  -0.002017    142.998    143.000    36.6434    26.1598  225.16588  224.77014    19.4547    1524.28    1524.22      0.580      4.741         44 0.0000e+00
       8706 196.531027    362.697    145.141    19.4552    19.4428    -0.0125   4.940391   4.939381      22.78          1   38.33068  -62.72106  -0.000933    143.996    144.000    36.6416    26.1652  225.27448  224.87962    19.4286    1524.22    1524.19      0.856      4.760         27 0.0000e+00
       8732 196.531039    363.773    146.149    19.4384    19.4288    -0.0096   4.938833   4.938026       1.09          1   38.33068  -62.72106  -0.000753    145.005    145.000    36.6429    26.1707  225.34101  224.94674    19.4117    1524.19    1524.17      0.873      4.780         27 0.0000e+00
       8767 196.531056    365.247    147.158    19.4258    19.4087    -0.0172   4.937583   4.935966      21.39          1   38.33067  -62.72106  -0.001513    146.003    146.000    36.6432    26.1742  225.39202  224.99819    19.3990    1524.17    1524.13      0.567      4.799         45 0.0000e+00
       8812 196.531078    367.116    148.166    19.4034    19.3870    -0.0165   4.935152   4.933772      -0.36          1   38.33069  -62.72106  -0.001297    146.997    147.000    36.6422    26.1794  225.48515  225.09210    19.3764    1524.12    1524.08      0.617      4.818         39 0.0000e+00
       8847 196.531095    368.581    149.174    19.3771    19.3670    -0.0101   4.932608   4.931865      10.71          1   38.33068  -62.72106  -0.000687    147.999    148.000    36.6437    26.1874  225.59056  225.19844    19.3499    1524.07    1524.05      0.722      4.837         34 0.0000e+00
       8880 196.531110    369.938    150.182    19.3658    19.3600    -0.0058   4.931674   4.931229       6.91          1   38.33068  -62.72105  -0.000461    149.000    149.000    36.6455    26.1918  225.63422  225.24251    19.3385    1524.06    1524.04      0.733      4.856         33 0.0000e+00
       8914 196.531127    371.383    151.191    19.3636    19.3561    -0.0075   4.931527   4.930818      18.52          1   38.33069  -62.72104  -0.000694    150.000    150.000    36.6458    26.1927  225.64287  225.25124    19.3360    1524.07    1524.05      0.690      4.875         35 0.0000e+00
       8947 196.531143    372.751    152.199    19.3576    19.3502    -0.0075   4.930839   4.930244       0.41          1   38.33068  -62.72104  -0.000581    150.999    151.000    36.6449    26.1936  225.66861  225.27719    19.3299    1524.07    1524.05      0.800      4.893         30 0.0000e+00
       8977 196.531158    374.021    153.207    19.3505    19.3462    -0.0042   4.930267   4.930105       0.64          1   38.33067  -62.72103  -0.000178    152.004    152.000    36.6461    26.1964  225.69628  225.30511    19.3225    1524.06    1524.06      0.710      4.912         34 0.0000e+00
       9018 196.531177    375.717    154.216    19.3474    19.3370    -0.0104   4.930222   4.929844       0.63          1   38.33066  -62.72102  -0.000368    153.001    153.000    36.6481    26.1987  225.70596  225.31492    19.3193    1524.07    1524.05      0.529      4.931         47 0.0000e+00
       9068 196.531201    377.786    155.224    19.3360    19.3289    -0.0071   4.929721   4.929352      12.67          1   38.33066  -62.72102  -0.000354    153.997    154.000    36.6535    26.2059  225.74432  225.35371    19.3077    1524.07    1524.05      0.538      4.950         47 0.0000e+00
       9103 196.531218    379.250    156.232    19.3268    19.3236    -0.0032   4.929014   4.928950       0.28          1   38.33066  -62.72102  -0.000064    154.992    155.000    36.6553    26.2097  225.77940  225.38913    19.2983    1524.06    1524.05      0.925      4.969         25 0.0000e+00
       9126 196.531229    380.199    157.241    19.3222    19.3205    -0.0017   4.928817   4.928772       0.56          1   38.33066  -62.72100  -0.000050    156.003    156.000    36.6574    26.2126  225.79527  225.40517    19.2935    1524.07    1524.06      1.033      4.988         23 0.0000e+00
       9152 196.531242    381.297    158.249    19.3208    19.3155    -0.0053   4.928737   4.928313       0.49          1   38.33066  -62.72100  -0.000375    157.008    157.000    36.6575    26.2130  225.80052  225.41047    19.2920    1524.08    1524.07      0.756      5.006         33 0.0000e+00
       9206 196.531268    383.536    159.257    19.3048    19.2905    -0.0143   4.926957   4.925620       8.86          1   38.33065  -62.72099  -0.001231    157.999    158.000    36.6564    26.2164  225.86815  225.47866    19.2758    1524.05    1524.01      0.369      5.025         71 0.0000e+00
       9257 196.531293    385.685    160.266    19.2821    19.2705    -0.0116   4.924374   4.923140       0.04          1   38.33065  -62.72098  -0.001167    158.988    159.000    36.6544    26.2208  225.96446  225.57577    19.2529    1524.00    1523.97      0.921      5.044         26 0.0000e+00
       9277 196.531302    386.505    161.274    19.2699    19.2700     0.0001   4.923065   4.923423       0.62          1   38.33064  -62.72098   0.000299    160.000    160.000    36.6538    26.2236  226.01541  225.62715    19.2406    1523.98    1523.98      1.210      5.062         19 0.0000e+00
       9298 196.531312    387.358    162.282    19.2686    19.2647    -0.0039   4.923270   4.923061       0.66          1   38.33062  -62.72098  -0.000217    161.013    161.000    36.6563    26.2259  226.01704  225.62885    19.2391    1524.00    1523.99      0.942      5.081         25 0.0000e+00
       9357 196.531340    389.815    163.291    19.2631    19.2615    -0.0015   4.922870   4.922780       9.55          1   38.33062  -62.72096  -0.000076    161.995    162.000    36.6574    26.2282  226.03803  225.65004    19.2334    1524.00    1524.00      0.272      5.100         72 0.0000e+00
       9396 196.531359    391.442    164.299    19.2563    19.2489    -0.0074   4.921985   4.921301       0.55          1   38.33062  -62.72096  -0.000566    162.993    163.000    36.6555    26.2286  226.06855  225.68078    19.2265    1523.99    1523.98      1.032      5.118         23 0.0000e+00
       9417 196.531370    392.328    165.308    19.2437    19.2330    -0.0108   4.920493   4.919570       0.51          1   38.33062  -62.72096  -0.000802    164.005    164.000    36.6537    26.2305  226.12300  225.73567    19.2137    1523.98    1523.95      1.056      5.137         22 0.0000e+00
       9445 196.531383    393.518    166.316    19.2326    19.2284    -0.0042   4.919477   4.919162       0.57          1   38.33060  -62.72094  -0.000305    165.008    165.000    36.6547    26.2342  226.16742  225.78050    19.2024    1523.96    1523.95      0.665      5.155         40 0.0000e+00
       9503 196.531411    395.916    167.324    19.2281    19.2268    -0.0012   4.919095   4.919063       0.58          1   38.33059  -62.72094  -0.000039    165.995    166.000    36.6551    26.2357  226.18552  225.79877    19.1977    1523.96    1523.97      0.413      5.174         58 0.0000e+00
       9541 196.531429    397.504    168.333    19.2254    19.2242    -0.0012   4.918907   4.918902      34.29          1   38.33058  -62.72092  -0.000014    166.998    167.000    36.6555    26.2368  226.19581  225.80915    19.1949    1523.98    1523.97      0.810      5.193         29 0.0000e+00
       9569 196.531443    398.679    169.341    19.2237    19.2189    -0.0048   4.918804   4.918235       8.40          1   38.33058  -62.72092  -0.000457    168.001    168.000    36.6558    26.2375  226.20251  225.81591    19.1929    1523.99    1523.97      0.847      5.211         28 0.0000e+00
       9599 196.531458    399.926    170.350    19.2147    19.2009    -0.0139   4.917609   4.916075       0.99          1   38.33058  -62.72092  -0.001409    169.003    169.000    36.6533    26.2379  226.24317  225.85688    19.1838    1523.98    1523.94      0.729      5.230         33 0.0000e+00
       9643 196.531479    401.756    171.358    19.2008    19.1847    -0.0161   4.915950   4.914103       9.00          1   38.33056  -62.72091  -0.001736    170.000    170.000    36.6513    26.2401  226.30362  225.91782    19.1697    1523.95    1523.91      0.481      5.248         53 0.0000e+00
       9687 196.531500    403.600    172.366    19.1824    19.1622    -0.0202   4.913450   4.911391       0.37          1   38.33056  -62.72090  -0.001888    170.997    171.000    36.6461    26.2409  226.38720  226.00202    19.1512    1523.91    1523.86      0.707      5.267         34 0.0000e+00
       9718 196.531515    404.867    173.375    19.1575    19.1413    -0.0161   4.910581   4.908903       0.62          1   38.33056  -62.72090  -0.001572    172.001    172.000    36.6437    26.2456  226.49384  226.10955    19.1261    1523.86    1523.81      0.799      5.285         29 0.0000e+00
