ctd/proc/en717_03_avg.cnv
* Sea-Bird SBE 9 Data File:
* FileName = D:\ctd\raw\EN717_03.hdr
* Software Version Seasave V 7.26.7.121
* Temperature SN = 4695
* Conductivity SN = 0618
* Number of Bytes Per Scan = 40
* Number of Voltage Words = 5
* Number of Scans Averaged by the Deck Unit = 1
* NMEA Latitude = 39 25.85 N
* NMEA Longitude = 071 17.74 W
* NMEA UTC (Time) = Jun 08 2024  18:07:13
* NMEA baud rate = 4800
** Ship: R/V Endeavor
** Cruise: EN717
** Principal Investigator: David Smith
** Chief Scientist: David Smith
** Project: RITAS
** Cruise Start Date: 07 June 2024
** Ports: from and to GSO, Narragansett, RI
** Station:  03
** Bottom Depth (m): 2471
** Operator:
# nquan = 36
# nvalues = 2444                        
# units = specified
# name 0 = scan: Scan Count
# name 1 = timeJ: Julian Days
# name 2 = timeS: Time, Elapsed [seconds]
# name 3 = prDM: Pressure, Digiquartz [db]
# name 4 = t090C: Temperature [ITS-90, deg C]
# name 5 = t190C: Temperature, 2 [ITS-90, deg C]
# name 6 = T2-T190C: Temperature Difference, 2 - 1 [ITS-90, deg C]
# name 7 = c0S/m: Conductivity [S/m]
# name 8 = c1S/m: Conductivity, 2 [S/m]
# name 9 = CStarAt0: Beam Attenuation, WET Labs C-Star [1/m]
# name 10 = CStarTr0: Beam Transmission, WET Labs C-Star [%]
# name 11 = flECO-AFL: Fluorescence, WET Labs ECO-AFL/FL [mg/m^3]
# name 12 = altM: Altimeter [m]
# name 13 = sbeox0V: Oxygen raw, SBE 43 [V]
# name 14 = sbeox1V: Oxygen raw, SBE 43, 2 [V]
# name 15 = par: PAR/Irradiance, Biospherical/Licor [umol photons/m^2/sec]
# name 16 = cpar: CPAR/Corrected Irradiance [%]
# name 17 = spar: SPAR, Biospherical/Licor [umol photons/m^2/sec]
# name 18 = pumps: Pump Status
# name 19 = latitude: Latitude [deg]
# name 20 = longitude: Longitude [deg]
# name 21 = C2-C1S/m: Conductivity Difference, 2 - 1 [S/m]
# name 22 = depSM: Depth [salt water, m]
# name 23 = depSM: Depth [salt water, m], lat = 39.4308
# name 24 = sal00: Salinity, Practical [PSU]
# name 25 = sigma-é00: Density [sigma-theta, kg/m^3]
# name 26 = sbox0Mm/Kg: Oxygen, SBE 43 [umol/kg], WS = 2
# name 27 = oxsolMm/Kg: Oxygen Saturation, Garcia & Gordon [umol/kg]
# name 28 = oxsatMm/Kg: Oxygen Saturation, Weiss [umol/kg]
# name 29 = potemp090C: Potential Temperature [ITS-90, deg C]
# name 30 = svCM: Sound Velocity [Chen-Millero, m/s]
# name 31 = svCM1: Sound Velocity, 2 [Chen-Millero, m/s]
# name 32 = dz/dtM: Descent Rate [m/s], WS = 2
# name 33 = gpa: Geopotential Anomaly [J/kg]
# name 34 = nbin: number of scans per bin
# name 35 = flag: flag
# span 0 =       1043,      79140       
# span 1 = 160.755537, 160.793200       
# span 2 =     43.407,   3297.469       
# span 3 =     13.100,   2489.511       
# span 4 =     2.8958,    13.9314       
# span 5 =     2.8955,    14.0175       
# span 6 =    -0.0676,     0.0861       
# span 7 =   3.190198,   4.068892       
# span 8 =   3.190286,   4.068647       
# span 9 =     0.4515,     1.0290       
# span 10 =    77.3175,    89.3269      
# span 11 =    -0.0144,     3.5631      
# span 12 =      -1.20,      97.80      
# span 13 =     2.2607,     4.0681      
# span 14 =     1.5370,     2.8298      
# span 15 = 1.0000e-12, 1.0000e-12      
# span 16 = 4.3142e-14, 4.3433e-14      
# span 17 = 2.3025e+03, 2.3179e+03      
# span 18 =          1,          1      
# span 19 =   39.42318,   39.43083      
# span 20 =  -71.29573,  -71.29419      
# span 21 =  -0.009080,   0.009099      
# span 22 =     13.000,   2456.015      
# span 23 =     13.000,   2456.000      
# span 24 =    32.1445,    35.3942      
# span 25 =    24.2268,    27.8566      
# span 26 =    154.628,    342.104      
# span 27 =  257.84095,  323.54202      
# span 28 =  257.68017,  324.53120      
# span 29 =     2.6989,    13.9296      
# span 30 =    1471.93,    1503.27      
# span 31 =    1471.92,    1503.27      
# span 32 =     -0.026,      1.433      
# span 33 =      0.151,     15.860      
# span 34 =         16,       1271      
# span 35 = 0.0000e+00, 0.0000e+00      
# interval = meters: 1                  
# start_time = Jun 08 2024 18:07:15 [System UTC, header]
# bad_flag = -9.990e-29
*END*
[from data line 1613]
      51390 160.779817   2141.219   1644.930     3.8083     3.8084     0.0000   3.306425   3.306278     0.4537    89.2780    -0.0033       0.75     2.7233     1.8431 1.0000e-12 4.3293e-14 2.3098e+03          1   39.42614  -71.29462  -0.000139   1626.002   1626.000    34.9549    27.7836    284.233  316.36409  317.21515     3.6771    1492.95    1492.95      0.933     11.907         26 0.0000e+00
      51417 160.779830   2142.319   1645.945     3.8078     3.8079     0.0001   3.306422   3.306268     0.4538    89.2743    -0.0050       0.50     2.7233     1.8425 1.0000e-12 4.3323e-14 2.3083e+03          1   39.42614  -71.29462  -0.000153   1626.998   1627.000    34.9548    27.7836    284.346  316.36783  317.21897     3.6766    1492.97    1492.97      0.967     11.912         26 0.0000e+00
      51440 160.779842   2143.312   1646.961     3.8070     3.8068    -0.0002   3.306394   3.306208     0.4535    89.2817    -0.0030       0.53     2.7224     1.8429 1.0000e-12 4.3328e-14 2.3080e+03          1   39.42612  -71.29462  -0.000182   1627.999   1628.000    34.9549    27.7837    284.090  316.37398  317.22524     3.6757    1492.98    1492.98      1.063     11.917         22 0.0000e+00
      51463 160.779852   2144.246   1647.976     3.8060     3.8058    -0.0002   3.306328   3.306156     0.4537    89.2773     0.0003       0.47     2.7220     1.8423 1.0000e-12 4.3346e-14 2.3071e+03          1   39.42612  -71.29462  -0.000168   1629.002   1629.000    34.9547    27.7837    284.128  316.38222  317.23361     3.6746    1492.99    1492.99      1.066     11.922         23 0.0000e+00
      51487 160.779864   2145.234   1648.992     3.8052     3.8051    -0.0001   3.306304   3.306141     0.4537    89.2762    -0.0029      23.99     2.7213     1.8419 1.0000e-12 4.3331e-14 2.3078e+03          1   39.42612  -71.29462  -0.000165   1630.004   1630.000    34.9547    27.7838    284.136  316.38821  317.23973     3.6737    1493.01    1493.00      0.978     11.926         25 0.0000e+00
      51513 160.779877   2146.333   1650.008     3.8051     3.8050    -0.0001   3.306339   3.306171     0.4535    89.2813     0.0030       0.48     2.7210     1.8420 1.0000e-12 4.3328e-14 2.3080e+03          1   39.42612  -71.29462  -0.000169   1631.001   1631.000    34.9548    27.7838    284.218  316.38885  317.24038     3.6735    1493.02    1493.02      0.909     11.931         27 0.0000e+00
      51540 160.779889   2147.445   1651.023     3.8051     3.8050    -0.0001   3.306370   3.306218     0.4549    89.2504     0.0028       0.42     2.7207     1.8417 1.0000e-12 4.3328e-14 2.3080e+03          1   39.42612  -71.29464  -0.000150   1632.000   1632.000    34.9546    27.7837    284.203  316.38911  317.24063     3.6734    1493.04    1493.04      0.937     11.936         26 0.0000e+00
      51565 160.779902   2148.504   1652.039     3.8045     3.8044    -0.0001   3.306359   3.306202     0.4547    89.2553     0.0023       0.51     2.7206     1.8416 1.0000e-12 4.3328e-14 2.3080e+03          1   39.42612  -71.29464  -0.000160   1633.001   1633.000    34.9546    27.7838    284.418  316.39372  317.24533     3.6727    1493.05    1493.05      0.956     11.941         25 0.0000e+00
      51591 160.779914   2149.585   1653.054     3.8044     3.8043    -0.0001   3.306397   3.306235     0.4539    89.2717    -0.0067       0.45     2.7207     1.8410 1.0000e-12 4.3328e-14 2.3080e+03          1   39.42610  -71.29464  -0.000165   1634.002   1634.000    34.9546    27.7838    284.432  316.39410  317.24572     3.6726    1493.07    1493.07      0.931     11.945         27 0.0000e+00
      51617 160.779927   2150.665   1654.070     3.8043     3.8043     0.0000   3.306413   3.306265     0.4538    89.2743    -0.0070       0.57     2.7205     1.8413 1.0000e-12 4.3328e-14 2.3080e+03          1   39.42610  -71.29464  -0.000145   1634.998   1635.000    34.9545    27.7837    284.330  316.39556  317.24720     3.6723    1493.09    1493.09      0.990     11.950         24 0.0000e+00
      51640 160.779938   2151.640   1655.086     3.8035     3.8034    -0.0001   3.306400   3.306236     0.4539    89.2721    -0.0070       0.40     2.7203     1.8413 1.0000e-12 4.3328e-14 2.3080e+03          1   39.42610  -71.29464  -0.000167   1636.001   1636.000    34.9547    27.7840    284.216  316.40111  317.25286     3.6715    1493.10    1493.10      1.051     11.955         23 0.0000e+00
      51664 160.779949   2152.617   1656.101     3.8037     3.8035    -0.0001   3.306457   3.306291     0.4538    89.2742    -0.0070       0.46     2.7197     1.8410 1.0000e-12 4.3328e-14 2.3080e+03          1   39.42610  -71.29464  -0.000170   1637.003   1637.000    34.9547    27.7840    284.318  316.39997  317.25170     3.6715    1493.12    1493.12      0.989     11.959         25 0.0000e+00
      51690 160.779962   2153.715   1657.117     3.8041     3.8038    -0.0003   3.306535   3.306362     0.4547    89.2551    -0.0039      21.64     2.7195     1.8408 1.0000e-12 4.3328e-14 2.3080e+03          1   39.42610  -71.29464  -0.000177   1638.002   1638.000    34.9546    27.7839    284.187  316.39657  317.24824     3.6719    1493.14    1493.13      0.898     11.964         28 0.0000e+00
      51717 160.779975   2154.847   1658.133     3.8044     3.8042    -0.0002   3.306597   3.306433     0.4537    89.2769    -0.0070       0.78     2.7190     1.8402 1.0000e-12 4.3328e-14 2.3080e+03          1   39.42609  -71.29464  -0.000168   1638.999   1639.000    34.9546    27.7839    284.201  316.39478  317.24642     3.6720    1493.16    1493.15      0.938     11.969         26 0.0000e+00
      51742 160.779987   2155.881   1659.148     3.8046     3.8043    -0.0002   3.306657   3.306496     0.4536    89.2791    -0.0052       0.41     2.7187     1.8399 1.0000e-12 4.3328e-14 2.3080e+03          1   39.42608  -71.29464  -0.000166   1640.000   1640.000    34.9546    27.7839    284.245  316.39325  317.24485     3.6721    1493.17    1493.17      1.004     11.974         24 0.0000e+00
      51766 160.779999   2156.881   1660.164     3.8047     3.8044    -0.0002   3.306725   3.306556     0.4538    89.2743    -0.0037       0.40     2.7184     1.8393 1.0000e-12 4.3343e-14 2.3072e+03          1   39.42608  -71.29464  -0.000172   1641.001   1641.000    34.9548    27.7840    284.026  316.39180  317.24338     3.6722    1493.19    1493.19      1.009     11.978         24 0.0000e+00
      51791 160.780010   2157.898   1661.180     3.8048     3.8047    -0.0001   3.306762   3.306610     0.4537    89.2782    -0.0046       0.50     2.7175     1.8391 1.0000e-12 4.3362e-14 2.3062e+03          1   39.42608  -71.29464  -0.000154   1642.000   1642.000    34.9546    27.7838    284.042  316.39132  317.24288     3.6722    1493.21    1493.21      0.992     11.983         24 0.0000e+00
      51815 160.780022   2158.923   1662.195     3.8048     3.8048    -0.0001   3.306823   3.306655     0.4537    89.2761    -0.0061       0.52     2.7174     1.8386 1.0000e-12 4.3352e-14 2.3067e+03          1   39.42608  -71.29464  -0.000173   1642.999   1643.000    34.9548    27.7840    284.191  316.39071  317.24229     3.6721    1493.23    1493.22      1.007     11.988         25 0.0000e+00
      51839 160.780034   2159.913   1663.211     3.8047     3.8046    -0.0001   3.306846   3.306685     0.4536    89.2793    -0.0042       0.43     2.7170     1.8384 1.0000e-12 4.3328e-14 2.3080e+03          1   39.42607  -71.29465  -0.000160   1644.003   1644.000    34.9548    27.7840    284.250  316.39209  317.24368     3.6719    1493.24    1493.24      1.013     11.993         23 0.0000e+00
      51864 160.780046   2160.952   1664.227     3.8042     3.8041    -0.0001   3.306857   3.306698     0.4538    89.2752    -0.0027       0.48     2.7174     1.8384 1.0000e-12 4.3318e-14 2.3085e+03          1   39.42606  -71.29466  -0.000161   1645.003   1645.000    34.9549    27.7841    284.461  316.39518  317.24684     3.6713    1493.26    1493.26      0.920     11.997         27 0.0000e+00
      51892 160.780060   2162.144   1665.242     3.8036     3.8035    -0.0001   3.306842   3.306681     0.4544    89.2602    -0.0050       0.60     2.7171     1.8383 1.0000e-12 4.3327e-14 2.3081e+03          1   39.42606  -71.29466  -0.000157   1646.001   1646.000    34.9548    27.7842    284.267  316.39992  317.25167     3.6707    1493.27    1493.27      0.833     12.002         30 0.0000e+00
      51921 160.780073   2163.344   1666.258     3.8027     3.8025    -0.0001   3.306792   3.306626     0.4536    89.2798    -0.0040       0.55     2.7167     1.8383 1.0000e-12 4.3329e-14 2.3079e+03          1   39.42606  -71.29466  -0.000162   1646.999   1647.000    34.9548    27.7842    284.232  316.40745  317.25933     3.6696    1493.29    1493.28      0.901     12.007         27 0.0000e+00
      51947 160.780086   2164.398   1667.274     3.8009     3.8011     0.0002   3.306673   3.306540     0.4538    89.2752    -0.0006       0.43     2.7166     1.8385 1.0000e-12 4.3328e-14 2.3080e+03          1   39.42606  -71.29466  -0.000125   1647.998   1648.000    34.9547    27.7843    284.295  316.42092  317.27306     3.6678    1493.30    1493.29      1.020     12.012         24 0.0000e+00
      51969 160.780097   2165.351   1668.289     3.7978     3.7977    -0.0000   3.306420   3.306256     0.4537    89.2773    -0.0097       0.58     2.7163     1.8386 1.0000e-12 4.3315e-14 2.3087e+03          1   39.42604  -71.29466  -0.000144   1649.002   1649.000    34.9545    27.7845    284.341  316.44541  317.29801     3.6646    1493.30    1493.30      1.076     12.016         22 0.0000e+00
      51992 160.780108   2166.296   1669.305     3.7965     3.7965     0.0000   3.306346   3.306194     0.4542    89.2659    -0.0035      10.60     2.7162     1.8384 1.0000e-12 4.3328e-14 2.3080e+03          1   39.42604  -71.29466  -0.000149   1650.002   1650.000    34.9545    27.7847    284.274  316.45518  317.30796     3.6632    1493.31    1493.31      1.039     12.021         23 0.0000e+00
      52017 160.780120   2167.327   1670.321     3.7948     3.7948     0.0000   3.306237   3.306077     0.4542    89.2664    -0.0035      13.91     2.7155     1.8382 1.0000e-12 4.3349e-14 2.3069e+03          1   39.42604  -71.29466  -0.000151   1651.003   1651.000    34.9545    27.7849    284.051  316.46818  317.32121     3.6615    1493.32    1493.32      0.939     12.026         27 0.0000e+00
      52044 160.780133   2168.452   1671.336     3.7931     3.7928    -0.0002   3.306129   3.305958     0.4543    89.2629    -0.0013       0.39     2.7149     1.8376 1.0000e-12 4.3379e-14 2.3053e+03          1   39.42604  -71.29466  -0.000167   1652.000   1652.000    34.9546    27.7851    284.196  316.48128  317.33457     3.6597    1493.33    1493.33      0.919     12.030         27 0.0000e+00
      52070 160.780145   2169.522   1672.352     3.7924     3.7924    -0.0000   3.306115   3.305959     0.4540    89.2713    -0.0037       0.38     2.7145     1.8365 1.0000e-12 4.3339e-14 2.3074e+03          1   39.42603  -71.29466  -0.000150   1652.999   1653.000    34.9546    27.7852    284.134  316.48614  317.33952     3.6589    1493.35    1493.34      0.991     12.035         24 0.0000e+00
      52093 160.780156   2170.506   1673.368     3.7907     3.7907    -0.0000   3.306012   3.305849     0.4536    89.2783    -0.0057       0.34     2.7141     1.8362 1.0000e-12 4.3328e-14 2.3080e+03          1   39.42602  -71.29466  -0.000162   1654.000   1654.000    34.9547    27.7854    284.057  316.49894  317.35257     3.6572    1493.35    1493.35      1.060     12.040         23 0.0000e+00
      52116 160.780167   2171.444   1674.384     3.7905     3.7904    -0.0002   3.306026   3.305866     0.4539    89.2722    -0.0017       0.42     2.7133     1.8361 1.0000e-12 4.3328e-14 2.3080e+03          1   39.42602  -71.29466  -0.000158   1655.001   1655.000    34.9546    27.7853    283.935  316.50088  317.35453     3.6569    1493.37    1493.37      1.067     12.045         23 0.0000e+00
      52139 160.780179   2172.433   1675.399     3.7898     3.7896    -0.0002   3.306006   3.305844     0.4545    89.2585    -0.0034       0.50     2.7128     1.8363 1.0000e-12 4.3328e-14 2.3080e+03          1   39.42602  -71.29468  -0.000161   1656.006   1656.000    34.9546    27.7855    284.045  316.50638  317.36015     3.6561    1493.39    1493.38      0.942     12.049         25 0.0000e+00
      52169 160.780193   2173.681   1676.415     3.7892     3.7890    -0.0002   3.305997   3.305826     0.4537    89.2779    -0.0051       0.42     2.7122     1.8362 1.0000e-12 4.3328e-14 2.3080e+03          1   39.42602  -71.29468  -0.000172   1657.002   1657.000    34.9546    27.7855    284.008  316.51051  317.36436     3.6554    1493.40    1493.39      0.755     12.054         34 0.0000e+00
      52201 160.780208   2175.013   1677.431     3.7888     3.7887    -0.0001   3.306009   3.305852     0.4537    89.2777     0.0012       0.44     2.7117     1.8362 1.0000e-12 4.3324e-14 2.3082e+03          1   39.42602  -71.29468  -0.000161   1657.996   1658.000    34.9546    27.7856    283.926  316.51342  317.36733     3.6549    1493.41    1493.41      0.871     12.059         28 0.0000e+00
      52226 160.780220   2176.047   1678.447     3.7884     3.7885     0.0001   3.306015   3.305860     0.4548    89.2514     0.0064       0.45     2.7112     1.8364 1.0000e-12 4.3343e-14 2.3072e+03          1   39.42600  -71.29468  -0.000150   1658.997   1659.000    34.9546    27.7857    283.951  316.51650  317.37046     3.6544    1493.43    1493.43      1.057     12.064         23 0.0000e+00
      52248 160.780231   2176.959   1679.462     3.7876     3.7874    -0.0002   3.305973   3.305817     0.4556    89.2335    -0.0109       0.37     2.7107     1.8361 1.0000e-12 4.3362e-14 2.3062e+03          1   39.42600  -71.29468  -0.000157   1660.001   1660.000    34.9546    27.7857    284.010  316.52342  317.37751     3.6535    1493.44    1493.44      1.122     12.068         21 0.0000e+00
      52270 160.780242   2177.867   1680.478     3.7875     3.7874    -0.0001   3.306018   3.305854     0.4542    89.2646    -0.0039       0.38     2.7107     1.8362 1.0000e-12 4.3362e-14 2.3062e+03          1   39.42600  -71.29468  -0.000165   1661.002   1661.000    34.9547    27.7858    284.067  316.52363  317.37773     3.6533    1493.46    1493.46      1.083     12.073         23 0.0000e+00
      52293 160.780253   2178.853   1681.494     3.7866     3.7865    -0.0001   3.305974   3.305818     0.4538    89.2759    -0.0069       0.51     2.7104     1.8359 1.0000e-12 4.3337e-14 2.3075e+03          1   39.42600  -71.29468  -0.000154   1662.003   1662.000    34.9546    27.7858    284.098  316.53051  317.38474     3.6524    1493.47    1493.47      0.985     12.078         25 0.0000e+00
      52319 160.780265   2179.926   1682.509     3.7863     3.7862    -0.0001   3.305983   3.305825     0.4539    89.2716    -0.0048      23.33     2.7105     1.8354 1.0000e-12 4.3328e-14 2.3080e+03          1   39.42599  -71.29468  -0.000157   1663.000   1663.000    34.9545    27.7858    284.162  316.53302  317.38729     3.6520    1493.49    1493.48      0.949     12.082         26 0.0000e+00
      52345 160.780278   2180.982   1683.525     3.7851     3.7849    -0.0003   3.305925   3.305739     0.4539    89.2723     0.0002       0.76     2.7097     1.8349 1.0000e-12 4.3328e-14 2.3080e+03          1   39.42598  -71.29468  -0.000177   1664.001   1664.000    34.9546    27.7860    283.737  316.54185  317.39630     3.6507    1493.50    1493.50      0.964     12.087         25 0.0000e+00
