ctd/proc/EN719_CTD11_avg.cnv
* Sea-Bird SBE 9 Data File:
* FileName = D:\ctd\raw\EN719_CTD11.hdr
* Software Version Seasave V 7.26.7.121
* Temperature SN = 4333
* Conductivity SN = 0864
* Number of Bytes Per Scan = 37
* Number of Voltage Words = 4
* Number of Scans Averaged by the Deck Unit = 1
* NMEA Latitude = 38 18.58 N
* NMEA Longitude = 062 43.55 W
* NMEA UTC (Time) = Jul 24 2024  17:15:26
* NMEA baud rate = 4800
** Ship: R/V Endeavor
** Cruise: EN719
** Principal Investigator: Chad Smith
** Chief Scientist: Chad Smith
** Project: NESMA24
** Cruise Start Date: 7 July 2024
** Ports: GSO, Narragansett RI to GSO, Narragansett RI
** Station:  CTD_11
** Bottom Depth: 5012
** Operator:  LB
# nquan = 27
# nvalues = 1989                        
# units = specified
# name 0 = scan: Scan Count
# name 1 = timeJ: Julian Days
# name 2 = timeS: Time, Elapsed [seconds]
# name 3 = prDM: Pressure, Digiquartz [db]
# name 4 = t090C: Temperature [ITS-90, deg C]
# name 5 = t190C: Temperature, 2 [ITS-90, deg C]
# name 6 = T2-T190C: Temperature Difference, 2 - 1 [ITS-90, deg C]
# name 7 = c0S/m: Conductivity [S/m]
# name 8 = c1S/m: Conductivity, 2 [S/m]
# name 9 = altM: Altimeter [m]
# name 10 = pumps: Pump Status
# name 11 = latitude: Latitude [deg]
# name 12 = longitude: Longitude [deg]
# name 13 = C2-C1S/m: Conductivity Difference, 2 - 1 [S/m]
# name 14 = depSM: Depth [salt water, m]
# name 15 = depSM: Depth [salt water, m], lat = 38.3097
# name 16 = sal00: Salinity, Practical [PSU]
# name 17 = sigma-é00: Density [sigma-theta, kg/m^3]
# name 18 = oxsolMm/Kg: Oxygen Saturation, Garcia & Gordon [umol/kg]
# name 19 = oxsatMm/Kg: Oxygen Saturation, Weiss [umol/kg]
# name 20 = potemp090C: Potential Temperature [ITS-90, deg C]
# name 21 = svCM: Sound Velocity [Chen-Millero, m/s]
# name 22 = svCM1: Sound Velocity, 2 [Chen-Millero, m/s]
# name 23 = dz/dtM: Descent Rate [m/s], WS = 2
# name 24 = gpa: Geopotential Anomaly [J/kg]
# name 25 = nbin: number of scans per bin
# name 26 = flag: flag
# span 0 =       1104,      57458       
# span 1 = 206.719618, 206.746794       
# span 2 =     45.962,   2394.029       
# span 3 =     13.099,   2025.904       
# span 4 =     3.9590,    27.5351       
# span 5 =     3.9599,    27.5339       
# span 6 =    -0.0428,     0.0098       
# span 7 =   3.336508,   5.729139       
# span 8 =   3.336640,   5.729286       
# span 9 =     -10.00,      89.95       
# span 10 =          1,          1      
# span 11 =   38.30754,   38.30966      
# span 12 =  -62.72573,  -62.72396      
# span 13 =  -0.001947,   0.000927      
# span 14 =     13.001,   2001.014      
# span 15 =     13.000,   2001.000      
# span 16 =    34.9678,    36.7679      
# span 17 =    23.3315,    27.7825      
# span 18 =  197.03451,  315.18327      
# span 19 =  196.52540,  316.01285      
# span 20 =     3.7896,    27.5320      
# span 21 =    1492.36,    1541.62      
# span 22 =    1492.37,    1541.62      
# span 23 =      0.004,      1.696      
# span 24 =      0.275,     22.307      
# span 25 =          8,        733      
# span 26 = 0.0000e+00, 0.0000e+00      
# interval = meters: 1                  
# start_time = Jul 24 2024 17:15:29 [System UTC, header]
# bad_flag = -9.990e-29
*END*
[from data line 215]
      11112 206.724444    462.971    229.853    18.6538    18.6540     0.0002   4.854885   4.854946      21.27          1   38.30914  -62.72508   0.000077    228.002    228.000    36.5983    26.3426  228.66090  228.29516    18.6129    1523.31    1523.31      1.131      5.654         22 0.0000e+00
      11135 206.724455    463.929    230.862    18.6525    18.6527     0.0002   4.854787   4.854843      19.50          1   38.30914  -62.72508   0.000064    229.005    229.000    36.5982    26.3429  228.66631  228.30062    18.6115    1523.33    1523.33      0.961      5.672         25 0.0000e+00
      11164 206.724469    465.115    231.871    18.6516    18.6519     0.0003   4.854734   4.854805      20.09          1   38.30914  -62.72508   0.000069    230.001    230.000    36.5982    26.3431  228.67023  228.30458    18.6103    1523.34    1523.34      0.826      5.689         30 0.0000e+00
      11192 206.724483    466.291    232.879    18.6498    18.6499     0.0001   4.854562   4.854615       0.33          1   38.30914  -62.72508   0.000074    230.995    231.000    36.5980    26.3434  228.67814  228.31256    18.6084    1523.35    1523.35      0.965      5.707         26 0.0000e+00
      11215 206.724493    467.231    233.888    18.6477    18.6479     0.0001   4.854375   4.854428       0.64          1   38.30914  -62.72508   0.000068    231.997    232.000    36.5978    26.3439  228.68705  228.32154    18.6061    1523.36    1523.36      1.143      5.725         20 0.0000e+00
      11235 206.724503    468.080    234.897    18.6465    18.6467     0.0002   4.854321   4.854385       0.60          1   38.30914  -62.72508   0.000058    233.003    233.000    36.5981    26.3445  228.69189  228.32644    18.6047    1523.38    1523.38      1.133      5.743         21 0.0000e+00
      11258 206.724515    469.056    235.905    18.6455    18.6456     0.0001   4.854267   4.854303       0.60          1   38.30914  -62.72508   0.000051    234.006    234.000    36.5981    26.3448  228.69596  228.33055    18.6035    1523.39    1523.39      0.922      5.761         27 0.0000e+00
      11289 206.724529    470.340    236.914    18.6429    18.6429     0.0000   4.854010   4.854058       4.74          1   38.30914  -62.72508   0.000057    235.002    235.000    36.5979    26.3453  228.70728  228.34196    18.6007    1523.40    1523.40      0.726      5.778         34 0.0000e+00
      11323 206.724546    471.769    237.923    18.6408    18.6408     0.0001   4.853816   4.853863      35.13          1   38.30914  -62.72508   0.000059    235.997    236.000    36.5978    26.3458  228.71645  228.35121    18.5984    1523.41    1523.41      0.754      5.796         32 0.0000e+00
      11352 206.724560    472.976    238.932    18.6385    18.6388     0.0002   4.853573   4.853637      20.68          1   38.30913  -62.72508   0.000074    236.997    237.000    36.5973    26.3461  228.72650  228.36134    18.5960    1523.42    1523.42      0.946      5.814         26 0.0000e+00
      11375 206.724571    473.934    239.940    18.6361    18.6360    -0.0000   4.853325   4.853366       0.38          1   38.30912  -62.72507   0.000075    237.991    238.000    36.5970    26.3465  228.73739  228.37233    18.5934    1523.43    1523.43      1.182      5.832         21 0.0000e+00
      11394 206.724580    474.711    240.949    18.6328    18.6329     0.0001   4.853029   4.853102       0.60          1   38.30912  -62.72506   0.000090    238.998    239.000    36.5970    26.3474  228.75104  228.38611    18.5900    1523.44    1523.44      1.319      5.849         17 0.0000e+00
      11412 206.724589    475.467    241.958    18.6288    18.6285    -0.0003   4.852557   4.852589      12.44          1   38.30912  -62.72506   0.000094    240.012    240.000    36.5962    26.3479  228.76931  228.40453    18.5857    1523.44    1523.44      1.153      5.867         20 0.0000e+00
      11447 206.724606    476.937    242.967    18.6231    18.6232     0.0001   4.851965   4.852026      22.00          1   38.30912  -62.72506   0.000081    241.003    241.000    36.5958    26.3490  228.79369  228.42913    18.5799    1523.44    1523.44      0.554      5.885         53 0.0000e+00
      11490 206.724626    478.709    243.975    18.6196    18.6197     0.0001   4.851625   4.851673      -1.11          1   38.30912  -62.72506   0.000061    241.983    242.000    36.5957    26.3499  228.80872  228.44429    18.5762    1523.45    1523.45      1.047      5.903         23 0.0000e+00
      11507 206.724635    479.423    244.984    18.6178    18.6179     0.0001   4.851483   4.851532       0.61          1   38.30912  -62.72506   0.000061    242.990    243.000    36.5956    26.3503  228.81606  228.45170    18.5743    1523.46    1523.46      1.465      5.920         16 0.0000e+00
      11522 206.724642    480.047    245.993    18.6161    18.6161     0.0001   4.851332   4.851377      39.60          1   38.30912  -62.72506   0.000068    244.005    244.000    36.5955    26.3507  228.82361  228.45931    18.5724    1523.47    1523.47      1.517      5.938         15 0.0000e+00
      11539 206.724650    480.749    247.002    18.6138    18.6138     0.0000   4.851100   4.851141       1.73          1   38.30912  -62.72506   0.000073    245.013    245.000    36.5952    26.3511  228.83380  228.46959    18.5699    1523.48    1523.48      1.229      5.956         20 0.0000e+00
      11568 206.724664    481.950    248.010    18.6110    18.6112     0.0002   4.850826   4.850891       0.66          1   38.30912  -62.72505   0.000067    246.005    246.000    36.5950    26.3517  228.84590  228.48180    18.5669    1523.49    1523.49      0.704      5.974         39 0.0000e+00
      11605 206.724682    483.487    249.019    18.6091    18.6091     0.0000   4.850635   4.850677      22.95          1   38.30912  -62.72504   0.000070    246.990    247.000    36.5947    26.3520  228.85445  228.49042    18.5648    1523.50    1523.50      0.862      5.992         28 0.0000e+00
      11627 206.724692    484.421    250.028    18.6058    18.6058    -0.0000   4.850296   4.850352      20.86          1   38.30912  -62.72504   0.000077    247.997    248.000    36.5943    26.3526  228.86863  228.50473    18.5614    1523.51    1523.51      1.147      6.009         21 0.0000e+00
      11647 206.724702    485.267    251.037    18.6031    18.6031     0.0000   4.850000   4.850056       2.06          1   38.30912  -62.72504   0.000081    249.007    249.000    36.5939    26.3530  228.88088  228.51708    18.5585    1523.52    1523.52      1.093      6.027         21 0.0000e+00
      11674 206.724715    486.385    252.046    18.6004    18.6005     0.0002   4.849747   4.849812       0.75          1   38.30910  -62.72504   0.000080    250.005    250.000    36.5938    26.3536  228.89252  228.52883    18.5556    1523.52    1523.53      0.764      6.045         34 0.0000e+00
      11712 206.724733    487.939    253.054    18.5987    18.5989     0.0003   4.849626   4.849692       8.20          1   38.30910  -62.72504   0.000065    250.996    251.000    36.5938    26.3542  228.89947  228.53584    18.5537    1523.54    1523.54      0.687      6.062         36 0.0000e+00
      11742 206.724748    489.197    254.063    18.5986    18.5987     0.0002   4.849653   4.849701       6.01          1   38.30910  -62.72504   0.000046    251.995    252.000    36.5938    26.3542  228.89995  228.53633    18.5534    1523.55    1523.55      0.951      6.080         25 0.0000e+00
      11764 206.724759    490.141    255.072    18.5980    18.5982     0.0002   4.849609   4.849661       0.59          1   38.30910  -62.72504   0.000077    252.995    253.000    36.5935    26.3542  228.90276  228.53916    18.5527    1523.57    1523.57      1.180      6.098         21 0.0000e+00
      11783 206.724768    490.928    256.081    18.5945    18.5943    -0.0001   4.849215   4.849259       0.55          1   38.30910  -62.72504   0.000076    253.996    254.000    36.5930    26.3547  228.91859  228.55512    18.5490    1523.57    1523.57      1.336      6.116         18 0.0000e+00
      11801 206.724776    491.650    257.090    18.5920    18.5921     0.0001   4.849007   4.849050       0.51          1   38.30910  -62.72503   0.000052    255.001    255.000    36.5930    26.3554  228.92881  228.56544    18.5464    1523.58    1523.58      1.370      6.134         17 0.0000e+00
      11819 206.724785    492.401    258.098    18.5901    18.5901     0.0000   4.848793   4.848861       0.70          1   38.30910  -62.72502   0.000102    256.008    256.000    36.5925    26.3555  228.93772  228.57441    18.5442    1523.59    1523.60      1.220      6.151         19 0.0000e+00
      11843 206.724797    493.431    259.107    18.5867    18.5869     0.0002   4.848460   4.848531       0.64          1   38.30908  -62.72502   0.000088    257.010    257.000    36.5923    26.3562  228.95213  228.58895    18.5407    1523.60    1523.60      0.788      6.169         33 0.0000e+00
      11892 206.724820    495.469    260.116    18.5828    18.5827    -0.0001   4.848055   4.848082      19.32          1   38.30908  -62.72502   0.000042    257.994    258.000    36.5920    26.3571  228.96932  228.60630    18.5366    1523.61    1523.61      0.474      6.187         52 0.0000e+00
      11925 206.724836    496.851    261.125    18.5796    18.5797     0.0001   4.847727   4.847794      -0.35          1   38.30908  -62.72502   0.000080    258.986    259.000    36.5916    26.3576  228.98319  228.62029    18.5332    1523.61    1523.61      1.194      6.204         20 0.0000e+00
      11942 206.724844    497.539    262.134    18.5780    18.5782     0.0003   4.847571   4.847654       0.79          1   38.30908  -62.72502   0.000104    259.989    260.000    36.5914    26.3579  228.99048  228.62764    18.5314    1523.63    1523.63      1.538      6.222         16 0.0000e+00
      11956 206.724851    498.132    263.143    18.5760    18.5761     0.0001   4.847364   4.847435      40.69          1   38.30908  -62.72502   0.000109    261.008    261.000    36.5909    26.3581  228.99928  228.63652    18.5293    1523.64    1523.64      1.567      6.240         14 0.0000e+00
      11973 206.724859    498.821    264.151    18.5728    18.5729     0.0001   4.847041   4.847116       2.49          1   38.30908  -62.72502   0.000091    262.017    262.000    36.5907    26.3588  229.01337  228.65073    18.5259    1523.64    1523.64      1.212      6.258         20 0.0000e+00
      12005 206.724875    500.187    265.160    18.5717    18.5721     0.0003   4.846978   4.847053      13.38          1   38.30908  -62.72502   0.000079    263.003    263.000    36.5907    26.3591  229.01776  228.65517    18.5246    1523.66    1523.66      0.601      6.276         45 0.0000e+00
      12047 206.724895    501.936    266.169    18.5688    18.5687    -0.0001   4.846630   4.846686      17.34          1   38.30908  -62.72502   0.000084    263.994    264.000    36.5900    26.3594  229.03121  228.66872    18.5215    1523.66    1523.66      0.735      6.293         34 0.0000e+00
      12074 206.724908    503.045    267.178    18.5664    18.5667     0.0003   4.846423   4.846503      19.50          1   38.30908  -62.72502   0.000069    264.990    265.000    36.5900    26.3600  229.04142  228.67902    18.5189    1523.67    1523.68      1.134      6.311         22 0.0000e+00
      12093 206.724917    503.813    268.187    18.5686    18.5693     0.0006   4.846872   4.846970       0.66          1   38.30908  -62.72502   0.000035    265.995    266.000    36.5914    26.3606  229.02972  228.66725    18.5210    1523.70    1523.70      1.403      6.329         16 0.0000e+00
      12109 206.724925    504.484    269.196    18.5697    18.5701     0.0004   4.847071   4.847156       0.54          1   38.30908  -62.72502   0.000097    267.005    267.000    36.5917    26.3606  229.02449  228.66198    18.5220    1523.72    1523.72      1.427      6.347         16 0.0000e+00
      12127 206.724933    505.236    270.205    18.5679    18.5680     0.0001   4.846888   4.846945       0.74          1   38.30908  -62.72502   0.000070    268.011    268.000    36.5915    26.3609  229.03277  228.67032    18.5199    1523.73    1523.73      1.175      6.364         21 0.0000e+00
      12153 206.724946    506.349    271.214    18.5662    18.5664     0.0002   4.846699   4.846764      14.74          1   38.30906  -62.72500   0.000088    269.005    269.000    36.5910    26.3610  229.04071  228.67834    18.5180    1523.74    1523.74      0.778      6.382         33 0.0000e+00
      12190 206.724964    507.858    272.222    18.5634    18.5636     0.0002   4.846422   4.846488      48.18          1   38.30906  -62.72500   0.000060    269.998    270.000    36.5907    26.3616  229.05282  228.69055    18.5151    1523.75    1523.75      0.663      6.400         37 0.0000e+00
      12224 206.724980    509.283    273.231    18.5632    18.5634     0.0001   4.846442   4.846505      17.43          1   38.30906  -62.72500   0.000085    270.996    271.000    36.5906    26.3616  229.05357  228.69130    18.5147    1523.77    1523.77      0.817      6.418         30 0.0000e+00
      12249 206.724992    510.351    274.240    18.5587    18.5588     0.0001   4.845954   4.846023       4.34          1   38.30906  -62.72500   0.000091    271.992    272.000    36.5901    26.3624  229.07344  228.71135    18.5100    1523.77    1523.77      1.126      6.435         22 0.0000e+00
      12268 206.725002    511.140    275.249    18.5563    18.5565     0.0002   4.845707   4.845780       0.72          1   38.30906  -62.72500   0.000095    272.993    273.000    36.5897    26.3628  229.08401  228.72200    18.5075    1523.78    1523.78      1.379      6.453         17 0.0000e+00
      12285 206.725010    511.819    276.258    18.5544    18.5546     0.0002   4.845506   4.845579       0.64          1   38.30906  -62.72500   0.000098    274.004    274.000    36.5894    26.3630  229.09269  228.73076    18.5054    1523.79    1523.79      1.433      6.471         16 0.0000e+00
      12302 206.725018    512.555    277.267    18.5531    18.5533     0.0003   4.845438   4.845496       0.54          1   38.30906  -62.72500   0.000061    275.015    275.000    36.5896    26.3636  229.09805  228.73618    18.5038    1523.80    1523.80      1.141      6.489         21 0.0000e+00
      12340 206.725036    514.135    278.276    18.5517    18.5519     0.0002   4.845344   4.845395      24.58          1   38.30906  -62.72500   0.000053    276.002    276.000    36.5897    26.3640  229.10373  228.74191    18.5023    1523.82    1523.82      0.506      6.506         55 0.0000e+00
      12386 206.725058    516.022    279.285    18.5484    18.5485     0.0000   4.844968   4.845041      -0.66          1   38.30906  -62.72500   0.000113    276.990    277.000    36.5890    26.3643  229.11851  228.75681    18.4989    1523.82    1523.82      0.849      6.524         29 0.0000e+00
      12408 206.725069    516.952    280.294    18.5436    18.5441     0.0005   4.844396   4.844506       0.58          1   38.30906  -62.72500   0.000145    277.994    278.000    36.5881    26.3649  229.14046  228.77895    18.4938    1523.82    1523.83      1.196      6.542         20 0.0000e+00
      12426 206.725078    517.722    281.303    18.5417    18.5419     0.0003   4.844229   4.844310      63.69          1   38.30906  -62.72500   0.000090    279.002    279.000    36.5880    26.3654  229.14868  228.78724    18.4917    1523.84    1523.84      1.303      6.559         18 0.0000e+00
      12445 206.725087    518.500    282.312    18.5397    18.5399     0.0002   4.844021   4.844074       0.62          1   38.30906  -62.72500   0.000084    280.004    280.000    36.5875    26.3656  229.15749  228.79612    18.4896    1523.85    1523.85      1.240      6.577         19 0.0000e+00
