ctd/proc/EN719_CTD09_avg.cnv
* Sea-Bird SBE 9 Data File:
* FileName = D:\ctd\raw\EN719_CTD09.hdr
* Software Version Seasave V 7.26.7.121
* Temperature SN = 4333
* Conductivity SN = 0864
* Number of Bytes Per Scan = 37
* Number of Voltage Words = 4
* Number of Scans Averaged by the Deck Unit = 1
* NMEA Latitude = 39 10.21 N
* NMEA Longitude = 063 36.93 W
* NMEA UTC (Time) = Jul 23 2024  00:01:35
* NMEA baud rate = 4800
** Ship: R/V Endeavor
** Cruise: EN719
** Principal Investigator: Chad Smith
** Chief Scientist: Chad Smith
** Project: NESMA24
** Cruise Start Date: 7 July 2024
** Ports: GSO, Narragansett RI to GSO, Narragansett RI
** Station:  CTD09
** Bottom Depth: 4956
** Operator:  JA
# nquan = 27
# nvalues = 1994                        
# units = specified
# name 0 = scan: Scan Count
# name 1 = timeJ: Julian Days
# name 2 = timeS: Time, Elapsed [seconds]
# name 3 = prDM: Pressure, Digiquartz [db]
# name 4 = t090C: Temperature [ITS-90, deg C]
# name 5 = t190C: Temperature, 2 [ITS-90, deg C]
# name 6 = T2-T190C: Temperature Difference, 2 - 1 [ITS-90, deg C]
# name 7 = c0S/m: Conductivity [S/m]
# name 8 = c1S/m: Conductivity, 2 [S/m]
# name 9 = altM: Altimeter [m]
# name 10 = pumps: Pump Status
# name 11 = latitude: Latitude [deg]
# name 12 = longitude: Longitude [deg]
# name 13 = C2-C1S/m: Conductivity Difference, 2 - 1 [S/m]
# name 14 = depSM: Depth [salt water, m]
# name 15 = depSM: Depth [salt water, m], lat = 39.1702
# name 16 = sal00: Salinity, Practical [PSU]
# name 17 = sigma-é00: Density [sigma-theta, kg/m^3]
# name 18 = oxsolMm/Kg: Oxygen Saturation, Garcia & Gordon [umol/kg]
# name 19 = oxsatMm/Kg: Oxygen Saturation, Weiss [umol/kg]
# name 20 = potemp090C: Potential Temperature [ITS-90, deg C]
# name 21 = svCM: Sound Velocity [Chen-Millero, m/s]
# name 22 = svCM1: Sound Velocity, 2 [Chen-Millero, m/s]
# name 23 = dz/dtM: Descent Rate [m/s], WS = 2
# name 24 = gpa: Geopotential Anomaly [J/kg]
# name 25 = nbin: number of scans per bin
# name 26 = flag: flag
# span 0 =       -940,      56822       
# span 1 = 205.000681, 205.028536       
# span 2 =    -39.190,   2367.543       
# span 3 =      7.053,   2025.045       
# span 4 =     3.5274,    22.6172       
# span 5 =     3.5281,    22.6396       
# span 6 =    -0.0861,     0.0651       
# span 7 =   3.296305,   4.697410       
# span 8 =   3.296423,   4.695050       
# span 9 =      -3.82,      86.72       
# span 10 =          1,          1      
# span 11 =   39.17009,   39.17312      
# span 12 =  -63.62818,  -63.61526      
# span 13 =  -0.007885,   0.010440      
# span 14 =      6.993,   1999.997      
# span 15 =      7.000,   2000.000      
# span 16 =    32.0428,    35.4406      
# span 17 =    21.8626,    27.8131      
# span 18 =  219.31784,  318.52919      
# span 19 =  218.81328,  319.42181      
# span 20 =     3.3647,    22.6156      
# span 21 =    1475.40,    1525.53      
# span 22 =    1475.40,    1525.51      
# span 23 =     -0.039,      1.578      
# span 24 =     -0.206,     13.593      
# span 25 =         15,        176      
# span 26 = 0.0000e+00, 0.0000e+00      
# interval = meters: 1                  
# start_time = Jul 23 2024 00:01:38 [System UTC, header]
# bad_flag = -9.990e-29
*END*
[from data line 1450]
      41856 205.021319   1743.965   1473.330     3.9041     3.9050     0.0009   3.308124   3.308239      23.78          1   39.17240  -63.62495   0.000115   1456.993   1457.000    34.9580    27.7749  315.62588  316.46309     3.7874    1490.49    1490.50      1.111     11.045         22 0.0000e+00
      41876 205.021329   1744.784   1474.345     3.9023     3.9031     0.0008   3.307973   3.308078      36.03          1   39.17240  -63.62496   0.000138   1457.998   1458.000    34.9577    27.7748  315.64044  316.47790     3.7855    1490.50    1490.51      1.262     11.050         19 0.0000e+00
      41895 205.021338   1745.572   1475.360     3.8986     3.8996     0.0011   3.307611   3.307770       1.92          1   39.17240  -63.62496   0.000204   1459.003   1459.000    34.9568    27.7745  315.67092  316.50889     3.7818    1490.50    1490.51      1.244     11.054         19 0.0000e+00
      41915 205.021348   1746.428   1476.374     3.8926     3.8933     0.0006   3.307090   3.307182       0.59          1   39.17240  -63.62496   0.000109   1460.003   1460.000    34.9564    27.7748  315.71703  316.55585     3.7758    1490.49    1490.50      1.115     11.059         22 0.0000e+00
      41939 205.021359   1747.418   1477.389     3.8923     3.8937     0.0014   3.307111   3.307231       0.63          1   39.17240  -63.62496   0.000111   1461.002   1461.000    34.9565    27.7749  315.71929  316.55816     3.7754    1490.51    1490.51      0.964     11.064         26 0.0000e+00
      41966 205.021372   1748.553   1478.404     3.8926     3.8939     0.0012   3.307191   3.307311       0.52          1   39.17240  -63.62498   0.000117   1462.001   1462.000    34.9566    27.7749  315.71659  316.55542     3.7756    1490.53    1490.53      0.848     11.068         28 0.0000e+00
      41997 205.021387   1749.818   1479.419     3.8927     3.8939     0.0012   3.307244   3.307352      38.37          1   39.17241  -63.62498   0.000105   1463.001   1463.000    34.9567    27.7750  315.71579  316.55460     3.7756    1490.55    1490.55      0.770     11.073         32 0.0000e+00
      42030 205.021403   1751.190   1480.433     3.8923     3.8935     0.0012   3.307231   3.307361       0.54          1   39.17242  -63.62498   0.000132   1463.999   1464.000    34.9564    27.7749  315.71952  316.55839     3.7751    1490.56    1490.57      0.730     11.078         34 0.0000e+00
      42062 205.021418   1752.529   1481.448     3.8915     3.8927     0.0013   3.307198   3.307322       0.52          1   39.17242  -63.62500   0.000130   1464.993   1465.000    34.9564    27.7750  315.72596  316.56496     3.7742    1490.57    1490.58      0.889     11.082         28 0.0000e+00
      42085 205.021429   1753.508   1482.463     3.8888     3.8899     0.0011   3.306956   3.307076      57.26          1   39.17242  -63.62500   0.000150   1465.994   1466.000    34.9559    27.7747  315.74733  316.58669     3.7715    1490.58    1490.58      1.184     11.087         20 0.0000e+00
      42104 205.021439   1754.286   1483.478     3.8836     3.8841     0.0005   3.306434   3.306542      37.80          1   39.17242  -63.62500   0.000151   1466.998   1467.000    34.9547    27.7744  315.78974  316.62982     3.7662    1490.57    1490.58      1.339     11.092         18 0.0000e+00
      42122 205.021447   1755.023   1484.492     3.8817     3.8826     0.0009   3.306335   3.306451       0.34          1   39.17242  -63.62500   0.000125   1468.002   1468.000    34.9550    27.7748  315.80344  316.64380     3.7643    1490.58    1490.59      1.328     11.096         18 0.0000e+00
      42141 205.021456   1755.824   1485.507     3.8810     3.8816     0.0006   3.306299   3.306376       0.54          1   39.17242  -63.62501   0.000090   1469.006   1469.000    34.9549    27.7748  315.80945  316.64991     3.7635    1490.60    1490.60      1.155     11.101         21 0.0000e+00
      42167 205.021469   1756.904   1486.522     3.8788     3.8795     0.0007   3.306122   3.306197       0.63          1   39.17242  -63.62502   0.000080   1470.009   1470.000    34.9546    27.7748  315.82673  316.66750     3.7612    1490.60    1490.61      0.769     11.106         34 0.0000e+00
      42213 205.021491   1758.851   1487.537     3.8779     3.8782     0.0003   3.306062   3.306130      13.42          1   39.17242  -63.62503   0.000071   1470.995   1471.000    34.9544    27.7747  315.83440  316.67529     3.7602    1490.62    1490.62      0.508     11.110         50 0.0000e+00
      42247 205.021508   1760.270   1488.552     3.8775     3.8787     0.0012   3.306087   3.306210      26.77          1   39.17242  -63.62504   0.000116   1471.990   1472.000    34.9546    27.7749  315.83693  316.67789     3.7597    1490.63    1490.64      1.051     11.115         23 0.0000e+00
      42267 205.021517   1761.090   1489.567     3.8772     3.8782     0.0010   3.306086   3.306219       0.33          1   39.17242  -63.62504   0.000134   1472.992   1473.000    34.9544    27.7748  315.83952  316.68052     3.7594    1490.65    1490.65      1.349     11.120         17 0.0000e+00
      42284 205.021525   1761.787   1490.581     3.8766     3.8774     0.0008   3.306076   3.306193      26.46          1   39.17242  -63.62504   0.000121   1474.001   1474.000    34.9544    27.7749  315.84412  316.68521     3.7587    1490.66    1490.66      1.464     11.125         16 0.0000e+00
      42300 205.021533   1762.471   1491.596     3.8763     3.8772     0.0009   3.306089   3.306200      11.09          1   39.17242  -63.62504   0.000106   1475.004   1475.000    34.9543    27.7749  315.84624  316.68736     3.7583    1490.68    1490.68      1.414     11.129         17 0.0000e+00
      42319 205.021542   1763.237   1492.611     3.8768     3.8777     0.0009   3.306187   3.306296      28.70          1   39.17242  -63.62506   0.000105   1476.008   1476.000    34.9545    27.7750  315.84256  316.68362     3.7586    1490.70    1490.70      1.191     11.134         21 0.0000e+00
      42344 205.021554   1764.285   1493.626     3.8766     3.8778     0.0012   3.306215   3.306340      19.97          1   39.17242  -63.62506   0.000121   1477.006   1477.000    34.9545    27.7750  315.84363  316.68472     3.7584    1490.71    1490.72      0.820     11.139         31 0.0000e+00
      42383 205.021573   1765.924   1494.641     3.8771     3.8783     0.0012   3.306313   3.306442      13.56          1   39.17243  -63.62506   0.000121   1477.999   1478.000    34.9546    27.7751  315.83947  316.68049     3.7588    1490.73    1490.74      0.554     11.143         45 0.0000e+00
      42424 205.021593   1767.617   1495.656     3.8794     3.8802     0.0008   3.306589   3.306685      -0.20          1   39.17244  -63.62508   0.000088   1478.994   1479.000    34.9550    27.7751  315.82115  316.66185     3.7610    1490.76    1490.76      0.791     11.148         32 0.0000e+00
      42449 205.021605   1768.647   1496.671     3.8791     3.8801     0.0010   3.306576   3.306696      29.83          1   39.17244  -63.62508   0.000121   1479.993   1480.000    34.9547    27.7749  315.82447  316.66520     3.7606    1490.78    1490.78      1.153     11.153         21 0.0000e+00
      42467 205.021614   1769.434   1497.685     3.8787     3.8794     0.0007   3.306580   3.306664       0.65          1   39.17244  -63.62508   0.000088   1480.996   1481.000    34.9546    27.7750  315.82768  316.66847     3.7601    1490.79    1490.79      1.336     11.157         18 0.0000e+00
      42485 205.021622   1770.165   1498.700     3.8790     3.8808     0.0018   3.306657   3.306883       0.59          1   39.17244  -63.62510   0.000189   1482.005   1482.000    34.9547    27.7750  315.82518  316.66594     3.7603    1490.81    1490.82      1.319     11.162         18 0.0000e+00
      42505 205.021632   1770.990   1499.715     3.8825     3.8842     0.0017   3.307123   3.307267       0.62          1   39.17244  -63.62510   0.000105   1483.008   1483.000    34.9560    27.7757  315.79513  316.63541     3.7637    1490.84    1490.85      1.092     11.167         22 0.0000e+00
      42532 205.021645   1772.142   1500.730     3.8865     3.8882     0.0017   3.307539   3.307719       0.56          1   39.17244  -63.62510   0.000165   1484.002   1484.000    34.9562    27.7754  315.76429  316.60399     3.7675    1490.87    1490.88      0.782     11.171         33 0.0000e+00
      42566 205.021661   1773.534   1501.745     3.8892     3.8895     0.0003   3.307886   3.307893      19.01          1   39.17244  -63.62511   0.000006   1484.998   1485.000    34.9569    27.7758  315.74194  316.58128     3.7701    1490.90    1490.90      0.771     11.176         32 0.0000e+00
      42595 205.021675   1774.735   1502.760     3.8909     3.8903    -0.0007   3.308140   3.308015       1.17          1   39.17244  -63.62512  -0.000170   1485.996   1486.000    34.9576    27.7762  315.72722  316.56633     3.7717    1490.93    1490.92      0.946     11.181         26 0.0000e+00
      42618 205.021687   1775.716   1503.775     3.8975     3.8985     0.0010   3.308823   3.308946       0.53          1   39.17244  -63.62512   0.000093   1486.996   1487.000    34.9582    27.7760  315.67563  316.51381     3.7781    1490.97    1490.98      1.092     11.185         21 0.0000e+00
      42640 205.021697   1776.615   1504.789     3.8977     3.8989     0.0012   3.308908   3.309019      69.35          1   39.17244  -63.62512   0.000099   1488.002   1488.000    34.9585    27.7762  315.67336  316.51151     3.7782    1490.99    1491.00      1.109     11.190         22 0.0000e+00
      42662 205.021708   1777.557   1505.804     3.8990     3.9002     0.0013   3.309089   3.309203      12.90          1   39.17244  -63.62513   0.000103   1489.002   1489.000    34.9588    27.7763  315.66290  316.50088     3.7794    1491.01    1491.02      1.031     11.195         24 0.0000e+00
      42688 205.021720   1778.617   1506.819     3.8989     3.9002     0.0013   3.309117   3.309227       0.89          1   39.17244  -63.62514   0.000109   1490.005   1490.000    34.9587    27.7762  315.66370  316.50168     3.7793    1491.03    1491.04      0.860     11.199         28 0.0000e+00
      42721 205.021736   1780.019   1507.834     3.8983     3.8993     0.0010   3.309103   3.309209      33.17          1   39.17244  -63.62514   0.000104   1490.998   1491.000    34.9587    27.7763  315.66825  316.50631     3.7786    1491.05    1491.05      0.697     11.204         37 0.0000e+00
      42753 205.021752   1781.334   1508.849     3.8987     3.8999     0.0012   3.309183   3.309305       0.12          1   39.17244  -63.62516   0.000111   1491.994   1492.000    34.9588    27.7763  315.66539  316.50341     3.7788    1491.06    1491.07      0.949     11.209         26 0.0000e+00
      42775 205.021762   1782.263   1509.864     3.8998     3.9006     0.0009   3.309351   3.309442      29.81          1   39.17244  -63.62516   0.000077   1492.995   1493.000    34.9591    27.7765  315.65638  316.49426     3.7798    1491.09    1491.09      1.181     11.214         20 0.0000e+00
      42795 205.021772   1783.073   1510.879     3.9017     3.9025     0.0009   3.309603   3.309695       1.14          1   39.17244  -63.62516   0.000073   1494.002   1494.000    34.9596    27.7767  315.64077  316.47838     3.7816    1491.11    1491.11      1.220     11.218         19 0.0000e+00
      42816 205.021782   1783.946   1511.894     3.9020     3.9029     0.0009   3.309665   3.309761       0.69          1   39.17244  -63.62516   0.000094   1495.006   1495.000    34.9594    27.7765  315.63846  316.47602     3.7818    1491.13    1491.13      1.057     11.223         23 0.0000e+00
      42842 205.021795   1785.054   1512.909     3.9013     3.9027     0.0014   3.309642   3.309781      20.01          1   39.17245  -63.62517   0.000141   1496.002   1496.000    34.9594    27.7766  315.64409  316.48175     3.7810    1491.14    1491.15      0.846     11.228         30 0.0000e+00
      42873 205.021809   1786.335   1513.924     3.8999     3.9012     0.0012   3.309544   3.309682      23.75          1   39.17246  -63.62518   0.000149   1497.000   1497.000    34.9592    27.7766  315.65479  316.49265     3.7796    1491.15    1491.16      0.773     11.232         31 0.0000e+00
      42904 205.021825   1787.646   1514.939     3.8984     3.8993     0.0009   3.309451   3.309542      16.40          1   39.17246  -63.62519   0.000093   1497.997   1498.000    34.9592    27.7768  315.66647  316.50455     3.7780    1491.17    1491.17      0.839     11.237         30 0.0000e+00
      42930 205.021837   1788.726   1515.954     3.8962     3.8974     0.0012   3.309249   3.309389       0.31          1   39.17246  -63.62520   0.000165   1498.993   1499.000    34.9586    27.7765  315.68436  316.52273     3.7758    1491.17    1491.18      1.079     11.242         23 0.0000e+00
      42951 205.021847   1789.575   1516.969     3.8933     3.8941     0.0008   3.309007   3.309116       0.69          1   39.17246  -63.62520   0.000120   1499.997   1500.000    34.9584    27.7766  315.70734  316.54613     3.7728    1491.18    1491.18      1.246     11.246         19 0.0000e+00
      42970 205.021856   1790.360   1517.984     3.8909     3.8916     0.0007   3.308802   3.308916       0.73          1   39.17246  -63.62520   0.000131   1501.004   1501.000    34.9580    27.7766  315.72647  316.56559     3.7703    1491.18    1491.19      1.234     11.251         19 0.0000e+00
      42991 205.021866   1791.256   1518.998     3.8896     3.8905     0.0009   3.308725   3.308826      23.73          1   39.17246  -63.62520   0.000109   1502.007   1502.000    34.9580    27.7767  315.73660  316.57591     3.7689    1491.19    1491.20      0.983     11.256         25 0.0000e+00
      43023 205.021882   1792.595   1520.013     3.8887     3.8896     0.0009   3.308692   3.308783      16.15          1   39.17246  -63.62522   0.000092   1503.000   1503.000    34.9579    27.7768  315.74295  316.58239     3.7680    1491.21    1491.21      0.685     11.260         38 0.0000e+00
      43058 205.021898   1794.027   1521.028     3.8884     3.8895     0.0012   3.308702   3.308826      21.29          1   39.17246  -63.62522   0.000120   1503.996   1504.000    34.9579    27.7768  315.74570  316.58519     3.7676    1491.22    1491.23      0.830     11.265         29 0.0000e+00
      43084 205.021911   1795.109   1522.043     3.8877     3.8886     0.0009   3.308671   3.308771      25.79          1   39.17246  -63.62522   0.000109   1504.998   1505.000    34.9578    27.7768  315.75143  316.59102     3.7668    1491.24    1491.24      1.012     11.270         24 0.0000e+00
      43107 205.021922   1796.066   1523.058     3.8864     3.8876     0.0012   3.308595   3.308724       1.04          1   39.17246  -63.62524   0.000127   1506.000   1506.000    34.9577    27.7769  315.76105  316.60081     3.7655    1491.25    1491.25      1.043     11.275         23 0.0000e+00
      43131 205.021934   1797.069   1524.073     3.8847     3.8856     0.0009   3.308450   3.308547       0.60          1   39.17246  -63.62524   0.000122   1507.000   1507.000    34.9574    27.7768  315.77520  316.61521     3.7636    1491.26    1491.26      0.984     11.279         25 0.0000e+00
      43156 205.021946   1798.122   1525.088     3.8819     3.8831     0.0012   3.308236   3.308343      20.91          1   39.17248  -63.62524   0.000113   1508.000   1508.000    34.9573    27.7770  315.79656  316.63697     3.7608    1491.26    1491.27      0.963     11.284         25 0.0000e+00
      43181 205.021958   1799.174   1526.103     3.8791     3.8801     0.0010   3.307995   3.308100       4.15          1   39.17248  -63.62526   0.000129   1508.999   1509.000    34.9569    27.7769  315.81874  316.65953     3.7579    1491.27    1491.27      0.973     11.289         25 0.0000e+00
