ctd/proc/EN719_CTD03_avg.cnv
* Sea-Bird SBE 9 Data File:
* FileName = D:\ctd\raw\EN719_CTD03.hdr
* Software Version Seasave V 7.26.7.121
* Temperature SN = 4333
* Conductivity SN = 0864
* Number of Bytes Per Scan = 37
* Number of Voltage Words = 4
* Number of Scans Averaged by the Deck Unit = 1
* NMEA Latitude = 38 13.58 N
* NMEA Longitude = 063 48.11 W
* NMEA UTC (Time) = Jul 11 2024  23:25:02
* NMEA baud rate = 4800
** Ship: R/V Endeavor
** Cruise: EN719
** Principal Investigator: Chad Smith
** Chief Scientist: Chad Smith
** Project: NESMA24
** Cruise Start Date: 7 July 2024
** Ports: GSO, Narragansett RI to GSO, Narragansett RI
** Station:
** Bottom Depth: 4984
** Operator:  jAdams
# nquan = 27
# nvalues = 1494                        
# units = specified
# name 0 = scan: Scan Count
# name 1 = timeJ: Julian Days
# name 2 = timeS: Time, Elapsed [seconds]
# name 3 = prDM: Pressure, Digiquartz [db]
# name 4 = t090C: Temperature [ITS-90, deg C]
# name 5 = t190C: Temperature, 2 [ITS-90, deg C]
# name 6 = T2-T190C: Temperature Difference, 2 - 1 [ITS-90, deg C]
# name 7 = c0S/m: Conductivity [S/m]
# name 8 = c1S/m: Conductivity, 2 [S/m]
# name 9 = altM: Altimeter [m]
# name 10 = pumps: Pump Status
# name 11 = latitude: Latitude [deg]
# name 12 = longitude: Longitude [deg]
# name 13 = C2-C1S/m: Conductivity Difference, 2 - 1 [S/m]
# name 14 = depSM: Depth [salt water, m]
# name 15 = depSM: Depth [salt water, m], lat = 38.2263
# name 16 = sal00: Salinity, Practical [PSU]
# name 17 = sigma-é00: Density [sigma-theta, kg/m^3]
# name 18 = oxsolMm/Kg: Oxygen Saturation, Garcia & Gordon [umol/kg]
# name 19 = oxsatMm/Kg: Oxygen Saturation, Weiss [umol/kg]
# name 20 = potemp090C: Potential Temperature [ITS-90, deg C]
# name 21 = svCM: Sound Velocity [Chen-Millero, m/s]
# name 22 = svCM1: Sound Velocity, 2 [Chen-Millero, m/s]
# name 23 = dz/dtM: Descent Rate [m/s], WS = 2
# name 24 = gpa: Geopotential Anomaly [J/kg]
# name 25 = nbin: number of scans per bin
# name 26 = flag: flag
# span 0 =       -537,      45069       
# span 1 = 193.975481, 193.997475       
# span 2 =    -22.431,   1877.825       
# span 3 =      7.053,   1516.839       
# span 4 =     4.1781,    28.2814       
# span 5 =     4.1790,    28.2825       
# span 6 =    -0.0523,     2.9969       
# span 7 =   3.336014,   5.858303       
# span 8 =   3.336119,   5.858300       
# span 9 =     -26.45,     123.42       
# span 10 =          1,          1      
# span 11 =   38.21486,   38.22635      
# span 12 =  -63.80209,  -63.77961      
# span 13 =  -0.003028,   0.005035      
# span 14 =      6.981,   1500.013      
# span 15 =      7.000,   1500.000      
# span 16 =    34.9765,    36.9346      
# span 17 =    23.3806,    27.7619      
# span 18 =  194.21379,  313.50762      
# span 19 =  193.71592,  314.30613      
# span 20 =     4.0544,    28.2772      
# span 21 =    1488.29,    1543.93      
# span 22 =    1488.30,    1543.92      
# span 23 =     -4.814,    373.785      
# span 24 =     -0.109,     20.784      
# span 25 =          1,        555      
# span 26 = 0.0000e+00, 0.0000e+00      
# interval = meters: 1                  
# start_time = Jul 11 2024 23:25:04 [System UTC, header]
# bad_flag = -9.990e-29
*END*
[from data line 1128]
      32744 193.991531   1364.284   1146.735     4.8284     4.8294     0.0010   3.382576   3.382617       7.77          1   38.21794  -63.78581   0.000038   1135.000   1135.000    35.0184    27.7208  308.58705  309.29716     4.7322    1488.96    1488.96      0.762     18.927         32 0.0000e+00
      32773 193.991545   1365.518   1147.748     4.8275     4.8290     0.0015   3.382533   3.382593      37.07          1   38.21794  -63.78579   0.000067   1135.997   1136.000    35.0183    27.7208  308.59383  309.30406     4.7312    1488.97    1488.97      0.919     18.932         27 0.0000e+00
      32798 193.991557   1366.522   1148.761     4.8263     4.8282     0.0019   3.382481   3.382566      27.38          1   38.21794  -63.78578   0.000083   1136.999   1137.000    35.0184    27.7210  308.60188  309.31226     4.7300    1488.99    1488.99      1.065     18.937         22 0.0000e+00
      32820 193.991568   1367.444   1149.774     4.8247     4.8264     0.0018   3.382359   3.382438       1.06          1   38.21793  -63.78577   0.000086   1138.004   1138.000    35.0182    27.7211  308.61434  309.32493     4.7282    1488.99    1489.00      1.038     18.942         23 0.0000e+00
      32847 193.991581   1368.567   1150.787     4.8241     4.8254     0.0013   3.382338   3.382405      15.48          1   38.21792  -63.78575   0.000071   1139.006   1139.000    35.0181    27.7211  308.61911  309.32979     4.7275    1489.01    1489.01      0.778     18.947         33 0.0000e+00
      32883 193.991598   1370.093   1151.800     4.8232     4.8245     0.0013   3.382318   3.382377      19.52          1   38.21792  -63.78573   0.000059   1139.998   1140.000    35.0183    27.7214  308.62517  309.33598     4.7265    1489.02    1489.03      0.662     18.952         36 0.0000e+00
      32918 193.991615   1371.525   1152.813     4.8224     4.8240     0.0016   3.382295   3.382379      35.52          1   38.21791  -63.78572   0.000085   1141.001   1141.000    35.0184    27.7215  308.63100  309.34192     4.7256    1489.03    1489.04      0.725     18.957         34 0.0000e+00
      32951 193.991631   1372.909   1153.827     4.8220     4.8233     0.0014   3.382314   3.382372      16.90          1   38.21790  -63.78570   0.000057   1141.998   1142.000    35.0185    27.7217  308.63355  309.34453     4.7252    1489.05    1489.05      0.770     18.963         32 0.0000e+00
      32980 193.991645   1374.113   1154.840     4.8215     4.8232     0.0017   3.382337   3.382395       3.16          1   38.21790  -63.78570   0.000064   1142.997   1143.000    35.0187    27.7219  308.63617  309.34720     4.7246    1489.07    1489.07      0.953     18.968         25 0.0000e+00
      33003 193.991656   1375.079   1155.853     4.8205     4.8220     0.0015   3.382304   3.382377       0.63          1   38.21790  -63.78568   0.000061   1143.999   1144.000    35.0189    27.7222  308.64313  309.35430     4.7235    1489.08    1489.08      1.088     18.973         22 0.0000e+00
      33025 193.991667   1376.010   1156.866     4.8199     4.8218     0.0019   3.382296   3.382382       0.50          1   38.21788  -63.78566   0.000090   1145.008   1145.000    35.0191    27.7224  308.64786  309.35913     4.7228    1489.09    1489.10      0.950     18.978         25 0.0000e+00
      33062 193.991684   1377.525   1157.879     4.8185     4.8199     0.0015   3.382196   3.382278      13.77          1   38.21788  -63.78565   0.000084   1146.002   1146.000    35.0188    27.7224  308.65851  309.36996     4.7213    1489.10    1489.11      0.571     18.983         46 0.0000e+00
      33100 193.991703   1379.114   1158.892     4.8187     4.8203     0.0016   3.382285   3.382359      22.22          1   38.21786  -63.78564   0.000075   1146.996   1147.000    35.0191    27.7225  308.65591  309.36734     4.7215    1489.12    1489.13      0.845     18.988         28 0.0000e+00
      33125 193.991715   1380.164   1159.906     4.8172     4.8191     0.0018   3.382174   3.382273      51.06          1   38.21786  -63.78562   0.000119   1148.001   1148.000    35.0189    27.7226  308.66740  309.37902     4.7199    1489.13    1489.14      0.980     18.993         24 0.0000e+00
      33151 193.991727   1381.246   1160.919     4.8123     4.8138     0.0015   3.381761   3.381842      21.20          1   38.21785  -63.78561   0.000095   1149.006   1149.000    35.0188    27.7230  308.70386  309.41614     4.7149    1489.13    1489.13      0.829     18.998         30 0.0000e+00
      33186 193.991744   1382.692   1161.932     4.8105     4.8113     0.0008   3.381642   3.381654       0.14          1   38.21784  -63.78559   0.000024   1149.999   1150.000    35.0187    27.7232  308.71694  309.42946     4.7130    1489.14    1489.14      0.683     19.003         37 0.0000e+00
      33218 193.991760   1384.046   1162.945     4.8072     4.8083     0.0012   3.381353   3.381399       0.49          1   38.21782  -63.78558   0.000061   1150.999   1151.000    35.0184    27.7234  308.74224  309.45520     4.7096    1489.14    1489.14      0.809     19.009         29 0.0000e+00
      33248 193.991774   1385.283   1163.958     4.8040     4.8052     0.0011   3.381095   3.381127      21.06          1   38.21781  -63.78555   0.000050   1152.000   1152.000    35.0182    27.7235  308.76564  309.47901     4.7064    1489.14    1489.15      0.841     19.014         30 0.0000e+00
      33275 193.991787   1386.402   1164.971     4.8022     4.8038     0.0016   3.380955   3.381047       1.75          1   38.21780  -63.78554   0.000087   1152.995   1153.000    35.0180    27.7236  308.77966  309.49328     4.7045    1489.15    1489.16      1.039     19.019         23 0.0000e+00
      33296 193.991797   1387.281   1165.985     4.7987     4.7998     0.0012   3.380630   3.380712      27.30          1   38.21779  -63.78553   0.000133   1154.003   1154.000    35.0174    27.7235  308.80662  309.52069     4.7010    1489.16    1489.16      1.127     19.024         21 0.0000e+00
      33320 193.991809   1388.277   1166.998     4.7928     4.7942     0.0014   3.380137   3.380219       2.58          1   38.21778  -63.78551   0.000101   1155.012   1155.000    35.0173    27.7242  308.84988  309.56474     4.6950    1489.15    1489.15      0.824     19.029         30 0.0000e+00
      33365 193.991831   1390.176   1168.011     4.7902     4.7913     0.0011   3.379939   3.379988      39.14          1   38.21776  -63.78548   0.000059   1155.997   1156.000    35.0173    27.7244  308.86899  309.58419     4.6924    1489.15    1489.16      0.474     19.034         51 0.0000e+00
      33405 193.991850   1391.837   1169.024     4.7865     4.7878     0.0012   3.379631   3.379710      16.53          1   38.21774  -63.78546   0.000088   1157.000   1157.000    35.0170    27.7247  308.89650  309.61219     4.6886    1489.15    1489.16      0.695     19.039         35 0.0000e+00
      33438 193.991866   1393.215   1170.037     4.7855     4.7869     0.0015   3.379586   3.379669      36.28          1   38.21774  -63.78545   0.000082   1157.994   1158.000    35.0171    27.7249  308.90408  309.61992     4.6875    1489.17    1489.17      0.877     19.044         29 0.0000e+00
      33462 193.991877   1394.188   1171.051     4.7845     4.7862     0.0017   3.379544   3.379646       9.71          1   38.21774  -63.78544   0.000098   1158.994   1159.000    35.0172    27.7250  308.91127  309.62725     4.6864    1489.18    1489.19      1.223     19.049         19 0.0000e+00
      33479 193.991886   1394.930   1172.064     4.7842     4.7856     0.0014   3.379551   3.379638       0.51          1   38.21774  -63.78544   0.000090   1160.000   1160.000    35.0170    27.7249  308.91326  309.62926     4.6861    1489.20    1489.20      1.371     19.055         17 0.0000e+00
      33497 193.991894   1395.666   1173.077     4.7833     4.7850     0.0017   3.379516   3.379612       0.62          1   38.21774  -63.78542   0.000097   1161.012   1161.000    35.0170    27.7250  308.91977  309.63589     4.6851    1489.21    1489.21      1.183     19.060         20 0.0000e+00
      33541 193.991916   1397.510   1174.090     4.7830     4.7842     0.0012   3.379505   3.379560       8.90          1   38.21774  -63.78541   0.000059   1162.003   1162.000    35.0168    27.7249  308.92292  309.63908     4.6847    1489.22    1489.23      0.417     19.065         70 0.0000e+00
      33591 193.991940   1399.596   1175.104     4.7804     4.7818     0.0014   3.379304   3.379380       0.51          1   38.21772  -63.78539   0.000091   1162.991   1163.000    35.0166    27.7251  308.94224  309.65875     4.6820    1489.23    1489.24      0.959     19.070         25 0.0000e+00
      33612 193.991950   1400.468   1176.117     4.7784     4.7796     0.0012   3.379153   3.379226       0.68          1   38.21772  -63.78538   0.000082   1164.000   1164.000    35.0166    27.7252  308.95746  309.67424     4.6799    1489.24    1489.24      1.176     19.075         20 0.0000e+00
      33633 193.991960   1401.314   1177.130     4.7774     4.7792     0.0018   3.379120   3.379225       0.70          1   38.21771  -63.78537   0.000102   1165.007   1165.000    35.0166    27.7254  308.96403  309.68094     4.6789    1489.25    1489.26      1.113     19.080         21 0.0000e+00
      33658 193.991972   1402.358   1178.143     4.7753     4.7767     0.0014   3.378942   3.379005      19.69          1   38.21770  -63.78536   0.000081   1166.006   1166.000    35.0163    27.7254  308.98026  309.69743     4.6767    1489.26    1489.26      0.851     19.085         30 0.0000e+00
      33691 193.991988   1403.748   1179.157     4.7692     4.7704     0.0012   3.378347   3.378434       0.38          1   38.21768  -63.78533   0.000128   1166.999   1167.000    35.0153    27.7253  309.02745  309.74542     4.6705    1489.25    1489.25      0.724     19.090         34 0.0000e+00
      33722 193.992003   1405.057   1180.170     4.7663     4.7680     0.0018   3.378209   3.378304      48.64          1   38.21766  -63.78530   0.000080   1168.004   1168.000    35.0162    27.7264  309.04663  309.76502     4.6675    1489.26    1489.26      0.759     19.095         31 0.0000e+00
      33761 193.992021   1406.651   1181.183     4.7666     4.7679     0.0013   3.378286   3.378368       7.19          1   38.21766  -63.78530   0.000083   1169.001   1169.000    35.0163    27.7265  309.04430  309.76265     4.6677    1489.27    1489.28      0.577     19.100         45 0.0000e+00
      33799 193.992040   1408.237   1182.196     4.7653     4.7666     0.0013   3.378209   3.378277       0.37          1   38.21766  -63.78528   0.000084   1169.992   1170.000    35.0163    27.7265  309.05385  309.77238     4.6664    1489.29    1489.29      0.868     19.105         28 0.0000e+00
      33822 193.992051   1409.202   1183.210     4.7629     4.7643     0.0014   3.378017   3.378105       0.57          1   38.21766  -63.78528   0.000094   1170.997   1171.000    35.0161    27.7267  309.07191  309.79076     4.6639    1489.29    1489.30      1.136     19.111         21 0.0000e+00
      33842 193.992061   1410.045   1184.223     4.7617     4.7631     0.0014   3.377953   3.378041       0.67          1   38.21766  -63.78528   0.000091   1172.004   1172.000    35.0161    27.7268  309.08076  309.79977     4.6626    1489.30    1489.31      1.158     19.116         20 0.0000e+00
      33865 193.992072   1410.989   1185.236     4.7614     4.7630     0.0016   3.377975   3.378059      22.99          1   38.21764  -63.78526   0.000083   1173.007   1173.000    35.0161    27.7269  309.08269  309.80174     4.6622    1489.32    1489.33      0.945     19.121         26 0.0000e+00
      33897 193.992087   1412.331   1186.249     4.7613     4.7627     0.0014   3.378004   3.378086      16.47          1   38.21763  -63.78524   0.000081   1174.003   1174.000    35.0161    27.7269  309.08344  309.80250     4.6621    1489.34    1489.34      0.677     19.126         38 0.0000e+00
      33933 193.992105   1413.851   1187.263     4.7612     4.7626     0.0014   3.378037   3.378121       0.07          1   38.21762  -63.78522   0.000082   1174.998   1175.000    35.0160    27.7269  309.08421  309.80328     4.6619    1489.35    1489.36      0.736     19.131         32 0.0000e+00
      33964 193.992120   1415.139   1188.276     4.7606     4.7621     0.0015   3.378015   3.378100      34.79          1   38.21760  -63.78521   0.000089   1176.005   1176.000    35.0159    27.7269  309.08890  309.80805     4.6612    1489.37    1489.37      0.714     19.136         34 0.0000e+00
      34006 193.992140   1416.856   1189.289     4.7595     4.7607     0.0012   3.377950   3.378025      14.70          1   38.21758  -63.78520   0.000079   1176.995   1177.000    35.0158    27.7269  309.09733  309.81663     4.6600    1489.38    1489.38      0.613     19.141         41 0.0000e+00
      34036 193.992154   1418.120   1190.303     4.7581     4.7597     0.0016   3.377864   3.377935      25.60          1   38.21758  -63.78520   0.000084   1177.995   1178.000    35.0158    27.7271  309.10785  309.82734     4.6585    1489.39    1489.40      1.056     19.146         23 0.0000e+00
      34056 193.992164   1418.958   1191.316     4.7559     4.7572     0.0013   3.377705   3.377787       0.70          1   38.21758  -63.78518   0.000087   1179.000   1179.000    35.0157    27.7273  309.12372  309.84349     4.6563    1489.40    1489.40      1.209     19.151         19 0.0000e+00
      34077 193.992174   1419.817   1192.329     4.7553     4.7568     0.0015   3.377688   3.377768       0.67          1   38.21758  -63.78516   0.000082   1180.010   1180.000    35.0157    27.7273  309.12854  309.84840     4.6555    1489.41    1489.42      1.019     19.156         24 0.0000e+00
      34109 193.992190   1421.171   1193.343     4.7548     4.7562     0.0014   3.377681   3.377763       0.61          1   38.21756  -63.78515   0.000081   1181.002   1181.000    35.0156    27.7273  309.13225  309.85218     4.6549    1489.43    1489.43      0.654     19.161         40 0.0000e+00
      34145 193.992207   1422.658   1194.356     4.7547     4.7562     0.0015   3.377712   3.377801      42.69          1   38.21756  -63.78514   0.000087   1181.998   1182.000    35.0156    27.7273  309.13309  309.85303     4.6547    1489.44    1489.45      0.799     19.167         29 0.0000e+00
      34174 193.992221   1423.869   1195.369     4.7537     4.7551     0.0014   3.377661   3.377735      38.11          1   38.21754  -63.78512   0.000085   1183.006   1183.000    35.0155    27.7274  309.14035  309.86041     4.6537    1489.46    1489.46      0.763     19.172         32 0.0000e+00
      34211 193.992239   1425.427   1196.383     4.7453     4.7456     0.0003   3.376874   3.376896       0.12          1   38.21754  -63.78510   0.000074   1183.998   1184.000    35.0147    27.7277  309.20421  309.92540     4.6452    1489.44    1489.44      0.637     19.177         40 0.0000e+00
      34244 193.992255   1426.806   1197.396     4.7378     4.7392     0.0014   3.376273   3.376349       0.59          1   38.21752  -63.78506   0.000085   1184.996   1185.000    35.0151    27.7288  309.25810  309.98030     4.6377    1489.42    1489.43      0.907     19.182         27 0.0000e+00
      34268 193.992266   1427.785   1198.409     4.7361     4.7376     0.0014   3.376161   3.376241       0.60          1   38.21752  -63.78504   0.000089   1185.998   1186.000    35.0151    27.7290  309.27066  309.99309     4.6360    1489.43    1489.44      1.113     19.187         21 0.0000e+00
      34289 193.992276   1428.654   1199.423     4.7343     4.7357     0.0014   3.376042   3.376123       0.66          1   38.21752  -63.78504   0.000088   1187.004   1187.000    35.0151    27.7292  309.28380  310.00647     4.6341    1489.44    1489.45      1.126     19.192         21 0.0000e+00
