ctd/proc/EN719_CTD06_avg.cnv
* Sea-Bird SBE 9 Data File:
* FileName = D:\ctd\raw\EN719_CTD06.hdr
* Software Version Seasave V 7.26.7.121
* Temperature SN = 4333
* Conductivity SN = 0864
* Number of Bytes Per Scan = 37
* Number of Voltage Words = 4
* Number of Scans Averaged by the Deck Unit = 1
* NMEA Latitude = 38 19.90 N
* NMEA Longitude = 062 43.32 W
* NMEA UTC (Time) = Jul 14 2024  12:38:36
* NMEA baud rate = 4800
** Ship: R/V Endeavor
** Cruise: EN719
** Principal Investigator: Chad Smith
** Chief Scientist: Chad Smith
** Project: NESMA24
** Cruise Start Date: 7 July 2024
** Ports: GSO, Narragansett RI to GSO, Narragansett RI
** Station:  CTD 06
** Bottom Depth: 4508
** Operator:  JMA
# nquan = 27
# nvalues = 1987                        
# units = specified
# name 0 = scan: Scan Count
# name 1 = timeJ: Julian Days
# name 2 = timeS: Time, Elapsed [seconds]
# name 3 = prDM: Pressure, Digiquartz [db]
# name 4 = t090C: Temperature [ITS-90, deg C]
# name 5 = t190C: Temperature, 2 [ITS-90, deg C]
# name 6 = T2-T190C: Temperature Difference, 2 - 1 [ITS-90, deg C]
# name 7 = c0S/m: Conductivity [S/m]
# name 8 = c1S/m: Conductivity, 2 [S/m]
# name 9 = altM: Altimeter [m]
# name 10 = pumps: Pump Status
# name 11 = latitude: Latitude [deg]
# name 12 = longitude: Longitude [deg]
# name 13 = C2-C1S/m: Conductivity Difference, 2 - 1 [S/m]
# name 14 = depSM: Depth [salt water, m]
# name 15 = depSM: Depth [salt water, m], lat = 38.3317
# name 16 = sal00: Salinity, Practical [PSU]
# name 17 = sigma-é00: Density [sigma-theta, kg/m^3]
# name 18 = oxsolMm/Kg: Oxygen Saturation, Garcia & Gordon [umol/kg]
# name 19 = oxsatMm/Kg: Oxygen Saturation, Weiss [umol/kg]
# name 20 = potemp090C: Potential Temperature [ITS-90, deg C]
# name 21 = svCM: Sound Velocity [Chen-Millero, m/s]
# name 22 = svCM1: Sound Velocity, 2 [Chen-Millero, m/s]
# name 23 = dz/dtM: Descent Rate [m/s], WS = 2
# name 24 = gpa: Geopotential Anomaly [J/kg]
# name 25 = nbin: number of scans per bin
# name 26 = flag: flag
# span 0 =        716,      55387       
# span 1 = 196.527174, 196.553539       
# span 2 =     29.810,   2307.763       
# span 3 =     12.091,   2022.857       
# span 4 =     3.6833,    27.8089       
# span 5 =     3.6837,    27.8089       
# span 6 =    -0.2186,     0.0525       
# span 7 =   3.310470,   5.775046       
# span 8 =   3.310562,   5.774953       
# span 9 =      -5.18,      90.92       
# span 10 =          1,          1      
# span 11 =   38.32538,   38.33167      
# span 12 =  -62.72205,  -62.71288      
# span 13 =  -0.022895,   0.006088      
# span 14 =     12.001,   1998.015      
# span 15 =     12.000,   1998.000      
# span 16 =    34.9551,    36.8537      
# span 17 =    23.2430,    27.8005      
# span 18 =  196.04820,  317.31883      
# span 19 =  195.54267,  318.18832      
# span 20 =     3.5183,    27.8045      
# span 21 =    1488.16,    1542.54      
# span 22 =    1488.14,    1542.52      
# span 23 =      0.056,      1.773      
# span 24 =      0.177,     20.222      
# span 25 =         13,        804      
# span 26 = 0.0000e+00, 0.0000e+00      
# interval = meters: 1                  
# start_time = Jul 14 2024 12:38:38 [System UTC, header]
# bad_flag = -9.990e-29
*END*
[from data line 1450]
      42308 196.547231   1762.782   1478.292     4.2445     4.2453     0.0008   3.340738   3.340821      47.60          1   38.32659  -62.71607   0.000080   1462.011   1462.000    34.9805    27.7577  312.99970  313.78895     4.1235    1492.02    1492.02      0.890     17.595         29 0.0000e+00
      42344 196.547249   1764.283   1479.307     4.2445     4.2450     0.0005   3.340785   3.340828      15.14          1   38.32658  -62.71606   0.000042   1462.994   1463.000    34.9805    27.7577  312.99960  313.78884     4.1234    1492.04    1492.04      0.697     17.600         37 0.0000e+00
      42372 196.547262   1765.453   1480.321     4.2442     4.2438    -0.0005   3.340785   3.340753      27.83          1   38.32658  -62.71606  -0.000019   1463.995   1464.000    34.9803    27.7576  313.00198  313.79125     4.1231    1492.05    1492.05      1.073     17.605         22 0.0000e+00
      42392 196.547272   1766.296   1481.336     4.2426     4.2428     0.0002   3.340666   3.340708      31.56          1   38.32658  -62.71606   0.000047   1464.997   1465.000    34.9802    27.7577  313.01490  313.80440     4.1213    1492.06    1492.06      1.255     17.609         19 0.0000e+00
      42411 196.547281   1767.075   1482.351     4.2416     4.2412    -0.0004   3.340623   3.340595      31.57          1   38.32658  -62.71604  -0.000015   1466.005   1466.000    34.9802    27.7578  313.02213  313.81178     4.1203    1492.08    1492.08      1.242     17.614         19 0.0000e+00
      42432 196.547291   1767.956   1483.365     4.2402     4.2399    -0.0003   3.340529   3.340519       1.43          1   38.32657  -62.71604   0.000003   1467.007   1467.000    34.9801    27.7579  313.03309  313.82294     4.1188    1492.09    1492.09      1.036     17.619         24 0.0000e+00
      42459 196.547304   1769.098   1484.380     4.2394     4.2362    -0.0033   3.340518   3.340206      60.05          1   38.32656  -62.71604  -0.000281   1468.002   1468.000    34.9803    27.7581  313.03828  313.82823     4.1179    1492.10    1492.09      0.853     17.624         30 0.0000e+00
      42487 196.547318   1770.248   1485.395     4.2386     4.2311    -0.0075   3.340427   3.339747      25.16          1   38.32656  -62.71604  -0.000618   1468.992   1469.000    34.9796    27.7577  313.04623  313.83629     4.1170    1492.11    1492.08      1.029     17.629         24 0.0000e+00
      42508 196.547328   1771.117   1486.409     4.2313     4.2205    -0.0108   3.339591   3.338731       0.79          1   38.32656  -62.71604  -0.000744   1470.001   1470.000    34.9770    27.7563  313.10705  313.89804     4.1097    1492.10    1492.05      1.187     17.634         19 0.0000e+00
      42529 196.547338   1771.989   1487.424     4.2193     4.2138    -0.0055   3.338506   3.338180      43.93          1   38.32656  -62.71604  -0.000297   1471.009   1471.000    34.9764    27.7572  313.19866  313.99133     4.0978    1492.06    1492.04      1.018     17.639         24 0.0000e+00
      42559 196.547352   1773.241   1488.439     4.2154     4.2109    -0.0045   3.338378   3.337947      21.30          1   38.32656  -62.71602  -0.000413   1472.000   1472.000    34.9785    27.7592  313.22269  314.01598     4.0938    1492.07    1492.05      0.763     17.644         34 0.0000e+00
      42588 196.547367   1774.474   1489.454     4.2158     4.2093    -0.0065   3.338390   3.337844      -0.01          1   38.32656  -62.71602  -0.000538   1472.994   1473.000    34.9777    27.7585  313.22140  314.01459     4.0942    1492.08    1492.06      0.994     17.649         24 0.0000e+00
      42610 196.547377   1775.370   1490.468     4.2102     4.2092    -0.0009   3.337885   3.337880       0.72          1   38.32656  -62.71602  -0.000012   1473.995   1474.000    34.9772    27.7588  313.26519  314.05918     4.0885    1492.08    1492.08      1.250     17.654         20 0.0000e+00
      42628 196.547386   1776.114   1491.483     4.2086     4.2077    -0.0008   3.337820   3.337769       0.59          1   38.32654  -62.71602  -0.000035   1475.000   1475.000    34.9776    27.7593  313.27614  314.07037     4.0868    1492.09    1492.09      1.353     17.659         17 0.0000e+00
      42646 196.547394   1776.871   1492.498     4.2064     4.2058    -0.0006   3.337645   3.337645       0.64          1   38.32654  -62.71601  -0.000002   1476.011   1476.000    34.9774    27.7594  313.29327  314.08780     4.0845    1492.10    1492.10      1.180     17.664         20 0.0000e+00
      42674 196.547408   1778.028   1493.513     4.2049     4.2042    -0.0007   3.337592   3.337535      15.69          1   38.32654  -62.71600  -0.000055   1477.005   1477.000    34.9778    27.7598  313.30304  314.09778     4.0830    1492.11    1492.11      0.751     17.669         37 0.0000e+00
      42708 196.547424   1779.457   1494.528     4.2051     4.2033    -0.0018   3.337650   3.337500      24.06          1   38.32654  -62.71600  -0.000154   1477.991   1478.000    34.9778    27.7598  313.30172  314.09644     4.0831    1492.13    1492.12      0.929     17.674         26 0.0000e+00
      42729 196.547434   1780.341   1495.542     4.2031     4.2030    -0.0000   3.337475   3.337520       0.55          1   38.32654  -62.71600   0.000039   1478.994   1479.000    34.9774    27.7597  313.31801  314.11300     4.0810    1492.13    1492.13      1.261     17.679         19 0.0000e+00
      42747 196.547443   1781.083   1496.557     4.2021     4.2026     0.0005   3.337452   3.337520      70.56          1   38.32654  -62.71600   0.000064   1480.005   1480.000    34.9777    27.7601  313.32490  314.12004     4.0799    1492.15    1492.15      1.312     17.684         17 0.0000e+00
      42767 196.547453   1781.923   1497.572     4.2015     4.2023     0.0008   3.337455   3.337539       3.39          1   38.32654  -62.71599   0.000075   1481.012   1481.000    34.9778    27.7602  313.32861  314.12383     4.0793    1492.16    1492.16      1.023     17.689         25 0.0000e+00
      42799 196.547468   1783.230   1498.587     4.2014     4.2022     0.0007   3.337493   3.337571       0.60          1   38.32654  -62.71598   0.000070   1481.997   1482.000    34.9778    27.7603  313.32931  314.12455     4.0791    1492.18    1492.18      0.760     17.694         34 0.0000e+00
      42826 196.547481   1784.381   1499.601     4.2015     4.2022     0.0007   3.337542   3.337619      27.67          1   38.32656  -62.71598   0.000071   1482.993   1483.000    34.9779    27.7603  313.32895  314.12419     4.0790    1492.20    1492.20      1.088     17.699         22 0.0000e+00
      42846 196.547491   1785.203   1500.616     4.2011     4.2017     0.0006   3.337545   3.337614       0.96          1   38.32656  -62.71596   0.000066   1483.999   1484.000    34.9778    27.7603  313.33170  314.12699     4.0786    1492.21    1492.21      1.267     17.704         19 0.0000e+00
      42865 196.547500   1785.985   1501.631     4.2006     4.2014     0.0008   3.337549   3.337633       0.67          1   38.32654  -62.71596   0.000079   1485.008   1485.000    34.9779    27.7604  313.33530  314.13066     4.0780    1492.23    1492.23      1.203     17.709         19 0.0000e+00
      42888 196.547511   1786.941   1502.646     4.2004     4.2012     0.0009   3.337570   3.337657      22.91          1   38.32654  -62.71596   0.000081   1486.004   1486.000    34.9779    27.7604  313.33719  314.13258     4.0776    1492.24    1492.24      0.982     17.714         27 0.0000e+00
      42914 196.547523   1788.026   1503.661     4.2004     4.2005     0.0001   3.337621   3.337633      -0.05          1   38.32654  -62.71596   0.000024   1486.993   1487.000    34.9779    27.7605  313.33666  314.13205     4.0776    1492.26    1492.26      1.046     17.719         23 0.0000e+00
      42934 196.547533   1788.891   1504.675     4.1996     4.1984    -0.0011   3.337542   3.337493       0.50          1   38.32653  -62.71596  -0.000040   1487.999   1488.000    34.9774    27.7602  313.34426  314.13975     4.0767    1492.27    1492.27      1.211     17.723         19 0.0000e+00
      42954 196.547543   1789.729   1505.690     4.1973     4.1972    -0.0001   3.337390   3.337418       0.68          1   38.32653  -62.71596   0.000037   1489.009   1489.000    34.9775    27.7605  313.36107  314.15688     4.0743    1492.28    1492.28      1.054     17.728         23 0.0000e+00
      42988 196.547560   1791.145   1506.705     4.1958     4.1936    -0.0022   3.337313   3.337112      13.58          1   38.32654  -62.71595  -0.000186   1490.002   1490.000    34.9777    27.7608  313.37203  314.16807     4.0727    1492.29    1492.28      0.614     17.733         45 0.0000e+00
      43024 196.547577   1792.627   1507.720     4.1960     4.1925    -0.0035   3.337355   3.337057      25.47          1   38.32654  -62.71594  -0.000287   1490.987   1491.000    34.9775    27.7606  313.37099  314.16699     4.0728    1492.31    1492.29      1.076     17.738         23 0.0000e+00
      43042 196.547585   1793.389   1508.735     4.1922     4.1891    -0.0031   3.336966   3.336725       1.66          1   38.32654  -62.71594  -0.000192   1491.991   1492.000    34.9764    27.7602  313.40183  314.19833     4.0690    1492.31    1492.29      1.472     17.743         15 0.0000e+00
      43057 196.547593   1794.014   1509.749     4.1883     4.1872    -0.0011   3.336587   3.336615       0.53          1   38.32654  -62.71594   0.000033   1493.001   1493.000    34.9755    27.7599  313.43326  314.23028     4.0651    1492.31    1492.30      1.602     17.748         15 0.0000e+00
      43072 196.547600   1794.639   1510.764     4.1861     4.1850    -0.0011   3.336491   3.336417      36.87          1   38.32653  -62.71593  -0.000059   1494.008   1494.000    34.9762    27.7607  313.44808  314.24544     4.0628    1492.32    1492.31      1.492     17.753         16 0.0000e+00
      43091 196.547609   1795.414   1511.779     4.1841     4.1834    -0.0007   3.336329   3.336297       2.52          1   38.32652  -62.71592  -0.000016   1495.014   1495.000    34.9760    27.7608  313.46420  314.26184     4.0607    1492.32    1492.32      1.113     17.758         23 0.0000e+00
      43121 196.547624   1796.681   1512.794     4.1822     4.1812    -0.0010   3.336214   3.336137      33.23          1   38.32652  -62.71592  -0.000072   1496.002   1496.000    34.9761    27.7610  313.47769  314.27559     4.0588    1492.33    1492.33      0.708     17.763         36 0.0000e+00
      43156 196.547640   1798.124   1513.809     4.1809     4.1800    -0.0010   3.336129   3.336059      15.56          1   38.32652  -62.71592  -0.000064   1496.999   1497.000    34.9760    27.7611  313.48787  314.28595     4.0574    1492.35    1492.34      0.770     17.768         32 0.0000e+00
      43185 196.547654   1799.315   1514.824     4.1792     4.1786    -0.0006   3.336009   3.335991      28.90          1   38.32652  -62.71592  -0.000017   1497.993   1498.000    34.9758    27.7612  313.50086  314.29918     4.0556    1492.35    1492.35      1.005     17.773         25 0.0000e+00
      43206 196.547664   1800.199   1515.839     4.1779     4.1783     0.0004   3.335943   3.336008      33.58          1   38.32650  -62.71592   0.000059   1498.995   1499.000    34.9760    27.7614  313.51060  314.30911     4.0542    1492.37    1492.37      1.255     17.778         18 0.0000e+00
      43224 196.547673   1800.955   1516.854     4.1773     4.1771    -0.0002   3.335925   3.335919       0.76          1   38.32650  -62.71591   0.000003   1500.006   1500.000    34.9759    27.7614  313.51539  314.31399     4.0535    1492.38    1492.38      1.260     17.783         19 0.0000e+00
      43246 196.547684   1801.857   1517.868     4.1758     4.1751    -0.0007   3.335811   3.335776      22.61          1   38.32650  -62.71590  -0.000020   1501.009   1501.000    34.9756    27.7614  313.52705  314.32585     4.0520    1492.39    1492.39      0.991     17.788         26 0.0000e+00
      43274 196.547697   1803.025   1518.883     4.1746     4.1727    -0.0020   3.335750   3.335604      -0.31          1   38.32650  -62.71590  -0.000140   1501.993   1502.000    34.9757    27.7615  313.53592  314.33489     4.0507    1492.40    1492.39      0.960     17.793         26 0.0000e+00
      43295 196.547708   1803.936   1519.898     4.1727     4.1715    -0.0012   3.335591   3.335548       0.57          1   38.32649  -62.71590  -0.000039   1502.996   1503.000    34.9754    27.7615  313.55134  314.35058     4.0487    1492.41    1492.41      1.228     17.798         19 0.0000e+00
      43314 196.547717   1804.707   1520.913     4.1708     4.1703    -0.0005   3.335484   3.335469       0.58          1   38.32648  -62.71590  -0.000002   1504.003   1504.000    34.9756    27.7619  313.56513  314.36465     4.0467    1492.42    1492.42      1.276     17.803         19 0.0000e+00
      43334 196.547726   1805.538   1521.928     4.1691     4.1690    -0.0001   3.335373   3.335386      22.04          1   38.32649  -62.71589   0.000013   1505.007   1505.000    34.9756    27.7621  313.57775  314.37750     4.0449    1492.43    1492.43      1.112     17.808         22 0.0000e+00
      43359 196.547738   1806.600   1522.943     4.1681     4.1679    -0.0002   3.335328   3.335333      25.14          1   38.32649  -62.71588   0.000007   1506.005   1506.000    34.9756    27.7622  313.58524  314.38513     4.0439    1492.44    1492.44      0.857     17.813         29 0.0000e+00
      43392 196.547754   1807.947   1523.958     4.1677     4.1669    -0.0007   3.335337   3.335283      41.33          1   38.32649  -62.71588  -0.000052   1507.000   1507.000    34.9757    27.7623  313.58840  314.38836     4.0433    1492.46    1492.45      0.747     17.817         34 0.0000e+00
      43421 196.547768   1809.186   1524.973     4.1682     4.1665    -0.0017   3.335438   3.335287      17.12          1   38.32648  -62.71588  -0.000151   1507.992   1508.000    34.9758    27.7624  313.58417  314.38406     4.0437    1492.48    1492.47      1.025     17.822         24 0.0000e+00
      43442 196.547778   1810.030   1525.988     4.1660     4.1657    -0.0004   3.335252   3.335243       0.45          1   38.32648  -62.71586  -0.000004   1508.993   1509.000    34.9754    27.7623  313.60127  314.40145     4.0415    1492.48    1492.48      1.320     17.827         18 0.0000e+00
      43459 196.547786   1810.738   1527.003     4.1648     4.1644    -0.0004   3.335164   3.335178       6.32          1   38.32648  -62.71586   0.000023   1510.004   1510.000    34.9752    27.7623  313.61110  314.41144     4.0402    1492.50    1492.50      1.376     17.832         17 0.0000e+00
      43477 196.547795   1811.513   1528.018     4.1634     4.1634    -0.0000   3.335086   3.335116      24.54          1   38.32648  -62.71586   0.000036   1511.012   1511.000    34.9753    27.7625  313.62171  314.42227     4.0387    1492.51    1492.51      1.147     17.837         21 0.0000e+00
      43504 196.547808   1812.612   1529.033     4.1623     4.1607    -0.0015   3.335033   3.334888      20.53          1   38.32648  -62.71586  -0.000122   1512.000   1512.000    34.9753    27.7626  313.62980  314.43051     4.0375    1492.52    1492.51      0.868     17.842         30 0.0000e+00
      43531 196.547821   1813.764   1530.047     4.1611     4.1575    -0.0036   3.334941   3.334697       0.66          1   38.32648  -62.71586  -0.000241   1513.001   1513.000    34.9750    27.7625  313.63943  314.44030     4.0363    1492.53    1492.52      0.923     17.847         26 0.0000e+00
      43558 196.547834   1814.861   1531.062     4.1578     4.1578     0.0000   3.334727   3.334802       0.65          1   38.32648  -62.71585   0.000067   1514.002   1514.000    34.9754    27.7632  313.66318  314.46454     4.0329    1492.53    1492.54      0.891     17.852         27 0.0000e+00
