ctd/proc/EN719_CTD09_avg.cnv
* Sea-Bird SBE 9 Data File:
* FileName = D:\ctd\raw\EN719_CTD09.hdr
* Software Version Seasave V 7.26.7.121
* Temperature SN = 4333
* Conductivity SN = 0864
* Number of Bytes Per Scan = 37
* Number of Voltage Words = 4
* Number of Scans Averaged by the Deck Unit = 1
* NMEA Latitude = 39 10.21 N
* NMEA Longitude = 063 36.93 W
* NMEA UTC (Time) = Jul 23 2024  00:01:35
* NMEA baud rate = 4800
** Ship: R/V Endeavor
** Cruise: EN719
** Principal Investigator: Chad Smith
** Chief Scientist: Chad Smith
** Project: NESMA24
** Cruise Start Date: 7 July 2024
** Ports: GSO, Narragansett RI to GSO, Narragansett RI
** Station:  CTD09
** Bottom Depth: 4956
** Operator:  JA
# nquan = 27
# nvalues = 1994                        
# units = specified
# name 0 = scan: Scan Count
# name 1 = timeJ: Julian Days
# name 2 = timeS: Time, Elapsed [seconds]
# name 3 = prDM: Pressure, Digiquartz [db]
# name 4 = t090C: Temperature [ITS-90, deg C]
# name 5 = t190C: Temperature, 2 [ITS-90, deg C]
# name 6 = T2-T190C: Temperature Difference, 2 - 1 [ITS-90, deg C]
# name 7 = c0S/m: Conductivity [S/m]
# name 8 = c1S/m: Conductivity, 2 [S/m]
# name 9 = altM: Altimeter [m]
# name 10 = pumps: Pump Status
# name 11 = latitude: Latitude [deg]
# name 12 = longitude: Longitude [deg]
# name 13 = C2-C1S/m: Conductivity Difference, 2 - 1 [S/m]
# name 14 = depSM: Depth [salt water, m]
# name 15 = depSM: Depth [salt water, m], lat = 39.1702
# name 16 = sal00: Salinity, Practical [PSU]
# name 17 = sigma-é00: Density [sigma-theta, kg/m^3]
# name 18 = oxsolMm/Kg: Oxygen Saturation, Garcia & Gordon [umol/kg]
# name 19 = oxsatMm/Kg: Oxygen Saturation, Weiss [umol/kg]
# name 20 = potemp090C: Potential Temperature [ITS-90, deg C]
# name 21 = svCM: Sound Velocity [Chen-Millero, m/s]
# name 22 = svCM1: Sound Velocity, 2 [Chen-Millero, m/s]
# name 23 = dz/dtM: Descent Rate [m/s], WS = 2
# name 24 = gpa: Geopotential Anomaly [J/kg]
# name 25 = nbin: number of scans per bin
# name 26 = flag: flag
# span 0 =       -940,      56822       
# span 1 = 205.000681, 205.028536       
# span 2 =    -39.190,   2367.543       
# span 3 =      7.053,   2025.045       
# span 4 =     3.5274,    22.6172       
# span 5 =     3.5281,    22.6396       
# span 6 =    -0.0861,     0.0651       
# span 7 =   3.296305,   4.697410       
# span 8 =   3.296423,   4.695050       
# span 9 =      -3.82,      86.72       
# span 10 =          1,          1      
# span 11 =   39.17009,   39.17312      
# span 12 =  -63.62818,  -63.61526      
# span 13 =  -0.007885,   0.010440      
# span 14 =      6.993,   1999.997      
# span 15 =      7.000,   2000.000      
# span 16 =    32.0428,    35.4406      
# span 17 =    21.8626,    27.8131      
# span 18 =  219.31784,  318.52919      
# span 19 =  218.81328,  319.42181      
# span 20 =     3.3647,    22.6156      
# span 21 =    1475.40,    1525.53      
# span 22 =    1475.40,    1525.51      
# span 23 =     -0.039,      1.578      
# span 24 =     -0.206,     13.593      
# span 25 =         15,        176      
# span 26 = 0.0000e+00, 0.0000e+00      
# interval = meters: 1                  
# start_time = Jul 23 2024 00:01:38 [System UTC, header]
# bad_flag = -9.990e-29
*END*
[from data line 1396]
      40483 205.020657   1686.764   1418.541     3.9452     3.9498     0.0046   3.309600   3.310040      34.90          1   39.17232  -63.62466   0.000429   1402.996   1403.000    34.9591    27.7711  315.31053  316.14182     3.8330    1489.75    1489.77      0.907     10.792         27 0.0000e+00
      40508 205.020669   1687.785   1419.555     3.9447     3.9459     0.0011   3.309579   3.309683      40.75          1   39.17232  -63.62466   0.000120   1403.995   1404.000    34.9589    27.7710  315.31495  316.14631     3.8324    1489.77    1489.77      1.087     10.797         22 0.0000e+00
      40529 205.020679   1688.655   1420.570     3.9415     3.9421     0.0006   3.309237   3.309311       0.07          1   39.17232  -63.62466   0.000136   1404.999   1405.000    34.9578    27.7704  315.34219  316.17397     3.8291    1489.77    1489.77      1.190     10.802         20 0.0000e+00
      40549 205.020689   1689.499   1421.584     3.9370     3.9380     0.0010   3.308836   3.308937       0.63          1   39.17232  -63.62466   0.000098   1406.004   1406.000    34.9573    27.7705  315.37742  316.20984     3.8246    1489.77    1489.77      1.146     10.807         21 0.0000e+00
      40572 205.020700   1690.451   1422.599     3.9372     3.9384     0.0012   3.308903   3.309005      17.59          1   39.17232  -63.62468   0.000103   1407.004   1407.000    34.9574    27.7706  315.37592  316.20832     3.8247    1489.78    1489.79      0.980     10.811         25 0.0000e+00
      40600 205.020713   1691.610   1423.613     3.9355     3.9364     0.0009   3.308760   3.308849      20.51          1   39.17232  -63.62468   0.000096   1408.000   1408.000    34.9570    27.7704  315.38955  316.22218     3.8229    1489.79    1489.80      0.834     10.816         30 0.0000e+00
      40629 205.020727   1692.820   1424.628     3.9354     3.9367     0.0013   3.308798   3.308910      22.30          1   39.17232  -63.62468   0.000104   1408.996   1409.000    34.9570    27.7705  315.39023  316.22287     3.8227    1489.81    1489.82      0.921     10.821         27 0.0000e+00
      40653 205.020739   1693.822   1425.642     3.9350     3.9368     0.0018   3.308799   3.308966      10.19          1   39.17232  -63.62469   0.000164   1409.998   1410.000    34.9570    27.7704  315.39334  316.22604     3.8223    1489.83    1489.83      1.071     10.825         22 0.0000e+00
      40675 205.020749   1694.738   1426.657     3.9374     3.9377     0.0003   3.309103   3.309094      42.50          1   39.17232  -63.62470  -0.000010   1411.003   1411.000    34.9576    27.7707  315.37403  316.20641     3.8245    1489.85    1489.85      1.054     10.830         23 0.0000e+00
      40701 205.020762   1695.821   1427.671     3.9386     3.9392     0.0005   3.309287   3.309304      21.18          1   39.17233  -63.62470   0.000004   1412.005   1412.000    34.9579    27.7708  315.36357  316.19578     3.8257    1489.88    1489.88      0.824     10.835         31 0.0000e+00
      40734 205.020778   1697.208   1428.686     3.9420     3.9405    -0.0015   3.309679   3.309515      32.42          1   39.17234  -63.62472  -0.000188   1412.995   1413.000    34.9584    27.7709  315.33640  316.16812     3.8289    1489.91    1489.90      0.781     10.839         31 0.0000e+00
      40761 205.020791   1698.332   1429.700     3.9449     3.9466     0.0017   3.310049   3.310200      -0.41          1   39.17234  -63.62472   0.000116   1413.993   1414.000    34.9593    27.7713  315.31291  316.14426     3.8316    1489.94    1489.94      1.063     10.844         23 0.0000e+00
      40781 205.020801   1699.184   1430.715     3.9468     3.9478     0.0010   3.310275   3.310381       0.52          1   39.17234  -63.62472   0.000075   1414.995   1415.000    34.9594    27.7713  315.29791  316.12899     3.8335    1489.96    1489.97      1.254     10.849         19 0.0000e+00
      40800 205.020810   1699.956   1431.730     3.9503     3.9528     0.0026   3.310715   3.310952       0.55          1   39.17234  -63.62472   0.000188   1416.004   1416.000    34.9605    27.7717  315.26915  316.09975     3.8368    1489.99    1490.01      1.272     10.853         19 0.0000e+00
      40820 205.020819   1700.792   1432.744     3.9528     3.9548     0.0020   3.310992   3.311189      37.57          1   39.17234  -63.62472   0.000173   1417.006   1417.000    34.9606    27.7716  315.24969  316.07993     3.8392    1490.02    1490.03      1.099     10.858         22 0.0000e+00
      40848 205.020833   1701.940   1433.759     3.9531     3.9562     0.0031   3.311077   3.311399      24.11          1   39.17234  -63.62473   0.000306   1418.006   1418.000    34.9607    27.7717  315.24689  316.07709     3.8394    1490.04    1490.06      0.748     10.863         35 0.0000e+00
      40885 205.020851   1703.491   1434.773     3.9615     3.9633     0.0018   3.312071   3.312224      18.51          1   39.17234  -63.62474   0.000069   1418.993   1419.000    34.9631    27.7727  315.17741  316.00647     3.8476    1490.10    1490.10      0.744     10.867         33 0.0000e+00
      40912 205.020864   1704.611   1435.788     3.9651     3.9715     0.0065   3.312450   3.313103      26.62          1   39.17234  -63.62474   0.000649   1419.994   1420.000    34.9633    27.7725  315.14993  315.97848     3.8511    1490.13    1490.16      1.058     10.872         23 0.0000e+00
      40932 205.020874   1705.476   1436.802     3.9686     3.9697     0.0011   3.312843   3.312966       0.66          1   39.17234  -63.62474   0.000124   1420.999   1421.000    34.9637    27.7725  315.12218  315.95025     3.8544    1490.16    1490.17      1.204     10.877         20 0.0000e+00
      40952 205.020883   1706.302   1437.817     3.9726     3.9745     0.0019   3.313330   3.313522       0.70          1   39.17236  -63.62476   0.000141   1422.002   1422.000    34.9646    27.7728  315.08907  315.91658     3.8584    1490.20    1490.20      1.179     10.881         20 0.0000e+00
      40974 205.020894   1707.214   1438.832     3.9754     3.9773     0.0019   3.313654   3.313830      24.99          1   39.17236  -63.62476   0.000166   1423.003   1423.000    34.9651    27.7729  315.06743  315.89456     3.8610    1490.22    1490.23      1.051     10.886         24 0.0000e+00
      40999 205.020906   1708.248   1439.846     3.9750     3.9759     0.0010   3.313633   3.313738       1.20          1   39.17236  -63.62476   0.000117   1424.001   1424.000    34.9648    27.7727  315.07111  315.89829     3.8605    1490.24    1490.24      0.947     10.891         26 0.0000e+00
      41026 205.020919   1709.368   1440.861     3.9736     3.9744     0.0008   3.313574   3.313648       0.61          1   39.17236  -63.62478   0.000076   1425.002   1425.000    34.9650    27.7731  315.08099  315.90837     3.8590    1490.25    1490.25      0.856     10.895         28 0.0000e+00
      41057 205.020934   1710.673   1441.875     3.9731     3.9742     0.0011   3.313566   3.313678      33.36          1   39.17236  -63.62478   0.000110   1426.002   1426.000    34.9649    27.7730  315.08467  315.91211     3.8585    1490.27    1490.27      0.719     10.900         35 0.0000e+00
      41092 205.020951   1712.127   1442.890     3.9718     3.9724     0.0006   3.313448   3.313531      82.04          1   39.17236  -63.62478   0.000121   1426.995   1427.000    34.9644    27.7727  315.09577  315.92339     3.8571    1490.28    1490.28      0.787     10.905         31 0.0000e+00
      41118 205.020963   1713.226   1443.905     3.9629     3.9635     0.0006   3.312564   3.312671      20.57          1   39.17236  -63.62480   0.000156   1427.992   1428.000    34.9629    27.7725  315.16709  315.99594     3.8482    1490.25    1490.26      1.107     10.909         22 0.0000e+00
      41138 205.020973   1714.035   1444.919     3.9590     3.9597     0.0008   3.312242   3.312340       0.08          1   39.17236  -63.62480   0.000125   1428.995   1429.000    34.9628    27.7728  315.19744  316.02686     3.8442    1490.25    1490.26      1.326     10.914         18 0.0000e+00
      41155 205.020981   1714.760   1445.934     3.9566     3.9574     0.0008   3.312046   3.312154       0.62          1   39.17236  -63.62480   0.000121   1430.000   1430.000    34.9624    27.7728  315.21606  316.04581     3.8418    1490.26    1490.26      1.381     10.919         17 0.0000e+00
      41173 205.020990   1715.507   1446.948     3.9545     3.9552     0.0007   3.311887   3.311982       0.66          1   39.17236  -63.62480   0.000115   1431.008   1431.000    34.9623    27.7729  315.23273  316.06278     3.8396    1490.27    1490.27      1.226     10.924         20 0.0000e+00
      41198 205.021001   1716.525   1447.963     3.9520     3.9528     0.0009   3.311690   3.311786      21.99          1   39.17236  -63.62480   0.000105   1432.007   1432.000    34.9621    27.7730  315.25216  316.08258     3.8370    1490.27    1490.28      0.842     10.928         31 0.0000e+00
      41233 205.021019   1718.009   1448.978     3.9501     3.9506     0.0006   3.311548   3.311629      49.06          1   39.17236  -63.62481   0.000087   1432.995   1433.000    34.9620    27.7731  315.26693  316.09761     3.8351    1490.28    1490.29      0.714     10.933         35 0.0000e+00
      41262 205.021033   1719.209   1449.992     3.9468     3.9472     0.0003   3.311243   3.311297       0.50          1   39.17236  -63.62482   0.000097   1433.995   1434.000    34.9613    27.7729  315.29311  316.12424     3.8317    1490.29    1490.29      0.997     10.938         24 0.0000e+00
      41284 205.021043   1720.129   1451.007     3.9408     3.9422     0.0014   3.310656   3.310837       0.52          1   39.17236  -63.62482   0.000234   1434.999   1435.000    34.9602    27.7727  315.34158  316.17355     3.8257    1490.28    1490.28      1.125     10.942         21 0.0000e+00
      41306 205.021054   1721.037   1452.022     3.9302     3.9301    -0.0001   3.309603   3.309646       0.64          1   39.17238  -63.62484   0.000155   1436.006   1436.000    34.9585    27.7724  315.42626  316.25970     3.8152    1490.25    1490.25      1.019     10.947         24 0.0000e+00
      41334 205.021067   1722.201   1453.036     3.9172     3.9171    -0.0000   3.308347   3.308379      34.10          1   39.17238  -63.62484   0.000091   1437.001   1437.000    34.9569    27.7725  315.52923  316.36451     3.8022    1490.21    1490.21      0.803     10.952         32 0.0000e+00
      41365 205.021082   1723.486   1454.051     3.9050     3.9053     0.0003   3.307150   3.307219      24.83          1   39.17238  -63.62484   0.000135   1437.997   1438.000    34.9551    27.7723  315.62604  316.46303     3.7900    1490.17    1490.17      0.862     10.956         28 0.0000e+00
      41391 205.021095   1724.563   1455.065     3.8983     3.8991     0.0009   3.306578   3.306672      25.58          1   39.17238  -63.62484   0.000101   1438.996   1439.000    34.9550    27.7729  315.67773  316.51569     3.7833    1490.16    1490.16      1.020     10.961         24 0.0000e+00
      41413 205.021105   1725.493   1456.080     3.8974     3.8986     0.0012   3.306539   3.306662       0.71          1   39.17238  -63.62484   0.000138   1439.998   1440.000    34.9550    27.7729  315.68454  316.52262     3.7823    1490.17    1490.18      1.132     10.966         21 0.0000e+00
      41434 205.021115   1726.364   1457.095     3.8939     3.8948     0.0009   3.306235   3.306343      28.65          1   39.17238  -63.62486   0.000126   1441.001   1441.000    34.9545    27.7729  315.71173  316.55030     3.7788    1490.17    1490.18      1.140     10.970         21 0.0000e+00
      41456 205.021126   1727.309   1458.109     3.8930     3.8943     0.0013   3.306200   3.306323       1.92          1   39.17238  -63.62486   0.000119   1442.006   1442.000    34.9546    27.7731  315.71895  316.55766     3.7778    1490.19    1490.19      0.944     10.975         26 0.0000e+00
      41489 205.021142   1728.678   1459.124     3.8927     3.8936     0.0010   3.306205   3.306309      31.83          1   39.17238  -63.62487   0.000117   1442.999   1443.000    34.9545    27.7730  315.72141  316.56016     3.7774    1490.20    1490.21      0.674     10.980         38 0.0000e+00
      41523 205.021158   1730.080   1460.139     3.8899     3.8909     0.0010   3.306002   3.306124      23.68          1   39.17238  -63.62488   0.000105   1443.993   1444.000    34.9545    27.7734  315.74250  316.58165     3.7746    1490.21    1490.21      0.930     10.984         26 0.0000e+00
      41545 205.021169   1730.998   1461.153     3.8923     3.8940     0.0017   3.306345   3.306517      30.68          1   39.17238  -63.62488   0.000149   1444.994   1445.000    34.9555    27.7739  315.72164  316.56047     3.7769    1490.24    1490.24      1.225     10.989         20 0.0000e+00
      41563 205.021178   1731.759   1462.168     3.8949     3.8964     0.0015   3.306668   3.306819      33.95          1   39.17238  -63.62488   0.000113   1445.998   1446.000    34.9561    27.7741  315.70064  316.53913     3.7793    1490.27    1490.27      1.349     10.994         18 0.0000e+00
      41581 205.021186   1732.497   1463.183     3.8967     3.8975     0.0008   3.306871   3.306958       2.03          1   39.17238  -63.62488   0.000077   1447.003   1447.000    34.9561    27.7740  315.68704  316.52527     3.7810    1490.29    1490.29      1.312     10.998         18 0.0000e+00
      41601 205.021196   1733.331   1464.198     3.9016     3.9027     0.0011   3.307501   3.307570      25.15          1   39.17238  -63.62490   0.000019   1448.010   1448.000    34.9578    27.7749  315.64542  316.48299     3.7858    1490.33    1490.33      1.041     11.003         23 0.0000e+00
      41639 205.021214   1734.896   1465.212     3.9041     3.9048     0.0007   3.307766   3.307846      34.76          1   39.17239  -63.62490   0.000075   1449.000   1449.000    34.9578    27.7746  315.62645  316.46365     3.7881    1490.36    1490.36      0.536     11.008         52 0.0000e+00
      41680 205.021234   1736.612   1466.227     3.9043     3.9057     0.0014   3.307854   3.307994      -0.34          1   39.17240  -63.62491   0.000126   1449.991   1450.000    34.9582    27.7749  315.62414  316.46133     3.7883    1490.38    1490.38      0.915     11.012         26 0.0000e+00
      41702 205.021245   1737.522   1467.242     3.9051     3.9064     0.0013   3.307983   3.308123       0.64          1   39.17240  -63.62492   0.000134   1450.993   1451.000    34.9583    27.7749  315.61753  316.45460     3.7890    1490.40    1490.40      1.230     11.017         19 0.0000e+00
      41720 205.021253   1738.282   1468.256     3.9056     3.9067     0.0011   3.308063   3.308203       0.57          1   39.17240  -63.62492   0.000129   1452.000   1452.000    34.9582    27.7748  315.61386  316.45085     3.7894    1490.41    1490.42      1.339     11.022         18 0.0000e+00
      41738 205.021262   1739.035   1469.271     3.9061     3.9072     0.0011   3.308163   3.308286       0.50          1   39.17240  -63.62492   0.000119   1453.004   1453.000    34.9584    27.7749  315.60969  316.44662     3.7898    1490.43    1490.44      1.273     11.026         19 0.0000e+00
      41759 205.021272   1739.906   1470.286     3.9065     3.9078     0.0012   3.308245   3.308378      25.61          1   39.17240  -63.62492   0.000119   1454.008   1454.000    34.9584    27.7749  315.60651  316.44338     3.7901    1490.45    1490.46      1.033     11.031         24 0.0000e+00
      41790 205.021287   1741.200   1471.301     3.9074     3.9085     0.0011   3.308378   3.308491      43.81          1   39.17240  -63.62494   0.000110   1455.004   1455.000    34.9586    27.7750  315.59973  316.43649     3.7908    1490.47    1490.48      0.659     11.036         40 0.0000e+00
