ctd/proc/EN719_CTD02_avg.cnv
* Sea-Bird SBE 9 Data File:
* FileName = D:\ctd\raw\EN719_CTD02.hdr
* Software Version Seasave V 7.26.7.121
* Temperature SN = 4333
* Conductivity SN = 0864
* Number of Bytes Per Scan = 37
* Number of Voltage Words = 4
* Number of Scans Averaged by the Deck Unit = 1
* NMEA Latitude = 38 45.76 N
* NMEA Longitude = 063 44.17 W
* NMEA UTC (Time) = Jul 11 2024  18:38:19
* NMEA baud rate = 4800
** Ship: R/V Endeavor
** Cruise: EN719
** Principal Investigator: Chad Smith
** Chief Scientist: Chad Smith
** Project: NESMA24
** Cruise Start Date: 7 July 2024
** Ports: GSO, Narragansett RI to GSO, Narragansett RI
** Station:  CTD_02
** Bottom Depth: 4516
** Operator:  LGB
# nquan = 27
# nvalues = 1588                        
# units = specified
# name 0 = scan: Scan Count
# name 1 = timeJ: Julian Days
# name 2 = timeS: Time, Elapsed [seconds]
# name 3 = prDM: Pressure, Digiquartz [db]
# name 4 = t090C: Temperature [ITS-90, deg C]
# name 5 = t190C: Temperature, 2 [ITS-90, deg C]
# name 6 = T2-T190C: Temperature Difference, 2 - 1 [ITS-90, deg C]
# name 7 = c0S/m: Conductivity [S/m]
# name 8 = c1S/m: Conductivity, 2 [S/m]
# name 9 = altM: Altimeter [m]
# name 10 = pumps: Pump Status
# name 11 = latitude: Latitude [deg]
# name 12 = longitude: Longitude [deg]
# name 13 = C2-C1S/m: Conductivity Difference, 2 - 1 [S/m]
# name 14 = depSM: Depth [salt water, m]
# name 15 = depSM: Depth [salt water, m], lat = 38.7627
# name 16 = sal00: Salinity, Practical [PSU]
# name 17 = sigma-é00: Density [sigma-theta, kg/m^3]
# name 18 = oxsolMm/Kg: Oxygen Saturation, Garcia & Gordon [umol/kg]
# name 19 = oxsatMm/Kg: Oxygen Saturation, Weiss [umol/kg]
# name 20 = potemp090C: Potential Temperature [ITS-90, deg C]
# name 21 = svCM: Sound Velocity [Chen-Millero, m/s]
# name 22 = svCM1: Sound Velocity, 2 [Chen-Millero, m/s]
# name 23 = dz/dtM: Descent Rate [m/s], WS = 2
# name 24 = gpa: Geopotential Anomaly [J/kg]
# name 25 = nbin: number of scans per bin
# name 26 = flag: flag
# span 0 =        326,      63034       
# span 1 = 191.043003, 196.697855       
# span 2 =     13.548,   2626.395       
# span 3 =     13.099,   2024.970       
# span 4 =     3.7597,    26.0666       
# span 5 =     3.7605,    26.0676       
# span 6 =    -4.2970,     0.0446       
# span 7 =   3.166529,   5.795858       
# span 8 =   3.317258,   5.656762       
# span 9 =     -10.52,     100.26       
# span 10 =          1,          1      
# span 11 =   38.21572,   39.34690      
# span 12 =  -64.69685,  -62.83688      
# span 13 =  -2.333861,   0.295294      
# span 14 =     12.122,   2000.026      
# span 15 =     13.000,   2000.000      
# span 16 =    28.0656,    90.2365      
# span 17 =    20.0352,    87.6064      
# span 18 =   89.34927,  316.71452      
# span 19 =  199.22810,  317.57300      
# span 20 =     3.5945,    26.0621      
# span 21 =    1470.17,    1630.75      
# span 22 =    1487.45,    1561.07      
# span 23 =     -2.145,    270.942      
# span 24 =      0.058,    170.218      
# span 25 =          1,        343      
# span 26 = 0.0000e+00, 0.0000e+00      
# interval = meters: 1                  
# start_time = Jul 11 2024 18:38:23 [System UTC, header]
# bad_flag = -9.990e-29
*END*
[from data line 591]
      32801 193.792473   1366.654   1014.109     5.0779     5.0787     0.0008   3.399910   3.399886       0.68          1   38.75482  -63.72272  -0.000022   1004.000   1004.000    35.0236    27.6949  306.76035  307.43750     4.9918    1487.78    1487.78      1.487    161.385         16 0.0000e+00
      32817 193.792481   1367.331   1015.121     5.0772     5.0784     0.0012   3.399902   3.399900      32.37          1   38.75482  -63.72271  -0.000005   1005.010   1005.000    35.0237    27.6952  306.76528  307.44253     4.9910    1487.80    1487.80      1.346    161.390         18 0.0000e+00
      32840 193.792492   1368.271   1016.134     5.0766     5.0776     0.0010   3.399891   3.399862      18.00          1   38.75482  -63.72270  -0.000024   1006.013   1006.000    35.0236    27.6952  306.76926  307.44658     4.9904    1487.81    1487.81      0.866    161.395         30 0.0000e+00
      32882 193.792512   1370.060   1017.146     5.0753     5.0766     0.0013   3.399796   3.399809      16.37          1   38.75480  -63.72269   0.000007   1006.995   1007.000    35.0235    27.6952  306.77947  307.45696     4.9890    1487.82    1487.83      0.534    161.401         46 0.0000e+00
      32916 193.792529   1371.468   1018.159     5.0752     5.0769     0.0017   3.399852   3.399888       0.27          1   38.75480  -63.72267   0.000036   1007.996   1008.000    35.0237    27.6954  306.77960  307.45711     4.9888    1487.84    1487.84      0.942    161.406         26 0.0000e+00
      32939 193.792540   1372.428   1019.172     5.0748     5.0760     0.0012   3.399852   3.399833      12.57          1   38.75480  -63.72266  -0.000010   1009.001   1009.000    35.0236    27.6954  306.78274  307.46031     4.9883    1487.85    1487.86      1.038    161.411         22 0.0000e+00
      32964 193.792552   1373.473   1020.184     5.0735     5.0742     0.0006   3.399758   3.399706      31.73          1   38.75479  -63.72265  -0.000049   1010.006   1010.000    35.0233    27.6953  306.79235  307.47006     4.9870    1487.86    1487.86      0.874    161.416         29 0.0000e+00
      32995 193.792566   1374.740   1021.197     5.0718     5.0730     0.0012   3.399643   3.399637      21.12          1   38.75478  -63.72264   0.000008   1010.997   1011.000    35.0233    27.6955  306.80474  307.48268     4.9852    1487.87    1487.88      0.846    161.422         29 0.0000e+00
      33020 193.792579   1375.810   1022.209     5.0705     5.0697    -0.0007   3.399523   3.399341      26.29          1   38.75478  -63.72262  -0.000146   1011.996   1012.000    35.0228    27.6953  306.81583  307.49394     4.9837    1487.88    1487.88      1.056    161.427         23 0.0000e+00
      33042 193.792589   1376.699   1023.222     5.0661     5.0658    -0.0004   3.399111   3.399018      13.87          1   38.75476  -63.72262  -0.000084   1013.002   1013.000    35.0221    27.6952  306.84876  307.52742     4.9793    1487.88    1487.88      1.116    161.432         21 0.0000e+00
      33066 193.792601   1377.727   1024.234     5.0642     5.0650     0.0009   3.399013   3.398996      43.53          1   38.75476  -63.72262  -0.000018   1014.013   1014.000    35.0225    27.6958  306.86199  307.54091     4.9773    1487.89    1487.89      0.765    161.437         33 0.0000e+00
      33122 193.792628   1380.061   1025.247     5.0633     5.0653     0.0020   3.398976   3.399064     -10.52          1   38.75475  -63.72260   0.000094   1014.987   1015.000    35.0225    27.6959  306.86831  307.54734     4.9764    1487.90    1487.91      0.445    161.443         53 0.0000e+00
      33149 193.792641   1381.163   1026.259     5.0608     5.0613     0.0005   3.398742   3.398688       0.57          1   38.75474  -63.72258  -0.000029   1015.988   1016.000    35.0219    27.6957  306.88775  307.56710     4.9738    1487.91    1487.91      1.300    161.448         18 0.0000e+00
      33165 193.792648   1381.819   1027.272     5.0594     5.0592    -0.0001   3.398643   3.398561       0.64          1   38.75474  -63.72258  -0.000085   1016.998   1017.000    35.0218    27.6958  306.89858  307.57812     4.9723    1487.92    1487.92      1.532    161.453         16 0.0000e+00
      33180 193.792656   1382.447   1028.285     5.0573     5.0570    -0.0004   3.398477   3.398333      36.51          1   38.75474  -63.72256  -0.000079   1018.008   1018.000    35.0214    27.6958  306.91390  307.59370     4.9701    1487.93    1487.93      1.473    161.459         15 0.0000e+00
      33199 193.792665   1383.271   1029.297     5.0541     5.0528    -0.0013   3.398216   3.397995       4.77          1   38.75473  -63.72255  -0.000208   1019.018   1019.000    35.0213    27.6961  306.93762  307.61783     4.9668    1487.93    1487.93      0.950    161.464         28 0.0000e+00
      33254 193.792691   1385.544   1030.310     5.0506     5.0503    -0.0003   3.397922   3.397789      32.67          1   38.75472  -63.72253  -0.000123   1019.993   1020.000    35.0211    27.6963  306.96345  307.64411     4.9633    1487.93    1487.93      0.358    161.469         61 0.0000e+00
      33289 193.792708   1386.989   1031.322     5.0484     5.0471    -0.0013   3.397767   3.397478       5.84          1   38.75470  -63.72252  -0.000212   1020.990   1021.000    35.0211    27.6966  306.97956  307.66052     4.9610    1487.94    1487.93      1.077    161.474         23 0.0000e+00
      33308 193.792717   1387.783   1032.335     5.0465     5.0359    -0.0106   3.397473   3.396454      11.53          1   38.75470  -63.72250  -0.000935   1021.993   1022.000    35.0192    27.6953  306.99758  307.67874     4.9590    1487.95    1487.91      1.417    161.480         16 0.0000e+00
      33323 193.792725   1388.433   1033.348     5.0365     5.0270    -0.0096   3.396484   3.395614      29.50          1   38.75470  -63.72250  -0.000739   1022.998   1023.000    35.0177    27.6953  307.07324  307.75566     4.9490    1487.92    1487.89      1.574    161.485         15 0.0000e+00
      33338 193.792732   1389.056   1034.360     5.0269     5.0202    -0.0067   3.395584   3.395045      38.36          1   38.75470  -63.72250  -0.000431   1024.008   1024.000    35.0168    27.6957  307.14481  307.82848     4.9394    1487.90    1487.88      1.455    161.490         16 0.0000e+00
      33381 193.792753   1390.833   1035.373     5.0086     5.0044    -0.0042   3.394058   3.393696      25.37          1   38.75469  -63.72247  -0.000328   1025.005   1025.000    35.0179    27.6987  307.27532  307.96143     4.9212    1487.84    1487.83      0.457    161.496         77 0.0000e+00
      33436 193.792779   1393.132   1036.386     4.9996     4.9997     0.0001   3.393362   3.393307      -0.17          1   38.75468  -63.72245  -0.000042   1025.987   1026.000    35.0187    27.7004  307.33875  308.02607     4.9121    1487.83    1487.83      1.126    161.502         22 0.0000e+00
      33453 193.792788   1393.849   1037.398     4.9973     4.9958    -0.0015   3.393203   3.393001      40.84          1   38.75468  -63.72244  -0.000181   1026.991   1027.000    35.0188    27.7007  307.35518  308.04280     4.9098    1487.83    1487.83      1.496    161.507         15 0.0000e+00
      33468 193.792795   1394.462   1038.411     4.9944     4.9926    -0.0017   3.392974   3.392725       0.41          1   38.75466  -63.72244  -0.000201   1028.000   1028.000    35.0187    27.7010  307.37681  308.06483     4.9068    1487.84    1487.83      1.621    161.512         15 0.0000e+00
      33483 193.792802   1395.075   1039.423     4.9909     4.9888    -0.0021   3.392627   3.392432       0.69          1   38.75466  -63.72244  -0.000179   1029.014   1029.000    35.0178    27.7007  307.40394  308.09239     4.9032    1487.84    1487.83      1.474    161.517         15 0.0000e+00
      33504 193.792812   1395.972   1040.436     4.9864     4.9849    -0.0016   3.392271   3.392080       0.67          1   38.75466  -63.72243  -0.000159   1030.015   1030.000    35.0179    27.7013  307.43631  308.12535     4.8987    1487.84    1487.83      0.898    161.523         32 0.0000e+00
      33551 193.792835   1397.920   1041.449     4.9777     4.9773    -0.0004   3.391519   3.391421      12.79          1   38.75465  -63.72240  -0.000087   1030.997   1031.000    35.0178    27.7023  307.49985  308.19005     4.8899    1487.82    1487.82      0.462    161.528         52 0.0000e+00
      33590 193.792853   1399.538   1042.461     4.9737     4.9739     0.0001   3.391199   3.391153       0.15          1   38.75464  -63.72239  -0.000043   1031.995   1032.000    35.0178    27.7027  307.52889  308.21961     4.8859    1487.82    1487.82      0.858    161.533         28 0.0000e+00
      33615 193.792865   1400.565   1043.474     4.9715     4.9726     0.0011   3.391080   3.391081       0.54          1   38.75464  -63.72238  -0.000004   1032.998   1033.000    35.0182    27.7033  307.54382  308.23484     4.8836    1487.83    1487.83      1.040    161.538         24 0.0000e+00
      33637 193.792876   1401.487   1044.487     4.9708     4.9724     0.0015   3.391079   3.391122       0.72          1   38.75464  -63.72238   0.000034   1033.996   1034.000    35.0184    27.7035  307.54843  308.23955     4.8828    1487.84    1487.85      1.200    161.543         20 0.0000e+00
      33655 193.792885   1402.266   1045.499     4.9707     4.9723     0.0016   3.391122   3.391179      36.70          1   38.75464  -63.72237   0.000047   1034.994   1035.000    35.0186    27.7037  307.54915  308.24030     4.8826    1487.86    1487.86      1.375    161.549         17 0.0000e+00
      33672 193.792893   1402.961   1046.512     4.9707     4.9724     0.0017   3.391194   3.391277       0.35          1   38.75464  -63.72236   0.000061   1036.009   1036.000    35.0189    27.7040  307.54848  308.23963     4.8825    1487.88    1487.88      1.296    161.554         17 0.0000e+00
      33729 193.792921   1405.345   1047.525     4.9719     4.9745     0.0026   3.391447   3.391605      35.13          1   38.75462  -63.72233   0.000145   1036.999   1037.000    35.0201    27.7048  307.53710  308.22813     4.8836    1487.90    1487.91      0.237    161.560         86 0.0000e+00
      33774 193.792942   1407.216   1048.537     4.9737     4.9757     0.0019   3.391753   3.391789      95.20          1   38.75461  -63.72232   0.000023   1037.989   1038.000    35.0212    27.7054  307.52114  308.21196     4.8853    1487.92    1487.93      1.475    161.566         16 0.0000e+00
      33789 193.792949   1407.824   1049.550     4.9739     4.9767     0.0028   3.391781   3.391983      -1.37          1   38.75460  -63.72232   0.000170   1038.983   1039.000    35.0208    27.7052  307.52077  308.21156     4.8854    1487.94    1487.95      1.854    161.571         12 0.0000e+00
      33801 193.792955   1408.315   1050.563     4.9746     4.9779     0.0033   3.391950   3.392219       0.80          1   38.75460  -63.72231   0.000191   1040.001   1040.000    35.0215    27.7056  307.51397  308.20468     4.8860    1487.96    1487.98      1.931    161.576         12 0.0000e+00
      33813 193.792961   1408.821   1051.575     4.9757     4.9829     0.0071   3.392195   3.392813       0.72          1   38.75460  -63.72230   0.000554   1041.028   1041.000    35.0227    27.7064  307.50317  308.19376     4.8870    1487.99    1488.02      1.602    161.582         14 0.0000e+00
      33853 193.792980   1410.510   1052.588     4.9813     4.9834     0.0020   3.392858   3.392911       0.63          1   38.75460  -63.72228   0.000053   1042.003   1042.000    35.0240    27.7068  307.45950  308.14940     4.8925    1488.03    1488.03      0.407    161.587         62 0.0000e+00
      33896 193.793001   1412.278   1053.601     4.9821     4.9839     0.0018   3.392995   3.393020      45.53          1   38.75459  -63.72227   0.000038   1042.993   1043.000    35.0242    27.7070  307.45333  308.14313     4.8932    1488.05    1488.05      1.063    161.592         24 0.0000e+00
      33915 193.793010   1413.090   1054.613     4.9814     4.9793    -0.0021   3.392882   3.392597      43.26          1   38.75458  -63.72225  -0.000243   1043.997   1044.000    35.0231    27.7062  307.46067  308.15052     4.8924    1488.06    1488.05      1.315    161.597         17 0.0000e+00
      33933 193.793019   1413.814   1055.626     4.9773     4.9756    -0.0017   3.392498   3.392272       0.41          1   38.75458  -63.72224  -0.000185   1045.001   1045.000    35.0225    27.7061  307.49207  308.18246     4.8882    1488.06    1488.05      1.361    161.603         18 0.0000e+00
      33951 193.793028   1414.581   1056.639     4.9735     4.9729    -0.0007   3.392194   3.392087       0.49          1   38.75458  -63.72224  -0.000085   1046.011   1046.000    35.0224    27.7066  307.51965  308.21053     4.8844    1488.06    1488.06      1.166    161.608         20 0.0000e+00
      33985 193.793044   1415.984   1057.652     4.9705     4.9715     0.0010   3.392020   3.392040      19.81          1   38.75456  -63.72222   0.000019   1047.007   1047.000    35.0231    27.7074  307.53998  308.23127     4.8813    1488.07    1488.07      0.574    161.613         55 0.0000e+00
      34037 193.793069   1418.155   1058.664     4.9702     4.9718     0.0015   3.392081   3.392125      50.05          1   38.75456  -63.72220   0.000029   1047.989   1048.000    35.0236    27.7079  307.54107  308.23242     4.8809    1488.08    1488.09      0.757    161.618         33 0.0000e+00
      34059 193.793080   1419.098   1059.677     4.9703     4.9725     0.0022   3.392148   3.392264      11.96          1   38.75456  -63.72220   0.000107   1048.992   1049.000    35.0237    27.7080  307.53996  308.23131     4.8809    1488.10    1488.11      1.233    161.623         19 0.0000e+00
      34077 193.793088   1419.827   1060.690     4.9711     4.9741     0.0030   3.392327   3.392508       0.81          1   38.75456  -63.72220   0.000148   1050.000   1050.000    35.0245    27.7085  307.53249  308.22375     4.8816    1488.12    1488.13      1.389    161.628         17 0.0000e+00
      34094 193.793097   1420.547   1061.703     4.9729     4.9765     0.0036   3.392588   3.392819      33.35          1   38.75454  -63.72218   0.000199   1051.009   1051.000    35.0251    27.7088  307.51795  308.20899     4.8833    1488.15    1488.16      1.261    161.634         18 0.0000e+00
      34119 193.793108   1421.568   1062.715     4.9754     4.9776     0.0022   3.392878   3.392967      19.62          1   38.75454  -63.72217   0.000085   1052.008   1052.000    35.0253    27.7087  307.49926  308.18998     4.8857    1488.17    1488.18      0.836    161.639         33 0.0000e+00
      34154 193.793125   1423.022   1063.728     4.9756     4.9769     0.0014   3.392928   3.392966      47.36          1   38.75454  -63.72215   0.000041   1052.997   1053.000    35.0253    27.7086  307.49836  308.18905     4.8858    1488.19    1488.19      0.740    161.644         32 0.0000e+00
      34182 193.793139   1424.226   1064.741     4.9750     4.9756     0.0006   3.392926   3.392875      33.46          1   38.75453  -63.72214  -0.000047   1053.999   1054.000    35.0253    27.7088  307.50243  308.19321     4.8851    1488.20    1488.21      0.896    161.649         27 0.0000e+00
      34209 193.793152   1425.333   1065.754     4.9737     4.9746     0.0010   3.392841   3.392838      56.44          1   38.75452  -63.72213   0.000005   1055.003   1055.000    35.0252    27.7089  307.51227  308.20321     4.8837    1488.22    1488.22      0.889    161.654         27 0.0000e+00
      34238 193.793166   1426.547   1066.766     4.9725     4.9737     0.0012   3.392788   3.392803      11.35          1   38.75452  -63.72212   0.000016   1056.003   1056.000    35.0254    27.7091  307.52060  308.21170     4.8824    1488.23    1488.23      0.779    161.660         32 0.0000e+00
