ctd/proc/EN719_CTD02_avg.cnv
* Sea-Bird SBE 9 Data File:
* FileName = D:\ctd\raw\EN719_CTD02.hdr
* Software Version Seasave V 7.26.7.121
* Temperature SN = 4333
* Conductivity SN = 0864
* Number of Bytes Per Scan = 37
* Number of Voltage Words = 4
* Number of Scans Averaged by the Deck Unit = 1
* NMEA Latitude = 38 45.76 N
* NMEA Longitude = 063 44.17 W
* NMEA UTC (Time) = Jul 11 2024  18:38:19
* NMEA baud rate = 4800
** Ship: R/V Endeavor
** Cruise: EN719
** Principal Investigator: Chad Smith
** Chief Scientist: Chad Smith
** Project: NESMA24
** Cruise Start Date: 7 July 2024
** Ports: GSO, Narragansett RI to GSO, Narragansett RI
** Station:  CTD_02
** Bottom Depth: 4516
** Operator:  LGB
# nquan = 27
# nvalues = 1588                        
# units = specified
# name 0 = scan: Scan Count
# name 1 = timeJ: Julian Days
# name 2 = timeS: Time, Elapsed [seconds]
# name 3 = prDM: Pressure, Digiquartz [db]
# name 4 = t090C: Temperature [ITS-90, deg C]
# name 5 = t190C: Temperature, 2 [ITS-90, deg C]
# name 6 = T2-T190C: Temperature Difference, 2 - 1 [ITS-90, deg C]
# name 7 = c0S/m: Conductivity [S/m]
# name 8 = c1S/m: Conductivity, 2 [S/m]
# name 9 = altM: Altimeter [m]
# name 10 = pumps: Pump Status
# name 11 = latitude: Latitude [deg]
# name 12 = longitude: Longitude [deg]
# name 13 = C2-C1S/m: Conductivity Difference, 2 - 1 [S/m]
# name 14 = depSM: Depth [salt water, m]
# name 15 = depSM: Depth [salt water, m], lat = 38.7627
# name 16 = sal00: Salinity, Practical [PSU]
# name 17 = sigma-é00: Density [sigma-theta, kg/m^3]
# name 18 = oxsolMm/Kg: Oxygen Saturation, Garcia & Gordon [umol/kg]
# name 19 = oxsatMm/Kg: Oxygen Saturation, Weiss [umol/kg]
# name 20 = potemp090C: Potential Temperature [ITS-90, deg C]
# name 21 = svCM: Sound Velocity [Chen-Millero, m/s]
# name 22 = svCM1: Sound Velocity, 2 [Chen-Millero, m/s]
# name 23 = dz/dtM: Descent Rate [m/s], WS = 2
# name 24 = gpa: Geopotential Anomaly [J/kg]
# name 25 = nbin: number of scans per bin
# name 26 = flag: flag
# span 0 =        326,      63034       
# span 1 = 191.043003, 196.697855       
# span 2 =     13.548,   2626.395       
# span 3 =     13.099,   2024.970       
# span 4 =     3.7597,    26.0666       
# span 5 =     3.7605,    26.0676       
# span 6 =    -4.2970,     0.0446       
# span 7 =   3.166529,   5.795858       
# span 8 =   3.317258,   5.656762       
# span 9 =     -10.52,     100.26       
# span 10 =          1,          1      
# span 11 =   38.21572,   39.34690      
# span 12 =  -64.69685,  -62.83688      
# span 13 =  -2.333861,   0.295294      
# span 14 =     12.122,   2000.026      
# span 15 =     13.000,   2000.000      
# span 16 =    28.0656,    90.2365      
# span 17 =    20.0352,    87.6064      
# span 18 =   89.34927,  316.71452      
# span 19 =  199.22810,  317.57300      
# span 20 =     3.5945,    26.0621      
# span 21 =    1470.17,    1630.75      
# span 22 =    1487.45,    1561.07      
# span 23 =     -2.145,    270.942      
# span 24 =      0.058,    170.218      
# span 25 =          1,        343      
# span 26 = 0.0000e+00, 0.0000e+00      
# interval = meters: 1                  
# start_time = Jul 11 2024 18:38:23 [System UTC, header]
# bad_flag = -9.990e-29
*END*
[from data line 1396]
      56083 193.803701   2336.768   1830.751     3.8440     3.8446     0.0006   3.318157   3.318258       3.05          1   38.74995  -63.71305   0.000100   1808.996   1809.000    34.9657    27.7904  316.06512  316.91133     3.6950    1496.23    1496.23      0.332    165.359         65 0.0000e+00
      56122 193.803720   2338.387   1831.767     3.8439     3.8449     0.0010   3.318196   3.318330       0.40          1   38.74994  -63.71304   0.000130   1809.995   1810.000    34.9657    27.7904  316.06551  316.91173     3.6948    1496.24    1496.25      1.013    165.364         24 0.0000e+00
      56143 193.803730   2339.240   1832.783     3.8439     3.8443     0.0004   3.318235   3.318327      33.51          1   38.74994  -63.71304   0.000091   1810.996   1811.000    34.9657    27.7904  316.06557  316.91179     3.6947    1496.26    1496.26      1.260    165.369         19 0.0000e+00
      56161 193.803738   2339.992   1833.800     3.8434     3.8441     0.0007   3.318226   3.318345       0.22          1   38.74994  -63.71303   0.000115   1812.006   1812.000    34.9657    27.7904  316.06962  316.91591     3.6941    1496.27    1496.28      1.293    165.374         18 0.0000e+00
      56182 193.803749   2340.873   1834.816     3.8428     3.8428     0.0000   3.318206   3.318262       0.57          1   38.74993  -63.71301   0.000066   1813.016   1813.000    34.9655    27.7904  316.07428  316.92065     3.6935    1496.29    1496.29      0.902    165.379         28 0.0000e+00
      56246 193.803779   2343.525   1835.833     3.8408     3.8410     0.0002   3.318063   3.318136       1.64          1   38.74991  -63.71298   0.000070   1813.992   1814.000    34.9655    27.7906  316.08998  316.93665     3.6913    1496.30    1496.30      0.259    165.384         68 0.0000e+00
      56276 193.803794   2344.811   1836.849     3.8405     3.8416     0.0011   3.318074   3.318229      28.47          1   38.74990  -63.71298   0.000152   1814.991   1815.000    34.9655    27.7906  316.09241  316.93913     3.6910    1496.31    1496.32      1.243    165.388         20 0.0000e+00
      56293 193.803802   2345.505   1837.866     3.8405     3.8415     0.0010   3.318121   3.318268       0.55          1   38.74990  -63.71298   0.000144   1815.995   1816.000    34.9656    27.7907  316.09221  316.93892     3.6909    1496.33    1496.34      1.531    165.393         15 0.0000e+00
      56308 193.803809   2346.118   1838.882     3.8406     3.8412     0.0006   3.318182   3.318284      78.65          1   38.74990  -63.71297   0.000096   1817.007   1817.000    34.9657    27.7907  316.09093  316.93763     3.6909    1496.35    1496.35      1.538    165.398         15 0.0000e+00
      56326 193.803818   2346.869   1839.898     3.8403     3.8409     0.0006   3.318185   3.318293      21.29          1   38.74989  -63.71296   0.000108   1818.026   1818.000    34.9655    27.7907  316.09349  316.94022     3.6905    1496.36    1496.37      0.995    165.403         25 0.0000e+00
      56394 193.803851   2349.700   1840.915     3.8397     3.8404     0.0007   3.318179   3.318284       6.39          1   38.74988  -63.71294   0.000103   1818.991   1819.000    34.9656    27.7909  316.09823  316.94507     3.6898    1496.38    1496.38      0.633    165.408         34 0.0000e+00
      56417 193.803862   2350.648   1841.931     3.8395     3.8400     0.0005   3.318186   3.318289       0.67          1   38.74988  -63.71292   0.000105   1820.001   1820.000    34.9654    27.7907  316.09998  316.94683     3.6895    1496.39    1496.40      1.237    165.413         19 0.0000e+00
      56436 193.803871   2351.456   1842.948     3.8391     3.8398     0.0008   3.318188   3.318312       0.53          1   38.74986  -63.71292   0.000119   1821.006   1821.000    34.9654    27.7907  316.10328  316.95020     3.6890    1496.41    1496.41      1.199    165.418         21 0.0000e+00
      56457 193.803881   2352.345   1843.964     3.8390     3.8398     0.0009   3.318223   3.318349       0.58          1   38.74986  -63.71290   0.000123   1822.004   1822.000    34.9654    27.7908  316.10393  316.95085     3.6888    1496.43    1496.43      1.100    165.423         22 0.0000e+00
      56481 193.803893   2353.315   1844.981     3.8390     3.8397     0.0007   3.318270   3.318380      23.64          1   38.74986  -63.71290   0.000106   1823.007   1823.000    34.9654    27.7908  316.10351  316.95043     3.6888    1496.44    1496.45      0.962    165.428         25 0.0000e+00
      56515 193.803909   2354.758   1845.997     3.8390     3.8395     0.0005   3.318303   3.318405       2.13          1   38.74986  -63.71288   0.000101   1824.005   1824.000    34.9654    27.7908  316.10396  316.95088     3.6886    1496.46    1496.46      0.579    165.433         48 0.0000e+00
      56558 193.803930   2356.526   1847.014     3.8389     3.8394     0.0004   3.318341   3.318432       0.57          1   38.74984  -63.71286   0.000091   1824.992   1825.000    34.9654    27.7908  316.10425  316.95117     3.6885    1496.48    1496.48      0.839    165.438         29 0.0000e+00
      56581 193.803941   2357.499   1848.030     3.8384     3.8388     0.0004   3.318310   3.318422      29.14          1   38.74984  -63.71286   0.000113   1826.002   1826.000    34.9651    27.7906  316.10922  316.95622     3.6878    1496.49    1496.49      1.079    165.443         21 0.0000e+00
      56604 193.803952   2358.442   1849.047     3.8378     3.8382     0.0005   3.318306   3.318415      48.40          1   38.74984  -63.71286   0.000108   1827.006   1827.000    34.9652    27.7908  316.11361  316.96071     3.6871    1496.51    1496.51      0.997    165.448         25 0.0000e+00
      56631 193.803965   2359.577   1850.063     3.8373     3.8379     0.0006   3.318321   3.318427      21.93          1   38.74984  -63.71284   0.000106   1828.003   1828.000    34.9654    27.7909  316.11658  316.96374     3.6866    1496.52    1496.52      0.853    165.452         29 0.0000e+00
      56660 193.803979   2360.801   1851.080     3.8371     3.8376     0.0005   3.318334   3.318430       0.78          1   38.74982  -63.71283   0.000095   1829.004   1829.000    34.9653    27.7909  316.11856  316.96576     3.6863    1496.54    1496.54      0.795    165.457         30 0.0000e+00
      56694 193.803996   2362.210   1852.096     3.8370     3.8372     0.0003   3.318361   3.318439      31.76          1   38.74982  -63.71282   0.000078   1830.002   1830.000    34.9653    27.7909  316.11970  316.96691     3.6861    1496.55    1496.55      0.687    165.462         37 0.0000e+00
      56728 193.804012   2363.609   1853.113     3.8367     3.8371     0.0004   3.318378   3.318479      -0.44          1   38.74982  -63.71280   0.000097   1830.995   1831.000    34.9652    27.7910  316.12179  316.96904     3.6857    1496.57    1496.57      0.879    165.467         28 0.0000e+00
      56751 193.804023   2364.603   1854.129     3.8363     3.8368     0.0006   3.318375   3.318480       0.67          1   38.74980  -63.71280   0.000107   1832.001   1832.000    34.9652    27.7909  316.12521  316.97252     3.6852    1496.59    1496.59      1.067    165.472         22 0.0000e+00
      56774 193.804034   2365.560   1855.146     3.8358     3.8363     0.0005   3.318374   3.318472       0.64          1   38.74980  -63.71278   0.000098   1833.008   1833.000    34.9652    27.7910  316.12871  316.97609     3.6846    1496.60    1496.60      0.950    165.477         25 0.0000e+00
      56805 193.804049   2366.854   1856.162     3.8353     3.8352    -0.0002   3.318374   3.318413      18.11          1   38.74980  -63.71278   0.000042   1834.002   1834.000    34.9652    27.7911  316.13227  316.97972     3.6841    1496.61    1496.61      0.737    165.482         35 0.0000e+00
      56837 193.804064   2368.148   1857.179     3.8350     3.8350    -0.0001   3.318388   3.318448       0.12          1   38.74979  -63.71277   0.000056   1834.998   1835.000    34.9652    27.7911  316.13482  316.98232     3.6836    1496.63    1496.63      0.918    165.486         26 0.0000e+00
      56861 193.804076   2369.154   1858.195     3.8343     3.8347     0.0004   3.318360   3.318465      24.15          1   38.74978  -63.71276   0.000107   1836.005   1836.000    34.9651    27.7911  316.14013  316.98772     3.6829    1496.64    1496.65      0.965    165.491         25 0.0000e+00
      56891 193.804090   2370.406   1859.212     3.8340     3.8345     0.0005   3.318379   3.318483      46.56          1   38.74978  -63.71275   0.000101   1837.007   1837.000    34.9652    27.7912  316.14262  316.99027     3.6824    1496.66    1496.66      0.680    165.496         38 0.0000e+00
      56932 193.804110   2372.135   1860.228     3.8339     3.8341     0.0002   3.318418   3.318485      15.26          1   38.74977  -63.71273   0.000068   1837.997   1838.000    34.9652    27.7913  316.14291  316.99057     3.6823    1496.68    1496.68      0.668    165.501         37 0.0000e+00
      56961 193.804124   2373.334   1861.245     3.8336     3.8343     0.0008   3.318419   3.318547      -0.10          1   38.74976  -63.71272   0.000121   1838.993   1839.000    34.9651    27.7912  316.14586  316.99357     3.6819    1496.69    1496.70      1.062    165.506         23 0.0000e+00
      56981 193.804134   2374.172   1862.261     3.8335     3.8346     0.0011   3.318465   3.318624       0.70          1   38.74976  -63.71271   0.000152   1840.002   1840.000    34.9652    27.7913  316.14600  316.99372     3.6817    1496.71    1496.71      1.218    165.511         19 0.0000e+00
      57001 193.804144   2375.021   1863.278     3.8336     3.8345     0.0009   3.318510   3.318636      25.72          1   38.74976  -63.71270   0.000127   1841.012   1841.000    34.9652    27.7913  316.14539  316.99309     3.6817    1496.73    1496.73      1.035    165.516         23 0.0000e+00
      57035 193.804160   2376.427   1864.294     3.8336     3.8337     0.0001   3.318546   3.318605      27.86          1   38.74975  -63.71270   0.000064   1842.003   1842.000    34.9651    27.7913  316.14571  316.99341     3.6816    1496.74    1496.75      0.619    165.521         44 0.0000e+00
      57072 193.804178   2377.961   1865.311     3.8333     3.8328    -0.0005   3.318544   3.318583      23.01          1   38.74974  -63.71268   0.000036   1842.996   1843.000    34.9649    27.7911  316.14823  316.99596     3.6812    1496.76    1496.76      0.878    165.525         27 0.0000e+00
      57096 193.804189   2378.969   1866.328     3.8322     3.8325     0.0003   3.318504   3.318600       0.90          1   38.74974  -63.71268   0.000097   1844.003   1844.000    34.9651    27.7914  316.15625  317.00415     3.6800    1496.77    1496.77      0.984    165.530         24 0.0000e+00
      57123 193.804202   2380.080   1867.344     3.8313     3.8313     0.0000   3.318445   3.318528       0.57          1   38.74973  -63.71267   0.000089   1845.005   1845.000    34.9649    27.7914  316.16384  317.01187     3.6790    1496.78    1496.79      0.854    165.535         30 0.0000e+00
      57152 193.804217   2381.307   1868.361     3.8305     3.8305    -0.0000   3.318430   3.318498      21.96          1   38.74972  -63.71266   0.000072   1846.000   1846.000    34.9650    27.7915  316.16920  317.01734     3.6782    1496.80    1496.80      0.855    165.540         28 0.0000e+00
      57182 193.804231   2382.540   1869.377     3.8299     3.8302     0.0003   3.318409   3.318496      18.44          1   38.74972  -63.71264   0.000087   1847.007   1847.000    34.9650    27.7916  316.17435  317.02260     3.6774    1496.81    1496.82      0.721    165.545         34 0.0000e+00
      57220 193.804249   2384.113   1870.394     3.8295     3.8293    -0.0002   3.318425   3.318457      36.92          1   38.74971  -63.71263   0.000033   1847.994   1848.000    34.9651    27.7917  316.17717  317.02548     3.6769    1496.83    1496.83      0.743    165.550         34 0.0000e+00
      57246 193.804262   2385.207   1871.410     3.8286     3.8282    -0.0004   3.318359   3.318392      63.42          1   38.74970  -63.71262   0.000047   1849.000   1849.000    34.9647    27.7915  316.18446  317.03288     3.6760    1496.84    1496.84      1.036    165.555         23 0.0000e+00
      57268 193.804272   2386.141   1872.427     3.8264     3.8249    -0.0015   3.318174   3.318121      16.95          1   38.74970  -63.71261  -0.000024   1850.004   1850.000    34.9644    27.7915  316.20215  317.05087     3.6737    1496.85    1496.84      1.070    165.560         22 0.0000e+00
      57292 193.804284   2387.119   1873.444     3.8235     3.8228    -0.0007   3.317978   3.317981      24.20          1   38.74970  -63.71260   0.000010   1851.005   1851.000    34.9647    27.7920  316.22389  317.07306     3.6707    1496.85    1496.85      0.984    165.564         25 0.0000e+00
      57321 193.804298   2388.344   1874.460     3.8219     3.8200    -0.0019   3.317861   3.317756      31.58          1   38.74969  -63.71259  -0.000090   1852.008   1852.000    34.9645    27.7921  316.23661  317.08601     3.6691    1496.87    1496.86      0.681    165.569         38 0.0000e+00
      57365 193.804319   2390.171   1875.477     3.8203     3.8181    -0.0022   3.317786   3.317630      49.15          1   38.74968  -63.71258  -0.000150   1852.993   1853.000    34.9648    27.7924  316.24775  317.09737     3.6674    1496.87    1496.87      0.663    165.574         38 0.0000e+00
      57392 193.804332   2391.282   1876.493     3.8178     3.8174    -0.0004   3.317536   3.317616      27.44          1   38.74968  -63.71256   0.000075   1853.998   1854.000    34.9640    27.7921  316.26892  317.11889     3.6649    1496.88    1496.88      1.058    165.579         22 0.0000e+00
      57414 193.804343   2392.201   1877.510     3.8167     3.8173     0.0006   3.317534   3.317643       1.34          1   38.74967  -63.71256   0.000104   1855.011   1855.000    34.9646    27.7927  316.27578  317.12594     3.6637    1496.89    1496.90      0.979    165.584         24 0.0000e+00
      57447 193.804358   2393.573   1878.527     3.8165     3.8170     0.0004   3.317560   3.317652      15.10          1   38.74966  -63.71254   0.000090   1856.003   1856.000    34.9646    27.7927  316.27704  317.12722     3.6634    1496.91    1496.91      0.653    165.589         41 0.0000e+00
      57482 193.804375   2395.031   1879.543     3.8166     3.8168     0.0002   3.317605   3.317689      23.84          1   38.74966  -63.71253   0.000076   1856.995   1857.000    34.9646    27.7927  316.27656  317.12673     3.6634    1496.93    1496.93      0.897    165.594         26 0.0000e+00
      57506 193.804387   2396.021   1880.560     3.8161     3.8169     0.0008   3.317607   3.317732      50.42          1   38.74965  -63.71252   0.000121   1858.006   1858.000    34.9647    27.7928  316.28041  317.13066     3.6628    1496.94    1496.95      0.996    165.599         24 0.0000e+00
      57532 193.804400   2397.127   1881.577     3.8160     3.8168     0.0008   3.317643   3.317772       1.54          1   38.74964  -63.71251   0.000128   1859.003   1859.000    34.9647    27.7928  316.28079  317.13104     3.6626    1496.96    1496.96      0.870    165.603         30 0.0000e+00
      57560 193.804413   2398.288   1882.593     3.8159     3.8154    -0.0005   3.317649   3.317681      26.28          1   38.74964  -63.71250   0.000038   1859.995   1860.000    34.9645    27.7927  316.28266  317.13293     3.6624    1496.98    1496.97      1.005    165.608         24 0.0000e+00
      57581 193.804423   2399.186   1883.610     3.8145     3.8149     0.0004   3.317574   3.317683      30.39          1   38.74964  -63.71250   0.000106   1861.004   1861.000    34.9645    27.7928  316.29278  317.14325     3.6609    1496.99    1496.99      1.099    165.613         20 0.0000e+00
