ctd/proc/EN719_CTD09_avg.cnv
* Sea-Bird SBE 9 Data File:
* FileName = D:\ctd\raw\EN719_CTD09.hdr
* Software Version Seasave V 7.26.7.121
* Temperature SN = 4333
* Conductivity SN = 0864
* Number of Bytes Per Scan = 37
* Number of Voltage Words = 4
* Number of Scans Averaged by the Deck Unit = 1
* NMEA Latitude = 39 10.21 N
* NMEA Longitude = 063 36.93 W
* NMEA UTC (Time) = Jul 23 2024  00:01:35
* NMEA baud rate = 4800
** Ship: R/V Endeavor
** Cruise: EN719
** Principal Investigator: Chad Smith
** Chief Scientist: Chad Smith
** Project: NESMA24
** Cruise Start Date: 7 July 2024
** Ports: GSO, Narragansett RI to GSO, Narragansett RI
** Station:  CTD09
** Bottom Depth: 4956
** Operator:  JA
# nquan = 27
# nvalues = 1994                        
# units = specified
# name 0 = scan: Scan Count
# name 1 = timeJ: Julian Days
# name 2 = timeS: Time, Elapsed [seconds]
# name 3 = prDM: Pressure, Digiquartz [db]
# name 4 = t090C: Temperature [ITS-90, deg C]
# name 5 = t190C: Temperature, 2 [ITS-90, deg C]
# name 6 = T2-T190C: Temperature Difference, 2 - 1 [ITS-90, deg C]
# name 7 = c0S/m: Conductivity [S/m]
# name 8 = c1S/m: Conductivity, 2 [S/m]
# name 9 = altM: Altimeter [m]
# name 10 = pumps: Pump Status
# name 11 = latitude: Latitude [deg]
# name 12 = longitude: Longitude [deg]
# name 13 = C2-C1S/m: Conductivity Difference, 2 - 1 [S/m]
# name 14 = depSM: Depth [salt water, m]
# name 15 = depSM: Depth [salt water, m], lat = 39.1702
# name 16 = sal00: Salinity, Practical [PSU]
# name 17 = sigma-é00: Density [sigma-theta, kg/m^3]
# name 18 = oxsolMm/Kg: Oxygen Saturation, Garcia & Gordon [umol/kg]
# name 19 = oxsatMm/Kg: Oxygen Saturation, Weiss [umol/kg]
# name 20 = potemp090C: Potential Temperature [ITS-90, deg C]
# name 21 = svCM: Sound Velocity [Chen-Millero, m/s]
# name 22 = svCM1: Sound Velocity, 2 [Chen-Millero, m/s]
# name 23 = dz/dtM: Descent Rate [m/s], WS = 2
# name 24 = gpa: Geopotential Anomaly [J/kg]
# name 25 = nbin: number of scans per bin
# name 26 = flag: flag
# span 0 =       -940,      56822       
# span 1 = 205.000681, 205.028536       
# span 2 =    -39.190,   2367.543       
# span 3 =      7.053,   2025.045       
# span 4 =     3.5274,    22.6172       
# span 5 =     3.5281,    22.6396       
# span 6 =    -0.0861,     0.0651       
# span 7 =   3.296305,   4.697410       
# span 8 =   3.296423,   4.695050       
# span 9 =      -3.82,      86.72       
# span 10 =          1,          1      
# span 11 =   39.17009,   39.17312      
# span 12 =  -63.62818,  -63.61526      
# span 13 =  -0.007885,   0.010440      
# span 14 =      6.993,   1999.997      
# span 15 =      7.000,   2000.000      
# span 16 =    32.0428,    35.4406      
# span 17 =    21.8626,    27.8131      
# span 18 =  219.31784,  318.52919      
# span 19 =  218.81328,  319.42181      
# span 20 =     3.3647,    22.6156      
# span 21 =    1475.40,    1525.53      
# span 22 =    1475.40,    1525.51      
# span 23 =     -0.039,      1.578      
# span 24 =     -0.206,     13.593      
# span 25 =         15,        176      
# span 26 = 0.0000e+00, 0.0000e+00      
# interval = meters: 1                  
# start_time = Jul 23 2024 00:01:38 [System UTC, header]
# bad_flag = -9.990e-29
*END*
[from data line 1719]
      48765 205.024651   2031.820   1746.471     3.7640     3.7650     0.0009   3.307311   3.307432      41.00          1   39.17276  -63.62654   0.000122   1725.995   1726.000    34.9626    27.7951  316.68416  317.54197     3.6240    1494.48    1494.48      0.980     12.307         25 0.0000e+00
      48788 205.024662   2032.779   1747.487     3.7635     3.7645     0.0010   3.307297   3.307435       0.17          1   39.17276  -63.62655   0.000141   1726.998   1727.000    34.9625    27.7951  316.68837  317.54625     3.6234    1494.49    1494.50      1.099     12.311         22 0.0000e+00
      48809 205.024672   2033.682   1748.503     3.7630     3.7642     0.0012   3.307305   3.307445       0.49          1   39.17277  -63.62656   0.000137   1728.002   1728.000    34.9626    27.7952  316.69188  317.54984     3.6228    1494.51    1494.51      1.091     12.316         22 0.0000e+00
      48833 205.024684   2034.667   1749.519     3.7630     3.7641     0.0011   3.307341   3.307468       0.46          1   39.17278  -63.62656   0.000123   1729.004   1729.000    34.9626    27.7952  316.69210  317.55007     3.6227    1494.52    1494.53      0.955     12.321         26 0.0000e+00
      48862 205.024697   2035.863   1750.535     3.7631     3.7642     0.0011   3.307412   3.307533       0.55          1   39.17278  -63.62656   0.000118   1730.002   1730.000    34.9628    27.7953  316.69055  317.54850     3.6228    1494.54    1494.54      0.782     12.325         32 0.0000e+00
      48896 205.024714   2037.277   1751.551     3.7630     3.7642     0.0012   3.307438   3.307589      23.90          1   39.17278  -63.62658   0.000150   1730.999   1731.000    34.9628    27.7953  316.69185  317.54982     3.6225    1494.56    1494.56      0.712     12.330         35 0.0000e+00
      48928 205.024729   2038.610   1752.567     3.7626     3.7638     0.0011   3.307445   3.307576      39.57          1   39.17278  -63.62658   0.000130   1731.992   1732.000    34.9628    27.7954  316.69484  317.55287     3.6220    1494.57    1494.58      0.922     12.335         26 0.0000e+00
      48950 205.024740   2039.556   1753.583     3.7626     3.7636     0.0010   3.307486   3.307623      -0.79          1   39.17278  -63.62658   0.000128   1732.993   1733.000    34.9627    27.7954  316.69463  317.55265     3.6220    1494.59    1494.59      1.212     12.339         20 0.0000e+00
      48969 205.024749   2040.320   1754.599     3.7630     3.7640     0.0010   3.307571   3.307708       0.55          1   39.17278  -63.62660   0.000133   1733.998   1734.000    34.9628    27.7954  316.69130  317.54927     3.6223    1494.61    1494.61      1.341     12.344         18 0.0000e+00
      48987 205.024758   2041.068   1755.615     3.7636     3.7644     0.0008   3.307671   3.307798       0.54          1   39.17278  -63.62660   0.000117   1735.006   1735.000    34.9629    27.7954  316.68661  317.54449     3.6228    1494.63    1494.63      1.266     12.349         19 0.0000e+00
      49008 205.024768   2041.965   1756.631     3.7638     3.7649     0.0011   3.307732   3.307870       0.58          1   39.17278  -63.62660   0.000134   1736.006   1736.000    34.9629    27.7954  316.68518  317.54303     3.6229    1494.64    1494.65      1.006     12.353         25 0.0000e+00
      49038 205.024782   2043.189   1757.647     3.7635     3.7645     0.0010   3.307747   3.307871       0.61          1   39.17278  -63.62660   0.000126   1737.002   1737.000    34.9629    27.7954  316.68729  317.54518     3.6225    1494.66    1494.67      0.744     12.358         33 0.0000e+00
      49073 205.024799   2044.663   1758.663     3.7633     3.7643     0.0010   3.307777   3.307906      18.22          1   39.17278  -63.62662   0.000130   1737.998   1738.000    34.9629    27.7955  316.68857  317.54649     3.6222    1494.68    1494.68      0.712     12.363         35 0.0000e+00
      49104 205.024814   2045.944   1759.679     3.7620     3.7629     0.0009   3.307685   3.307812       0.02          1   39.17278  -63.62662   0.000135   1738.993   1739.000    34.9628    27.7956  316.69928  317.55740     3.6208    1494.69    1494.69      0.944     12.368         26 0.0000e+00
      49126 205.024825   2046.890   1760.696     3.7605     3.7615     0.0009   3.307607   3.307730       0.52          1   39.17278  -63.62662   0.000127   1739.998   1740.000    34.9629    27.7958  316.71015  317.56849     3.6193    1494.70    1494.71      1.133     12.372         21 0.0000e+00
      49147 205.024835   2047.758   1761.712     3.7593     3.7601     0.0008   3.307522   3.307644      58.39          1   39.17278  -63.62663   0.000135   1741.001   1741.000    34.9627    27.7958  316.72003  317.57853     3.6180    1494.71    1494.72      1.134     12.377         21 0.0000e+00
      49170 205.024846   2048.699   1762.728     3.7573     3.7583     0.0010   3.307384   3.307510      27.73          1   39.17278  -63.62664   0.000134   1742.002   1742.000    34.9627    27.7960  316.73533  317.59412     3.6159    1494.72    1494.73      1.024     12.382         25 0.0000e+00
      49195 205.024858   2049.754   1763.744     3.7547     3.7558     0.0010   3.307182   3.307313      19.41          1   39.17278  -63.62664   0.000144   1743.000   1743.000    34.9625    27.7961  316.75548  317.61465     3.6132    1494.73    1494.73      0.936     12.386         26 0.0000e+00
      49222 205.024871   2050.866   1764.760     3.7539     3.7550     0.0011   3.307154   3.307287      43.97          1   39.17278  -63.62664   0.000132   1744.001   1744.000    34.9626    27.7963  316.76196  317.62127     3.6123    1494.74    1494.74      0.889     12.391         27 0.0000e+00
      49250 205.024885   2052.058   1765.776     3.7534     3.7543     0.0010   3.307144   3.307268      21.15          1   39.17278  -63.62665   0.000123   1744.999   1745.000    34.9626    27.7963  316.76602  317.62539     3.6117    1494.75    1494.76      0.835     12.396         30 0.0000e+00
      49279 205.024899   2053.261   1766.792     3.7531     3.7541     0.0010   3.307156   3.307286       0.38          1   39.17278  -63.62666   0.000126   1745.997   1746.000    34.9625    27.7962  316.76815  317.62757     3.6114    1494.77    1494.77      0.907     12.400         27 0.0000e+00
      49304 205.024911   2054.303   1767.808     3.7525     3.7537     0.0011   3.307147   3.307270       0.65          1   39.17278  -63.62666   0.000129   1746.996   1747.000    34.9625    27.7963  316.77260  317.63210     3.6107    1494.78    1494.79      1.013     12.405         23 0.0000e+00
      49328 205.024922   2055.291   1768.825     3.7514     3.7525     0.0011   3.307095   3.307214      25.03          1   39.17278  -63.62668   0.000123   1748.003   1748.000    34.9625    27.7965  316.78081  317.64047     3.6095    1494.80    1494.80      1.002     12.410         25 0.0000e+00
      49353 205.024935   2056.341   1769.841     3.7504     3.7516     0.0012   3.307035   3.307168      23.48          1   39.17278  -63.62668   0.000134   1749.001   1749.000    34.9624    27.7965  316.78911  317.64892     3.6084    1494.81    1494.82      0.951     12.415         26 0.0000e+00
      49379 205.024947   2057.411   1770.857     3.7502     3.7514     0.0012   3.307058   3.307191       0.40          1   39.17280  -63.62668   0.000128   1749.997   1750.000    34.9624    27.7965  316.79064  317.65048     3.6081    1494.83    1494.83      0.994     12.419         24 0.0000e+00
      49402 205.024958   2058.380   1771.873     3.7500     3.7511     0.0011   3.307075   3.307209       0.56          1   39.17280  -63.62668   0.000138   1750.999   1751.000    34.9624    27.7965  316.79242  317.65229     3.6078    1494.84    1494.85      1.084     12.424         23 0.0000e+00
      49424 205.024969   2059.295   1772.889     3.7488     3.7497     0.0009   3.306998   3.307123       0.50          1   39.17280  -63.62670   0.000134   1751.998   1752.000    34.9622    27.7965  316.80201  317.66205     3.6065    1494.85    1494.86      1.110     12.429         22 0.0000e+00
      49446 205.024979   2060.216   1773.905     3.7478     3.7488     0.0010   3.306965   3.307097       0.55          1   39.17280  -63.62670   0.000134   1753.003   1753.000    34.9623    27.7967  316.80880  317.66898     3.6055    1494.87    1494.87      1.063     12.433         22 0.0000e+00
      49471 205.024991   2061.230   1774.921     3.7467     3.7478     0.0011   3.306888   3.307005      11.49          1   39.17280  -63.62670   0.000122   1754.004   1754.000    34.9622    27.7967  316.81825  317.67860     3.6043    1494.88    1494.88      0.916     12.438         27 0.0000e+00
      49504 205.025007   2062.639   1775.938     3.7462     3.7471     0.0009   3.306880   3.307005      18.31          1   39.17280  -63.62671   0.000126   1755.003   1755.000    34.9621    27.7967  316.82222  317.68264     3.6037    1494.89    1494.90      0.608     12.443         44 0.0000e+00
      49546 205.025028   2064.381   1776.954     3.7459     3.7468     0.0009   3.306899   3.307024       2.99          1   39.17280  -63.62672   0.000125   1755.991   1756.000    34.9621    27.7968  316.82415  317.68461     3.6033    1494.91    1494.91      0.793     12.447         31 0.0000e+00
      49570 205.025039   2065.376   1777.970     3.7450     3.7459     0.0009   3.306859   3.306984       0.62          1   39.17280  -63.62672   0.000128   1756.993   1757.000    34.9621    27.7969  316.83131  317.69191     3.6023    1494.92    1494.93      1.180     12.452         20 0.0000e+00
      49589 205.025048   2066.154   1778.986     3.7444     3.7452     0.0008   3.306841   3.306975      12.65          1   39.17280  -63.62672   0.000132   1757.997   1758.000    34.9621    27.7969  316.83614  317.69683     3.6016    1494.94    1494.94      1.351     12.457         18 0.0000e+00
      49606 205.025056   2066.879   1780.002     3.7442     3.7449     0.0008   3.306860   3.306991      24.55          1   39.17280  -63.62673   0.000133   1759.001   1759.000    34.9620    27.7969  316.83773  317.69844     3.6013    1494.95    1494.96      1.373     12.461         17 0.0000e+00
      49624 205.025065   2067.637   1781.019     3.7438     3.7448     0.0010   3.306883   3.307017       0.92          1   39.17280  -63.62674   0.000134   1760.006   1760.000    34.9622    27.7970  316.84008  317.70084     3.6009    1494.97    1494.97      1.241     12.466         20 0.0000e+00
      49647 205.025076   2068.578   1782.035     3.7436     3.7446     0.0011   3.306895   3.307028      41.94          1   39.17280  -63.62674   0.000129   1761.008   1761.000    34.9621    27.7970  316.84222  317.70302     3.6005    1494.99    1494.99      0.925     12.471         27 0.0000e+00
      49682 205.025093   2070.043   1783.051     3.7422     3.7430     0.0008   3.306801   3.306915      10.86          1   39.17280  -63.62675   0.000120   1761.999   1762.000    34.9619    27.7970  316.85300  317.71400     3.5991    1495.00    1495.00      0.632     12.476         40 0.0000e+00
      49716 205.025110   2071.474   1784.067     3.7418     3.7424     0.0006   3.306812   3.306899       7.79          1   39.17280  -63.62676   0.000093   1762.994   1763.000    34.9620    27.7971  316.85589  317.71695     3.5986    1495.01    1495.01      0.880     12.480         28 0.0000e+00
      49741 205.025121   2072.497   1785.083     3.7406     3.7418     0.0013   3.306728   3.306871       0.53          1   39.17280  -63.62676   0.000138   1763.999   1764.000    34.9618    27.7971  316.86592  317.72716     3.5973    1495.02    1495.03      1.036     12.485         23 0.0000e+00
      49764 205.025133   2073.452   1786.100     3.7404     3.7420     0.0016   3.306762   3.306931       0.59          1   39.17282  -63.62676   0.000160   1765.000   1765.000    34.9618    27.7971  316.86668  317.72793     3.5971    1495.04    1495.05      1.054     12.490         23 0.0000e+00
      49787 205.025144   2074.430   1787.116     3.7404     3.7420     0.0016   3.306799   3.306964       0.67          1   39.17282  -63.62678   0.000167   1765.998   1766.000    34.9618    27.7971  316.86702  317.72827     3.5969    1495.06    1495.06      1.048     12.494         24 0.0000e+00
      49810 205.025155   2075.380   1788.132     3.7409     3.7421     0.0012   3.306894   3.307050      27.03          1   39.17282  -63.62678   0.000142   1766.999   1767.000    34.9619    27.7972  316.86279  317.72398     3.5974    1495.08    1495.08      1.094     12.499         22 0.0000e+00
      49832 205.025165   2076.293   1789.148     3.7417     3.7428     0.0010   3.307000   3.307143       1.17          1   39.17282  -63.62678   0.000141   1768.001   1768.000    34.9618    27.7970  316.85686  317.71793     3.5981    1495.10    1495.10      1.081     12.504         22 0.0000e+00
      49856 205.025177   2077.298   1790.165     3.7417     3.7430     0.0013   3.307035   3.307174       0.63          1   39.17282  -63.62678   0.000137   1769.005   1769.000    34.9618    27.7970  316.85724  317.71831     3.5979    1495.11    1495.12      0.915     12.509         27 0.0000e+00
      49887 205.025192   2078.567   1791.181     3.7413     3.7423     0.0010   3.307039   3.307170       0.65          1   39.17282  -63.62679   0.000132   1770.000   1770.000    34.9618    27.7971  316.86039  317.72152     3.5974    1495.13    1495.13      0.771     12.513         32 0.0000e+00
      49917 205.025206   2079.829   1792.197     3.7409     3.7419     0.0010   3.307039   3.307156      22.04          1   39.17282  -63.62680   0.000121   1770.996   1771.000    34.9617    27.7971  316.86365  317.72483     3.5969    1495.14    1495.15      0.893     12.518         28 0.0000e+00
      49942 205.025218   2080.872   1793.213     3.7392     3.7403     0.0011   3.306930   3.307059       0.53          1   39.17282  -63.62680   0.000132   1771.998   1772.000    34.9617    27.7973  316.87680  317.73824     3.5951    1495.15    1495.16      1.029     12.523         23 0.0000e+00
      49965 205.025229   2081.826   1794.230     3.7389     3.7399     0.0010   3.306950   3.307080      26.38          1   39.17282  -63.62681   0.000132   1773.001   1773.000    34.9617    27.7973  316.87868  317.74015     3.5948    1495.17    1495.17      1.042     12.527         23 0.0000e+00
      49989 205.025241   2082.852   1795.246     3.7384     3.7396     0.0012   3.306949   3.307081       1.84          1   39.17282  -63.62682   0.000131   1774.003   1774.000    34.9618    27.7974  316.88254  317.74409     3.5942    1495.18    1495.19      0.930     12.532         27 0.0000e+00
      50017 205.025255   2084.006   1796.262     3.7381     3.7393     0.0012   3.306974   3.307112      22.02          1   39.17282  -63.62682   0.000134   1774.999   1775.000    34.9619    27.7975  316.88434  317.74593     3.5938    1495.20    1495.21      0.902     12.537         27 0.0000e+00
      50043 205.025267   2085.073   1797.278     3.7381     3.7393     0.0012   3.307007   3.307143      12.85          1   39.17282  -63.62682   0.000135   1775.996   1776.000    34.9618    27.7974  316.88466  317.74626     3.5937    1495.22    1495.22      1.013     12.542         24 0.0000e+00
      50066 205.025278   2086.031   1798.295     3.7382     3.7394     0.0011   3.307058   3.307198      13.26          1   39.17284  -63.62684   0.000136   1777.000   1777.000    34.9618    27.7975  316.88391  317.74549     3.5937    1495.23    1495.24      1.062     12.546         23 0.0000e+00
