ctd/proc/en717_03.ros
* Sea-Bird SBE 9 Data File:
* FileName = D:\ctd\raw\EN717_03.hdr
* Software Version Seasave V 7.26.7.121
* Temperature SN = 4695
* Conductivity SN = 0618
* Number of Bytes Per Scan = 40
* Number of Voltage Words = 5
* Number of Scans Averaged by the Deck Unit = 1
* NMEA Latitude = 39 25.85 N
* NMEA Longitude = 071 17.74 W
* NMEA UTC (Time) = Jun 08 2024  18:07:13
* NMEA baud rate = 4800
** Ship: R/V Endeavor
** Cruise: EN717
** Principal Investigator: David Smith
** Chief Scientist: David Smith
** Project: RITAS
** Cruise Start Date: 07 June 2024
** Ports: from and to GSO, Narragansett, RI
** Station:  03
** Bottom Depth (m): 2471
** Operator:
# nquan = 25
# nvalues = 1176                                  
# units = specified
# name 0 = scan: Scan Count
# name 1 = timeJ: Julian Days
# name 2 = timeS: Time, Elapsed [seconds]
# name 3 = prDM: Pressure, Digiquartz [db]
# name 4 = t090C: Temperature [ITS-90, deg C]
# name 5 = t190C: Temperature, 2 [ITS-90, deg C]
# name 6 = T2-T190C: Temperature Difference, 2 - 1 [ITS-90, deg C]
# name 7 = c0S/m: Conductivity [S/m]
# name 8 = c1S/m: Conductivity, 2 [S/m]
# name 9 = CStarAt0: Beam Attenuation, WET Labs C-Star [1/m]
# name 10 = CStarTr0: Beam Transmission, WET Labs C-Star [%]
# name 11 = flECO-AFL: Fluorescence, WET Labs ECO-AFL/FL [mg/m^3]
# name 12 = altM: Altimeter [m]
# name 13 = sbeox0V: Oxygen raw, SBE 43 [V]
# name 14 = sbeox1V: Oxygen raw, SBE 43, 2 [V]
# name 15 = par: PAR/Irradiance, Biospherical/Licor [umol photons/m^2/sec]
# name 16 = cpar: CPAR/Corrected Irradiance [%]
# name 17 = spar: SPAR, Biospherical/Licor [umol photons/m^2/sec]
# name 18 = pumps: Pump Status
# name 19 = latitude: Latitude [deg]
# name 20 = longitude: Longitude [deg]
# name 21 = C2-C1S/m: Conductivity Difference, 2 - 1 [S/m]
# name 22 = depSM: Depth [salt water, m]
# name 23 = nbf: Bottles Fired
# name 24 = flag:  0.000e+00
# interval = seconds: 0.0416667
# start_time = Jun 08 2024 18:07:15 [System UTC, header]
# bad_flag = -9.990e-29
*END*
[from data line 638]
     174449 160.839163   7268.667     21.662     7.5481     7.5479    -0.0002   3.317237   3.317204     0.9516    78.8280     2.7842       0.34     3.9134     2.6116 1.0000e-12 4.3818e-14 2.2821e+03          1   39.40840  -71.29574  -0.000033     21.496         14  0.000e+00
     174450 160.839163   7268.708     21.695     7.5481     7.5485     0.0004   3.317247   3.317234     0.9504    78.8517     2.7842       0.34     3.9147     2.6116 1.0000e-12 4.3818e-14 2.2821e+03          1   39.40840  -71.29574  -0.000012     21.529         14  0.000e+00
     174451 160.839164   7268.750     21.720     7.5476     7.5485     0.0009   3.317211   3.317265     0.9504    78.8517     2.7769       0.34     3.9159     2.6129 1.0000e-12 4.3818e-14 2.2821e+03          1   39.40840  -71.29574   0.000054     21.553         14  0.000e+00
     174452 160.839164   7268.792     21.662     7.5473     7.5479     0.0005   3.317217   3.317295     0.9504    78.8517     2.7769       0.34     3.9147     2.6129 1.0000e-12 4.3818e-14 2.2821e+03          1   39.40840  -71.29574   0.000078     21.496         14  0.000e+00
     174453 160.839165   7268.833     21.695     7.5475     7.5451    -0.0024   3.317204   3.317204     0.9492    78.8754     2.7769       0.34     3.9147     2.6129 1.0000e-12 4.3818e-14 2.2821e+03          1   39.40840  -71.29574 -3.748e-07     21.529         14  0.000e+00
     174454 160.839165   7268.875     21.662     7.5476     7.5410    -0.0066   3.317217   3.316931     0.9492    78.8754     2.7769       0.34     3.9171     2.6141 1.0000e-12 4.3854e-14 2.2803e+03          1   39.40840  -71.29574  -0.000286     21.496         14  0.000e+00
     174455 160.839166   7268.917     21.662     7.5479     7.5342    -0.0137   3.317272   3.316416     0.9504    78.8517     2.7842       0.34     3.9159     2.6141 1.0000e-12 4.3854e-14 2.2803e+03          1   39.40840  -71.29574  -0.000856     21.496         14  0.000e+00
     174456 160.839166   7268.958     21.695     7.5489     7.5263    -0.0227   3.317318   3.315756     0.9492    78.8754     2.7769       0.44     3.9159     2.6141 1.0000e-12 4.3854e-14 2.2803e+03          1   39.40840  -71.29574  -0.001562     21.529         14  0.000e+00
     174457 160.839167   7269.000     21.720     7.5497     7.5199    -0.0298   3.317386   3.315095     0.9492    78.8754     2.7769       0.51     3.9159     2.6141 1.0000e-12 4.3854e-14 2.2803e+03          1   39.40840  -71.29574  -0.002290     21.553         14  0.000e+00
     174458 160.839167   7269.042     21.662     7.5501     7.5162    -0.0339   3.317444   3.314429     0.9492    78.8754     2.7842       0.51     3.9159     2.6153 1.0000e-12 4.3854e-14 2.2803e+03          1   39.40840  -71.29574  -0.003015     21.496         14  0.000e+00
     174459 160.839168   7269.083     21.695     7.5499     7.5153    -0.0345   3.317438   3.314277     0.9504    78.8517     2.7769       0.51     3.9159     2.6141 1.0000e-12 4.3854e-14 2.2803e+03          1   39.40840  -71.29574  -0.003160     21.529         14  0.000e+00
     174460 160.839168   7269.125     21.662     7.5499     7.5163    -0.0335   3.317412   3.314338     0.9492    78.8754     2.7769       0.51     3.9159     2.6141 1.0000e-12 4.3818e-14 2.2821e+03          1   39.40840  -71.29574  -0.003074     21.496         14  0.000e+00
     174461 160.839169   7269.167     21.662     7.5501     7.5194    -0.0307   3.317386   3.314308     0.9480    78.8991     2.7695       0.49     3.9171     2.6153 1.0000e-12 4.3854e-14 2.2803e+03          1   39.40840  -71.29574  -0.003078     21.496         14  0.000e+00
     174462 160.839169   7269.208     21.637     7.5496     7.5206    -0.0290   3.317350   3.314671     0.9492    78.8754     2.7622       0.42     3.9171     2.6153 1.0000e-12 4.3818e-14 2.2821e+03          1   39.40840  -71.29574  -0.002679     21.471         14  0.000e+00
     174463 160.839170   7269.250     21.720     7.5494     7.5230    -0.0264   3.317311   3.314762     0.9480    78.8991     2.7622       0.37     3.9159     2.6153 1.0000e-12 4.3854e-14 2.2803e+03          1   39.40840  -71.29574  -0.002549     21.554         14  0.000e+00
     174464 160.839170   7269.292     21.596     7.5491     7.5269    -0.0221   3.317360   3.314732     0.9480    78.8991     2.7622       0.37     3.9159     2.6153 1.0000e-12 4.3854e-14 2.2803e+03          1   39.40840  -71.29574  -0.002628     21.430         14  0.000e+00
     174465 160.839171   7269.333     21.695     7.5493     7.5295    -0.0198   3.317379   3.314998     0.9480    78.8991     2.7622       0.37     3.9159     2.6153 1.0000e-12 4.3854e-14 2.2803e+03          1   39.40840  -71.29574  -0.002381     21.529         14  0.000e+00
     174466 160.839171   7269.375     21.596     7.5493     7.5297    -0.0195   3.317379   3.315392     0.9492    78.8754     2.7622       0.37     3.9171     2.6153 1.0000e-12 4.3854e-14 2.2803e+03          1   39.40840  -71.29574  -0.001987     21.430         14  0.000e+00
     174467 160.839171   7269.417     21.662     7.5494     7.5295    -0.0199   3.317379   3.315453     0.9504    78.8517     2.7622       0.37     3.9159     2.6165 1.0000e-12 4.3854e-14 2.2803e+03          1   39.40840  -71.29574  -0.001927     21.496         14  0.000e+00
     174468 160.839172   7269.458     21.637     7.5489     7.5304    -0.0185   3.317389   3.315332     0.9504    78.8517     2.7622       0.32     3.9159     2.6165 1.0000e-12 4.3854e-14 2.2803e+03          1   39.40840  -71.29574  -0.002057     21.471         14  0.000e+00
     174469 160.839172   7269.500     21.596     7.5487     7.5315    -0.0173   3.317363   3.315453     0.9492    78.8754     2.7622       0.29     3.9171     2.6165 1.0000e-12 4.3854e-14 2.2803e+03          1   39.40840  -71.29574  -0.001910     21.430         14  0.000e+00
     174470 160.839173   7269.542     21.662     7.5487     7.5317    -0.0171   3.317334   3.315604     0.9504    78.8517     2.7622       0.27     3.9171     2.6165 1.0000e-12 4.3854e-14 2.2803e+03          1   39.40840  -71.29574  -0.001730     21.496         14  0.000e+00
     174471 160.839173   7269.583     21.571     7.5491     7.5328    -0.0163   3.317327   3.315634     0.9516    78.8280     2.7622       0.29     3.9134     2.6165 1.0000e-12 4.3854e-14 2.2803e+03          1   39.40840  -71.29574  -0.001693     21.406         14  0.000e+00
     174472 160.839174   7269.625     21.596     7.5487     7.5358    -0.0130   3.317327   3.315665     0.9516    78.8280     2.7695       0.27     3.9159     2.6177 1.0000e-12 4.3854e-14 2.2803e+03          1   39.40840  -71.29574  -0.001663     21.430         14  0.000e+00
     174473 160.839174   7269.667     21.596     7.5487     7.5386    -0.0101   3.317347   3.316089     0.9528    78.8043     2.7988       0.29     3.9171     2.6177 1.0000e-12 4.3818e-14 2.2821e+03          1   39.40840  -71.29574  -0.001258     21.430         14  0.000e+00
     174474 160.839175   7269.708     21.513     7.5486     7.5407    -0.0079   3.317314   3.316477     0.9528    78.8043     2.8355       0.39     3.9171     2.6177 1.0000e-12 4.3818e-14 2.2821e+03          1   39.40840  -71.29574  -0.000838     21.348         14  0.000e+00
     174475 160.839175   7269.750     21.596     7.5489     7.5424    -0.0066   3.317311   3.316750     0.9528    78.8043     2.8428       0.49     3.9171     2.6165 1.0000e-12 4.3818e-14 2.2821e+03          1   39.40840  -71.29574  -0.000562     21.430         14  0.000e+00
     174476 160.839176   7269.792     21.596     7.5487     7.5428    -0.0060   3.317305   3.316871     0.9540    78.7806     2.8428       0.51     3.9159     2.6165 1.0000e-12 4.3818e-14 2.2821e+03          1   39.40840  -71.29574  -0.000434     21.430         14  0.000e+00
     174477 160.839176   7269.833     21.480     7.5483     7.5435    -0.0048   3.317282   3.316840     0.9540    78.7806     2.8428       0.51     3.9159     2.6165 1.0000e-12 4.3818e-14 2.2821e+03          1   39.40840  -71.29574  -0.000442     21.315         14  0.000e+00
     174478 160.839177   7269.875     21.571     7.5483     7.5440    -0.0043   3.317276   3.316840     0.9540    78.7806     2.8428       0.51     3.9171     2.6165 1.0000e-12 4.3818e-14 2.2821e+03          1   39.40840  -71.29574  -0.000435     21.406         14  0.000e+00
     174479 160.839177   7269.917     21.480     7.5485     7.5443    -0.0042   3.317314   3.316901     0.9540    78.7806     2.8428       0.49     3.9171     2.6177 1.0000e-12 4.3818e-14 2.2821e+03          1   39.40840  -71.29574  -0.000413     21.315         14  0.000e+00
     174480 160.839178   7269.958     21.538     7.5484     7.5451    -0.0033   3.317366   3.316962     0.9540    78.7806     2.8355       0.39     3.9171     2.6177 1.0000e-12 4.3818e-14 2.2821e+03          1   39.40840  -71.29574  -0.000405     21.373         14  0.000e+00
     174481 160.839178   7270.000     21.455     7.5486     7.5458    -0.0028   3.317370   3.316962     0.9540    78.7806     2.8428       0.34     3.9171     2.6177 1.0000e-12 4.3818e-14 2.2821e+03          1   39.40840  -71.29574  -0.000408     21.291         14  0.000e+00
     174482 160.839179   7270.042     21.480     7.5486     7.5446    -0.0040   3.317357   3.317053     0.9540    78.7806     2.8428       0.32     3.9147     2.6177 1.0000e-12 4.3818e-14 2.2821e+03          1   39.40840  -71.29574  -0.000304     21.315         14  0.000e+00
     174483 160.839179   7270.083     21.480     7.5478     7.5407    -0.0071   3.317136   3.317071     0.9528    78.8043     2.8355       0.32     3.9171     2.6177 1.0000e-12 4.3818e-14 2.2821e+03          1   39.40840  -71.29574  -0.000066     21.315         14  0.000e+00
     174484 160.839180   7270.125     21.455     7.5416     7.5353    -0.0064   3.316502   3.316659     0.9540    78.7806     2.8428       0.34     3.9171     2.6177 1.0000e-12 4.3818e-14 2.2821e+03          1   39.40840  -71.29574   0.000157     21.291         14  0.000e+00
     174485 160.839180   7270.167     21.414     7.5326     7.5298    -0.0027   3.315440   3.315786     0.9516    78.8280     2.8281       0.34     3.9159     2.6165 1.0000e-12 4.3818e-14 2.2821e+03          1   39.40840  -71.29574   0.000346     21.250         14  0.000e+00
     174486 160.839181   7270.208     21.414     7.5237     7.5248     0.0011   3.314411   3.314853     0.9528    78.8043     2.8062       0.68     3.9171     2.6177 1.0000e-12 4.3818e-14 2.2821e+03          1   39.40840  -71.29574   0.000441     21.250         14  0.000e+00
     174487 160.839181   7270.250     21.389     7.5190     7.5203     0.0013   3.313797   3.314217     0.9528    78.8043     2.7915       0.98     3.9171     2.6177 1.0000e-12 4.3818e-14 2.2821e+03          1   39.40840  -71.29574   0.000420     21.225         14  0.000e+00
     174488 160.839182   7270.292     21.414     7.5165     7.5165    -0.0000   3.313619   3.313738     0.9564    78.7332     2.7988       1.00     3.9171     2.6165 1.0000e-12 4.3818e-14 2.2821e+03          1   39.40840  -71.29574   0.000119     21.250         14  0.000e+00
     174489 160.839182   7270.333     21.356     7.5148     7.5144    -0.0004   3.313502   3.313374     0.9552    78.7569     2.7988       1.00     3.9159     2.6165 1.0000e-12 4.3818e-14 2.2821e+03          1   39.40840  -71.29574  -0.000128     21.192         14  0.000e+00
     174490 160.839183   7270.375     21.331     7.5151     7.5129    -0.0022   3.313412   3.313253     0.9552    78.7569     2.7988       1.00     3.9171     2.6165 1.0000e-12 4.3818e-14 2.2821e+03          1   39.40840  -71.29574  -0.000158     21.167         14  0.000e+00
     174491 160.839183   7270.417     21.356     7.5154     7.5118    -0.0036   3.313276   3.313162     0.9564    78.7332     2.7988       0.95     3.9159     2.6165 1.0000e-12 4.3818e-14 2.2821e+03          1   39.40840  -71.29574  -0.000113     21.192         14  0.000e+00
     174492 160.839184   7270.458     21.289     7.5116     7.5113    -0.0002   3.313001   3.313108     0.9564    78.7332     2.7915       0.56     3.9171     2.6177 1.0000e-12 4.3818e-14 2.2821e+03          1   39.40840  -71.29574   0.000107     21.126         14  0.000e+00
     174493 160.839184   7270.500     21.331     7.5068     7.5104     0.0036   3.312535   3.313047     0.9576    78.7095     2.7915       0.34     3.9159     2.6177 1.0000e-12 4.3818e-14 2.2821e+03          1   39.40840  -71.29574   0.000513     21.167         14  0.000e+00
     174494 160.839185   7270.542     21.356     7.5012     7.5093     0.0081   3.311920   3.312956     0.9564    78.7332     2.7988       0.32     3.9159     2.6177 1.0000e-12 4.3818e-14 2.2821e+03          1   39.40840  -71.29574   0.001036     21.192         14  0.000e+00
     174495 160.839185   7270.583     21.231     7.4943     7.5089     0.0146   3.311522   3.312835     0.9564    78.7332     2.7988       0.32     3.9159     2.6165 1.0000e-12 4.3818e-14 2.2821e+03          1   39.40840  -71.29574   0.001313     21.069         14  0.000e+00
     174496 160.839185   7270.625     21.289     7.4958     7.5088     0.0130   3.311390   3.312799     0.9588    78.6859     2.7915       0.32     3.9159     2.6165 1.0000e-12 4.3818e-14 2.2821e+03          1   39.40840  -71.29574   0.001409     21.126         14  0.000e+00
     174599 160.839235   7274.917     21.539     7.5432     7.4982    -0.0451   3.315903   3.312054     0.9733    78.4016     2.7329       0.32     3.9158     2.6140 1.0000e-12 4.3854e-14 2.2803e+03          1   39.40836  -71.29574  -0.003849     21.374         15  0.000e+00
     174600 160.839236   7274.958     21.481     7.5376     7.4974    -0.0403   3.315382   3.312054     0.9721    78.4253     2.7402       0.59     3.9158     2.6140 1.0000e-12 4.3854e-14 2.2803e+03          1   39.40836  -71.29574  -0.003328     21.316         15  0.000e+00
     174601 160.839236   7275.000     21.539     7.5302     7.4971    -0.0331   3.314826   3.311933     0.9721    78.4253     2.7476       0.83     3.9170     2.6140 1.0000e-12 4.3854e-14 2.2803e+03          1   39.40836  -71.29574  -0.002893     21.374         15  0.000e+00
     174602 160.839237   7275.042     21.572     7.5221     7.4984    -0.0237   3.314392   3.311963     0.9733    78.4016     2.7476       0.88     3.9170     2.6153 1.0000e-12 4.3854e-14 2.2803e+03          1   39.40836  -71.29574  -0.002429     21.407         15  0.000e+00
     174603 160.839237   7275.083     21.481     7.5194     7.5006    -0.0187   3.314062   3.312054     0.9721    78.4253     2.7402       0.85     3.9158     2.6140 1.0000e-12 4.3854e-14 2.2803e+03          1   39.40836  -71.29574  -0.002008     21.316         15  0.000e+00
     174604 160.839238   7275.125     21.539     7.5159     7.5010    -0.0149   3.313790   3.312199     0.9721    78.4253     2.7402       0.85     3.9158     2.6153 1.0000e-12 4.3854e-14 2.2803e+03          1   39.40836  -71.29574  -0.001591     21.374         15  0.000e+00
     174605 160.839238   7275.167     21.456     7.5143     7.5008    -0.0135   3.313573   3.312290     0.9721    78.4253     2.7402       0.83     3.9158     2.6153 1.0000e-12 4.3854e-14 2.2803e+03          1   39.40836  -71.29574  -0.001283     21.292         15  0.000e+00
     174606 160.839239   7275.208     21.539     7.5070     7.5023    -0.0047   3.313130   3.312230     0.9733    78.4016     2.7402       0.59     3.9158     2.6153 1.0000e-12 4.3854e-14 2.2803e+03          1   39.40836  -71.29574  -0.000901     21.374         15  0.000e+00
     174607 160.839239   7275.250     21.481     7.5004     7.5050     0.0046   3.312590   3.312442     0.9733    78.4016     2.7402       0.44     3.9158     2.6153 1.0000e-12 4.3854e-14 2.2803e+03          1   39.40836  -71.29574  -0.000148     21.317         15  0.000e+00
