ctd/proc/EN719_CTD04_avg.cnv
* Sea-Bird SBE 9 Data File:
* FileName = D:\ctd\raw\EN719_CTD04.hdr
* Software Version Seasave V 7.26.7.121
* Temperature SN = 4333
* Conductivity SN = 0864
* Number of Bytes Per Scan = 37
* Number of Voltage Words = 4
* Number of Scans Averaged by the Deck Unit = 1
* NMEA Latitude = 38 41.14 N
* NMEA Longitude = 063 42.51 W
* NMEA UTC (Time) = Jul 12 2024  20:37:11
* NMEA baud rate = 4800
** Ship: R/V Endeavor
** Cruise: EN719
** Principal Investigator: Chad Smith
** Chief Scientist: Chad Smith
** Project: NESMA24
** Cruise Start Date: 7 July 2024
** Ports: GSO, Narragansett RI to GSO, Narragansett RI
** Station:
** Bottom Depth: 4992
** Operator:  gDies
# nquan = 27
# nvalues = 1994                        
# units = specified
# name 0 = scan: Scan Count
# name 1 = timeJ: Julian Days
# name 2 = timeS: Time, Elapsed [seconds]
# name 3 = prDM: Pressure, Digiquartz [db]
# name 4 = t090C: Temperature [ITS-90, deg C]
# name 5 = t190C: Temperature, 2 [ITS-90, deg C]
# name 6 = T2-T190C: Temperature Difference, 2 - 1 [ITS-90, deg C]
# name 7 = c0S/m: Conductivity [S/m]
# name 8 = c1S/m: Conductivity, 2 [S/m]
# name 9 = altM: Altimeter [m]
# name 10 = pumps: Pump Status
# name 11 = latitude: Latitude [deg]
# name 12 = longitude: Longitude [deg]
# name 13 = C2-C1S/m: Conductivity Difference, 2 - 1 [S/m]
# name 14 = depSM: Depth [salt water, m]
# name 15 = depSM: Depth [salt water, m], lat = 38.6857
# name 16 = sal00: Salinity, Practical [PSU]
# name 17 = sigma-é00: Density [sigma-theta, kg/m^3]
# name 18 = oxsolMm/Kg: Oxygen Saturation, Garcia & Gordon [umol/kg]
# name 19 = oxsatMm/Kg: Oxygen Saturation, Weiss [umol/kg]
# name 20 = potemp090C: Potential Temperature [ITS-90, deg C]
# name 21 = svCM: Sound Velocity [Chen-Millero, m/s]
# name 22 = svCM1: Sound Velocity, 2 [Chen-Millero, m/s]
# name 23 = dz/dtM: Descent Rate [m/s], WS = 2
# name 24 = gpa: Geopotential Anomaly [J/kg]
# name 25 = nbin: number of scans per bin
# name 26 = flag: flag
# span 0 =        532,      57104       
# span 1 = 194.859446, 194.886728       
# span 2 =     22.115,   2379.301       
# span 3 =      8.061,   2025.974       
# span 4 =     3.7798,    28.0157       
# span 5 =     3.7811,    28.0147       
# span 6 =    -0.3846,     0.1691       
# span 7 =   3.320300,   5.824528       
# span 8 =   3.320448,   5.824218       
# span 9 =     -11.97,      90.16       
# span 10 =          1,          1      
# span 11 =   38.68222,   38.68570      
# span 12 =  -63.70837,  -63.68864      
# span 13 =  -0.047293,   0.021747      
# span 14 =      8.000,   2001.048      
# span 15 =      8.000,   2001.000      
# span 16 =    34.1526,    36.5815      
# span 17 =    22.7075,    27.7987      
# span 18 =  195.07885,  316.55531      
# span 19 =  194.57727,  317.41092      
# span 20 =     3.6131,    28.0100      
# span 21 =    1486.35,    1543.28      
# span 22 =    1486.35,    1543.28      
# span 23 =     -0.212,      1.600      
# span 24 =      0.067,     18.478      
# span 25 =          4,       1176      
# span 26 = 0.0000e+00, 0.0000e+00      
# interval = meters: 1                  
# start_time = Jul 12 2024 20:37:14 [System UTC, header]
# bad_flag = -9.990e-29
*END*
[from data line 1719]
      50290 194.883442   2095.360   1747.410     3.9844     3.9852     0.0008   3.327780   3.327924       0.60          1   38.68308  -63.68968   0.000139   1726.998   1727.000    34.9713    27.7799  314.98318  315.80920     3.8414    1495.42    1495.43      0.949     17.123         26 0.0000e+00
      50314 194.883453   2096.370   1748.426     3.9841     3.9849     0.0008   3.327795   3.327931      52.04          1   38.68308  -63.68968   0.000137   1727.999   1728.000    34.9713    27.7799  314.98534  315.81140     3.8410    1495.44    1495.44      1.039     17.128         23 0.0000e+00
      50337 194.883464   2097.329   1749.442     3.9834     3.9842     0.0008   3.327770   3.327910      26.64          1   38.68308  -63.68968   0.000142   1729.003   1729.000    34.9712    27.7799  314.99082  315.81698     3.8403    1495.45    1495.46      1.048     17.133         23 0.0000e+00
      50361 194.883476   2098.319   1750.458     3.9832     3.9840     0.0009   3.327790   3.327940       1.02          1   38.68306  -63.68968   0.000147   1730.001   1730.000    34.9712    27.7799  314.99250  315.81869     3.8399    1495.47    1495.47      1.004     17.138         25 0.0000e+00
      50385 194.883488   2099.345   1751.474     3.9831     3.9835     0.0004   3.327810   3.327929       0.66          1   38.68308  -63.68968   0.000121   1731.000   1731.000    34.9711    27.7799  314.99381  315.82002     3.8397    1495.49    1495.49      1.004     17.143         24 0.0000e+00
      50409 194.883499   2100.342   1752.490     3.9826     3.9833     0.0008   3.327822   3.327969      26.61          1   38.68310  -63.68966   0.000138   1731.998   1732.000    34.9713    27.7801  314.99718  315.82346     3.8391    1495.50    1495.51      1.021     17.148         23 0.0000e+00
      50433 194.883511   2101.346   1753.506     3.9826     3.9831     0.0005   3.327864   3.327984       0.30          1   38.68308  -63.68966   0.000125   1733.003   1733.000    34.9712    27.7801  314.99706  315.82334     3.8391    1495.52    1495.52      0.983     17.153         25 0.0000e+00
      50459 194.883523   2102.428   1754.522     3.9820     3.9829     0.0009   3.327852   3.328006       0.63          1   38.68308  -63.68966   0.000149   1734.001   1734.000    34.9712    27.7802  315.00164  315.82802     3.8384    1495.53    1495.54      0.892     17.158         28 0.0000e+00
      50488 194.883537   2103.626   1755.538     3.9790     3.9804     0.0014   3.327584   3.327804       0.62          1   38.68306  -63.68965   0.000248   1735.000   1735.000    34.9707    27.7801  315.02554  315.85233     3.8353    1495.54    1495.54      0.871     17.162         29 0.0000e+00
      50514 194.883550   2104.708   1756.554     3.9765     3.9772     0.0007   3.327416   3.327560       0.51          1   38.68307  -63.68964   0.000140   1735.995   1736.000    34.9710    27.7805  315.04427  315.87143     3.8327    1495.54    1495.55      1.052     17.167         23 0.0000e+00
      50535 194.883560   2105.595   1757.570     3.9746     3.9762     0.0016   3.327253   3.327495      59.50          1   38.68307  -63.68964   0.000255   1737.000   1737.000    34.9705    27.7804  315.05957  315.88699     3.8308    1495.55    1495.56      1.155     17.172         20 0.0000e+00
      50557 194.883571   2106.494   1758.586     3.9718     3.9728     0.0010   3.327068   3.327229       2.74          1   38.68306  -63.68964   0.000177   1738.007   1738.000    34.9708    27.7809  315.08010  315.90792     3.8279    1495.56    1495.56      1.016     17.177         24 0.0000e+00
      50585 194.883584   2107.683   1759.602     3.9715     3.9723     0.0008   3.327091   3.327235      19.19          1   38.68305  -63.68964   0.000141   1739.001   1739.000    34.9709    27.7810  315.08199  315.90986     3.8275    1495.57    1495.58      0.797     17.182         32 0.0000e+00
      50615 194.883599   2108.928   1760.618     3.9714     3.9722     0.0008   3.327123   3.327266      40.54          1   38.68304  -63.68963   0.000141   1739.996   1740.000    34.9709    27.7810  315.08299  315.91088     3.8273    1495.59    1495.59      0.932     17.187         26 0.0000e+00
      50639 194.883610   2109.905   1761.634     3.9717     3.9724     0.0007   3.327193   3.327334      35.45          1   38.68305  -63.68962   0.000135   1740.997   1741.000    34.9709    27.7810  315.08059  315.90844     3.8275    1495.61    1495.61      1.104     17.192         22 0.0000e+00
      50660 194.883620   2110.786   1762.650     3.9713     3.9718     0.0004   3.327182   3.327304      25.72          1   38.68305  -63.68962   0.000141   1742.004   1742.000    34.9707    27.7809  315.08385  315.91173     3.8271    1495.62    1495.63      1.109     17.197         21 0.0000e+00
      50684 194.883632   2111.789   1763.667     3.9682     3.9690     0.0008   3.326938   3.327087      24.50          1   38.68303  -63.68962   0.000150   1743.007   1743.000    34.9706    27.7811  315.10786  315.93620     3.8239    1495.63    1495.63      0.905     17.202         28 0.0000e+00
      50714 194.883646   2113.049   1764.683     3.9674     3.9682     0.0007   3.326914   3.327055      20.28          1   38.68302  -63.68962   0.000145   1743.996   1744.000    34.9706    27.7813  315.11360  315.94205     3.8230    1495.64    1495.65      0.842     17.207         30 0.0000e+00
      50740 194.883659   2114.132   1765.699     3.9675     3.9683     0.0008   3.326971   3.327112      27.89          1   38.68300  -63.68962   0.000134   1744.996   1745.000    34.9708    27.7814  315.11288  315.94133     3.8230    1495.66    1495.66      1.050     17.212         23 0.0000e+00
      50762 194.883669   2115.027   1766.715     3.9679     3.9688     0.0009   3.327040   3.327201      28.62          1   38.68300  -63.68960   0.000155   1746.000   1746.000    34.9706    27.7812  315.10988  315.93826     3.8233    1495.68    1495.68      1.148     17.217         21 0.0000e+00
      50783 194.883680   2115.913   1767.731     3.9681     3.9691     0.0010   3.327116   3.327268       1.27          1   38.68300  -63.68960   0.000145   1747.006   1747.000    34.9708    27.7814  315.10795  315.93631     3.8234    1495.69    1495.70      1.060     17.222         22 0.0000e+00
      50810 194.883693   2117.045   1768.747     3.9679     3.9683     0.0004   3.327131   3.327229      17.83          1   38.68301  -63.68960   0.000105   1748.005   1748.000    34.9707    27.7813  315.10970  315.93808     3.8231    1495.71    1495.72      0.774     17.227         33 0.0000e+00
      50846 194.883710   2118.524   1769.763     3.9677     3.9684     0.0008   3.327157   3.327287      19.30          1   38.68304  -63.68960   0.000121   1748.993   1749.000    34.9708    27.7814  315.11123  315.93965     3.8228    1495.73    1495.73      0.785     17.232         32 0.0000e+00
      50871 194.883722   2119.572   1770.779     3.9667     3.9675     0.0008   3.327089   3.327232       0.09          1   38.68304  -63.68960   0.000154   1749.992   1750.000    34.9705    27.7813  315.11940  315.94795     3.8217    1495.74    1495.74      1.171     17.236         21 0.0000e+00
      50889 194.883731   2120.340   1771.795     3.9662     3.9669     0.0007   3.327085   3.327228       0.48          1   38.68302  -63.68960   0.000145   1750.997   1751.000    34.9705    27.7813  315.12292  315.95154     3.8212    1495.76    1495.76      1.367     17.241         17 0.0000e+00
      50906 194.883739   2121.054   1772.811     3.9660     3.9667     0.0007   3.327113   3.327250      24.21          1   38.68300  -63.68958   0.000134   1752.007   1752.000    34.9705    27.7814  315.12440  315.95305     3.8209    1495.77    1495.78      1.320     17.246         18 0.0000e+00
      50928 194.883750   2121.974   1773.828     3.9653     3.9662     0.0008   3.327094   3.327245      20.82          1   38.68299  -63.68958   0.000152   1753.014   1753.000    34.9705    27.7815  315.12955  315.95830     3.8201    1495.79    1495.79      0.871     17.251         30 0.0000e+00
      50972 194.883771   2123.787   1774.844     3.9650     3.9660     0.0009   3.327100   3.327254       2.35          1   38.68298  -63.68958   0.000152   1753.989   1754.000    34.9704    27.7814  315.13209  315.96088     3.8197    1495.80    1495.81      0.597     17.256         42 0.0000e+00
      50998 194.883783   2124.872   1775.860     3.9632     3.9642     0.0010   3.326943   3.327126       0.50          1   38.68297  -63.68957   0.000203   1754.995   1755.000    34.9701    27.7814  315.14722  315.97627     3.8178    1495.81    1495.82      1.134     17.261         21 0.0000e+00
      51018 194.883793   2125.697   1776.876     3.9598     3.9605     0.0007   3.326658   3.326811       0.61          1   38.68296  -63.68956   0.000187   1756.003   1756.000    34.9697    27.7814  315.17328  316.00279     3.8144    1495.81    1495.82      1.204     17.266         19 0.0000e+00
      51039 194.883803   2126.575   1777.892     3.9566     3.9573     0.0007   3.326425   3.326562       0.56          1   38.68295  -63.68956   0.000145   1757.005   1757.000    34.9699    27.7819  315.19729  316.02728     3.8111    1495.82    1495.82      1.070     17.271         23 0.0000e+00
      51065 194.883815   2127.647   1778.908     3.9551     3.9558     0.0007   3.326303   3.326453       1.87          1   38.68294  -63.68956   0.000168   1758.004   1758.000    34.9696    27.7818  315.20954  316.03974     3.8095    1495.83    1495.83      0.871     17.276         29 0.0000e+00
      51095 194.883830   2128.904   1779.924     3.9519     3.9526     0.0007   3.326054   3.326197      19.15          1   38.68294  -63.68956   0.000147   1758.999   1759.000    34.9695    27.7820  315.23392  316.06457     3.8063    1495.83    1495.83      0.826     17.281         30 0.0000e+00
      51122 194.883843   2130.054   1780.940     3.9503     3.9509     0.0007   3.325926   3.326072      24.60          1   38.68294  -63.68954   0.000155   1759.997   1760.000    34.9692    27.7821  315.24717  316.07805     3.8046    1495.84    1495.84      0.961     17.286         25 0.0000e+00
      51146 194.883855   2131.047   1781.957     3.9492     3.9499     0.0007   3.325881   3.326016       0.39          1   38.68292  -63.68954   0.000142   1760.999   1761.000    34.9693    27.7822  315.25486  316.08590     3.8034    1495.85    1495.86      1.049     17.291         23 0.0000e+00
      51169 194.883866   2131.998   1782.973     3.9473     3.9479     0.0006   3.325733   3.325881       0.62          1   38.68292  -63.68954   0.000159   1762.001   1762.000    34.9691    27.7822  315.26986  316.10117     3.8015    1495.86    1495.87      1.084     17.296         23 0.0000e+00
      51191 194.883876   2132.917   1783.989     3.9453     3.9461     0.0008   3.325614   3.325752       0.47          1   38.68292  -63.68954   0.000141   1762.998   1763.000    34.9693    27.7826  315.28448  316.11608     3.7994    1495.87    1495.87      1.129     17.301         21 0.0000e+00
      51212 194.883887   2133.802   1785.005     3.9448     3.9456     0.0008   3.325624   3.325773       0.51          1   38.68292  -63.68953   0.000147   1764.003   1764.000    34.9695    27.7828  315.28798  316.11966     3.7988    1495.89    1495.89      1.118     17.306         22 0.0000e+00
      51235 194.883898   2134.761   1786.021     3.9441     3.9448     0.0007   3.325603   3.325749       0.58          1   38.68292  -63.68952   0.000150   1765.007   1765.000    34.9695    27.7829  315.29340  316.12519     3.7980    1495.90    1495.90      0.948     17.310         25 0.0000e+00
      51268 194.883913   2136.115   1787.038     3.9437     3.9445     0.0009   3.325611   3.325754      13.55          1   38.68292  -63.68952   0.000141   1766.002   1766.000    34.9696    27.7830  315.29664  316.12849     3.7975    1495.91    1495.92      0.662     17.315         40 0.0000e+00
      51304 194.883931   2137.630   1788.054     3.9434     3.9442     0.0008   3.325642   3.325783       2.73          1   38.68294  -63.68952   0.000141   1766.993   1767.000    34.9697    27.7832  315.29820  316.13010     3.7971    1495.93    1495.93      0.844     17.320         29 0.0000e+00
      51328 194.883942   2138.633   1789.070     3.9431     3.9440     0.0008   3.325660   3.325814      29.00          1   38.68293  -63.68952   0.000154   1767.993   1768.000    34.9697    27.7832  315.30022  316.13215     3.7968    1495.95    1495.95      1.158     17.325         21 0.0000e+00
      51347 194.883952   2139.430   1790.086     3.9430     3.9437     0.0007   3.325682   3.325827      33.75          1   38.68292  -63.68952   0.000145   1768.997   1769.000    34.9697    27.7832  315.30168  316.13364     3.7965    1495.96    1495.97      1.324     17.330         18 0.0000e+00
      51365 194.883960   2140.169   1791.102     3.9419     3.9425     0.0006   3.325623   3.325753      33.65          1   38.68294  -63.68952   0.000145   1770.004   1770.000    34.9696    27.7833  315.30987  316.14197     3.7954    1495.98    1495.98      1.328     17.335         18 0.0000e+00
      51384 194.883970   2140.969   1792.119     3.9405     3.9413     0.0008   3.325543   3.325696       1.80          1   38.68293  -63.68951   0.000154   1771.008   1771.000    34.9696    27.7834  315.32040  316.15271     3.7939    1495.99    1495.99      1.149     17.340         21 0.0000e+00
      51410 194.883982   2142.030   1793.135     3.9402     3.9409     0.0007   3.325573   3.325708      20.40          1   38.68293  -63.68950   0.000133   1772.005   1772.000    34.9698    27.7836  315.32207  316.15443     3.7935    1496.00    1496.01      0.845     17.345         30 0.0000e+00
      51441 194.883997   2143.348   1794.151     3.9393     3.9399     0.0006   3.325530   3.325670      -0.26          1   38.68292  -63.68950   0.000144   1772.996   1773.000    34.9698    27.7837  315.32914  316.16163     3.7925    1496.02    1496.02      0.839     17.350         29 0.0000e+00
      51467 194.884010   2144.429   1795.167     3.9389     3.9397     0.0008   3.325540   3.325689      90.16          1   38.68294  -63.68950   0.000146   1774.000   1774.000    34.9698    27.7838  315.33217  316.16472     3.7920    1496.03    1496.04      0.954     17.355         25 0.0000e+00
      51494 194.884022   2145.533   1796.183     3.9386     3.9394     0.0008   3.325550   3.325700      48.20          1   38.68292  -63.68949   0.000146   1775.002   1775.000    34.9698    27.7838  315.33470  316.16729     3.7916    1496.05    1496.05      0.877     17.360         29 0.0000e+00
      51522 194.884036   2146.711   1797.200     3.9397     3.9405     0.0008   3.325712   3.325851      -0.28          1   38.68291  -63.68948   0.000125   1775.996   1776.000    34.9700    27.7839  315.32549  316.15793     3.7926    1496.07    1496.07      0.952     17.365         26 0.0000e+00
      51545 194.884047   2147.665   1798.216     3.9398     3.9407     0.0009   3.325746   3.325900      31.33          1   38.68290  -63.68948   0.000161   1776.994   1777.000    34.9698    27.7837  315.32511  316.15752     3.7926    1496.09    1496.09      1.176     17.370         20 0.0000e+00
      51564 194.884056   2148.469   1799.232     3.9397     3.9405     0.0008   3.325776   3.325931       0.34          1   38.68290  -63.68948   0.000148   1778.002   1778.000    34.9698    27.7838  315.32623  316.15866     3.7924    1496.10    1496.11      1.270     17.374         19 0.0000e+00
