ctd/proc/EN719_CTD10_avg.cnv
* Sea-Bird SBE 9 Data File:
* FileName = D:\ctd\raw\EN719_CTD10.hdr
* Software Version Seasave V 7.26.7.121
* Temperature SN = 4333
* Conductivity SN = 0864
* Number of Bytes Per Scan = 37
* Number of Voltage Words = 4
* Number of Scans Averaged by the Deck Unit = 1
* NMEA Latitude = 38 52.50 N
* NMEA Longitude = 063 41.00 W
* NMEA UTC (Time) = Jul 24 2024  01:02:55
* NMEA baud rate = 4800
** Ship: R/V Endeavor
** Cruise: EN719
** Principal Investigator: Chad Smith
** Chief Scientist: Chad Smith
** Project: NESMA24
** Cruise Start Date: 7 July 2024
** Ports: GSO, Narragansett RI to GSO, Narragansett RI
** Station:  CTD09
** Bottom Depth: 3421
** Operator:  GD
# nquan = 27
# nvalues = 1995                        
# units = specified
# name 0 = scan: Scan Count
# name 1 = timeJ: Julian Days
# name 2 = timeS: Time, Elapsed [seconds]
# name 3 = prDM: Pressure, Digiquartz [db]
# name 4 = t090C: Temperature [ITS-90, deg C]
# name 5 = t190C: Temperature, 2 [ITS-90, deg C]
# name 6 = T2-T190C: Temperature Difference, 2 - 1 [ITS-90, deg C]
# name 7 = c0S/m: Conductivity [S/m]
# name 8 = c1S/m: Conductivity, 2 [S/m]
# name 9 = altM: Altimeter [m]
# name 10 = pumps: Pump Status
# name 11 = latitude: Latitude [deg]
# name 12 = longitude: Longitude [deg]
# name 13 = C2-C1S/m: Conductivity Difference, 2 - 1 [S/m]
# name 14 = depSM: Depth [salt water, m]
# name 15 = depSM: Depth [salt water, m], lat = 38.875
# name 16 = sal00: Salinity, Practical [PSU]
# name 17 = sigma-é00: Density [sigma-theta, kg/m^3]
# name 18 = oxsolMm/Kg: Oxygen Saturation, Garcia & Gordon [umol/kg]
# name 19 = oxsatMm/Kg: Oxygen Saturation, Weiss [umol/kg]
# name 20 = potemp090C: Potential Temperature [ITS-90, deg C]
# name 21 = svCM: Sound Velocity [Chen-Millero, m/s]
# name 22 = svCM1: Sound Velocity, 2 [Chen-Millero, m/s]
# name 23 = dz/dtM: Descent Rate [m/s], WS = 2
# name 24 = gpa: Geopotential Anomaly [J/kg]
# name 25 = nbin: number of scans per bin
# name 26 = flag: flag
# span 0 =        291,      56853       
# span 1 = 206.043855, 206.071133       
# span 2 =     12.073,   2368.851       
# span 3 =      7.053,   2026.008       
# span 4 =     3.5807,    23.8944       
# span 5 =     3.5802,    23.9001       
# span 6 =    -0.1242,     0.0563       
# span 7 =   3.301667,   4.863524       
# span 8 =   3.301831,   4.867032       
# span 9 =     -11.08,      95.88       
# span 10 =          1,          1      
# span 11 =   38.87510,   38.87648      
# span 12 =  -63.68329,  -63.66918      
# span 13 =  -0.007104,   0.023808      
# span 14 =      7.000,   2001.033      
# span 15 =      7.000,   2001.000      
# span 16 =    32.2352,    35.3033      
# span 17 =    21.7472,    27.8111      
# span 18 =  214.09096,  318.10729      
# span 19 =  213.56790,  318.99204      
# span 20 =     3.4170,    23.8923      
# span 21 =    1478.42,    1529.19      
# span 22 =    1478.45,    1529.23      
# span 23 =     -0.166,      1.658      
# span 24 =      0.031,     13.966      
# span 25 =         12,        784      
# span 26 = 0.0000e+00, 0.0000e+00      
# interval = meters: 1                  
# start_time = Jul 24 2024 01:02:57 [System UTC, header]
# bad_flag = -9.990e-29
*END*
[from data line 1933]
      54231 206.069868   2259.564   1963.960     3.6372     3.6382     0.0010   3.304572   3.304706       8.21          1   38.87638  -63.66998   0.000132   1939.999   1940.000    34.9594    27.8070  317.66589  318.54233     3.4785    1497.59    1497.59      0.824     13.677         28 0.0000e+00
      54264 206.069884   2260.962   1964.977     3.6375     3.6385     0.0010   3.304640   3.304770       1.20          1   38.87638  -63.66997   0.000125   1941.006   1941.000    34.9593    27.8069  317.66321  318.53959     3.4788    1497.60    1497.61      0.577     13.682         45 0.0000e+00
      54320 206.069911   2263.285   1965.994     3.6378     3.6385     0.0007   3.304701   3.304833      40.70          1   38.87639  -63.66996   0.000132   1941.995   1942.000    34.9593    27.8068  317.66120  318.53754     3.4789    1497.62    1497.63      0.484     13.686         50 0.0000e+00
      54356 206.069928   2264.802   1967.011     3.6377     3.6384     0.0007   3.304742   3.304872       0.41          1   38.87640  -63.66994   0.000128   1942.998   1943.000    34.9594    27.8069  317.66176  318.53812     3.4787    1497.64    1497.64      0.750     13.691         33 0.0000e+00
      54387 206.069943   2266.087   1968.028     3.6377     3.6383     0.0007   3.304781   3.304907       0.62          1   38.87640  -63.66992   0.000123   1943.997   1944.000    34.9593    27.8069  317.66187  318.53824     3.4786    1497.66    1497.66      0.845     13.696         29 0.0000e+00
      54414 206.069956   2267.222   1969.045     3.6378     3.6387     0.0009   3.304833   3.304977      23.90          1   38.87640  -63.66992   0.000138   1945.002   1945.000    34.9594    27.8070  317.66120  318.53756     3.4786    1497.67    1497.68      0.877     13.701         26 0.0000e+00
      54452 206.069974   2268.794   1970.062     3.6369     3.6377     0.0008   3.304773   3.304898       2.84          1   38.87640  -63.66991   0.000133   1946.003   1946.000    34.9591    27.8069  317.66865  318.54513     3.4776    1497.69    1497.69      0.508     13.705         57 0.0000e+00
      54505 206.070000   2271.008   1971.079     3.6353     3.6364     0.0011   3.304670   3.304850      18.78          1   38.87640  -63.66990   0.000163   1946.992   1947.000    34.9591    27.8070  317.68094  318.55765     3.4760    1497.70    1497.70      0.691     13.710         35 0.0000e+00
      54532 206.070013   2272.130   1972.096     3.6370     3.6374     0.0005   3.304880   3.304982       0.47          1   38.87640  -63.66988   0.000104   1948.000   1948.000    34.9594    27.8071  317.66762  318.54409     3.4775    1497.72    1497.72      0.926     13.715         25 0.0000e+00
      54561 206.070027   2273.333   1973.113     3.6359     3.6369     0.0010   3.304808   3.304944       7.57          1   38.87640  -63.66988   0.000140   1949.007   1949.000    34.9591    27.8070  317.67607  318.55269     3.4764    1497.73    1497.74      0.678     13.720         37 0.0000e+00
      54623 206.070057   2275.898   1974.131     3.6350     3.6354     0.0003   3.304759   3.304865       4.88          1   38.87640  -63.66986   0.000116   1949.996   1950.000    34.9590    27.8070  317.68341  318.56016     3.4754    1497.75    1497.75      0.345     13.724         69 0.0000e+00
      54666 206.070077   2277.691   1975.148     3.6299     3.6305     0.0006   3.304326   3.304459       0.48          1   38.87641  -63.66984   0.000143   1950.992   1951.000    34.9588    27.8073  317.72321  318.60071     3.4703    1497.74    1497.74      0.898     13.729         27 0.0000e+00
      54688 206.070088   2278.633   1976.165     3.6289     3.6295     0.0006   3.304267   3.304391       0.58          1   38.87642  -63.66984   0.000123   1951.997   1952.000    34.9587    27.8073  317.73150  318.60915     3.4692    1497.75    1497.76      1.130     13.734         21 0.0000e+00
      54709 206.070098   2279.513   1977.182     3.6286     3.6298     0.0012   3.304276   3.304428      25.45          1   38.87642  -63.66983   0.000155   1953.008   1953.000    34.9586    27.8073  317.73359  318.61127     3.4688    1497.77    1497.78      1.002     13.738         23 0.0000e+00
      54762 206.070124   2281.699   1978.199     3.6283     3.6292     0.0010   3.304278   3.304435       8.05          1   38.87642  -63.66982   0.000156   1954.000   1954.000    34.9585    27.8072  317.73661  318.61435     3.4684    1497.78    1497.79      0.336     13.743         78 0.0000e+00
      54813 206.070149   2283.836   1979.216     3.6249     3.6255     0.0006   3.303997   3.304128      24.22          1   38.87642  -63.66980   0.000151   1954.992   1955.000    34.9583    27.8074  317.76325  318.64148     3.4649    1497.79    1497.79      0.949     13.748         25 0.0000e+00
      54835 206.070159   2284.761   1980.233     3.6224     3.6233     0.0009   3.303795   3.303945      72.68          1   38.87642  -63.66980   0.000167   1956.004   1956.000    34.9580    27.8075  317.78318  318.66178     3.4624    1497.79    1497.80      1.014     13.753         22 0.0000e+00
      54875 206.070179   2286.427   1981.250     3.6216     3.6225     0.0009   3.303780   3.303911      44.26          1   38.87642  -63.66978   0.000132   1957.003   1957.000    34.9582    27.8077  317.78883  318.66755     3.4615    1497.81    1497.81      0.473     13.757         63 0.0000e+00
      54925 206.070203   2288.518   1982.267     3.6207     3.6211     0.0004   3.303746   3.303854      42.05          1   38.87642  -63.66976   0.000113   1957.994   1958.000    34.9582    27.8078  317.79538  318.67423     3.4605    1497.82    1497.82      0.819     13.762         29 0.0000e+00
      54951 206.070215   2289.592   1983.284     3.6200     3.6209     0.0009   3.303710   3.303869      44.50          1   38.87642  -63.66976   0.000149   1959.003   1959.000    34.9581    27.8078  317.80134  318.68029     3.4597    1497.83    1497.84      0.875     13.767         27 0.0000e+00
      54988 206.070233   2291.133   1984.302     3.6201     3.6212     0.0011   3.303760   3.303918       3.82          1   38.87642  -63.66975   0.000160   1960.003   1960.000    34.9581    27.8078  317.80065  318.67959     3.4597    1497.85    1497.86      0.534     13.772         51 0.0000e+00
      55036 206.070256   2293.137   1985.319     3.6196     3.6205     0.0010   3.303764   3.303918      18.07          1   38.87642  -63.66974   0.000159   1960.995   1961.000    34.9582    27.8079  317.80435  318.68336     3.4591    1497.87    1497.87      0.651     13.776         36 0.0000e+00
      55070 206.070273   2294.546   1986.336     3.6188     3.6197     0.0009   3.303735   3.303863       1.20          1   38.87642  -63.66972   0.000127   1962.004   1962.000    34.9582    27.8080  317.81059  318.68973     3.4582    1497.88    1497.89      0.643     13.781         38 0.0000e+00
      55115 206.070294   2296.399   1987.353     3.6178     3.6187     0.0009   3.303697   3.303833       0.58          1   38.87642  -63.66970   0.000136   1962.995   1963.000    34.9583    27.8082  317.81778  318.69706     3.4572    1497.89    1497.90      0.576     13.786         43 0.0000e+00
      55148 206.070310   2297.786   1988.370     3.6178     3.6185     0.0007   3.303740   3.303862       0.56          1   38.87644  -63.66970   0.000120   1963.997   1964.000    34.9583    27.8082  317.81764  318.69693     3.4571    1497.91    1497.92      0.861     13.790         28 0.0000e+00
      55175 206.070323   2298.931   1989.387     3.6177     3.6187     0.0010   3.303756   3.303882      21.21          1   38.87644  -63.66969   0.000129   1965.003   1965.000    34.9582    27.8081  317.81912  318.69842     3.4569    1497.93    1497.93      0.830     13.795         29 0.0000e+00
      55209 206.070340   2300.333   1990.405     3.6171     3.6181     0.0010   3.303760   3.303881      15.89          1   38.87644  -63.66968   0.000121   1966.003   1966.000    34.9583    27.8083  317.82300  318.70239     3.4562    1497.94    1497.95      0.634     13.800         39 0.0000e+00
      55268 206.070368   2302.798   1991.422     3.6172     3.6180     0.0009   3.303794   3.303938      17.05          1   38.87644  -63.66966   0.000143   1966.999   1967.000    34.9582    27.8082  317.82294  318.70232     3.4562    1497.96    1497.97      0.338     13.805         73 0.0000e+00
      55319 206.070392   2304.906   1992.439     3.6165     3.6170     0.0005   3.303782   3.303901      31.09          1   38.87644  -63.66964   0.000120   1967.994   1968.000    34.9582    27.8083  317.82776  318.70723     3.4554    1497.98    1497.98      0.843     13.809         29 0.0000e+00
      55343 206.070404   2305.928   1993.456     3.6162     3.6168     0.0006   3.303790   3.303922      22.69          1   38.87644  -63.66963   0.000132   1968.998   1969.000    34.9582    27.8083  317.83058  318.71010     3.4550    1497.99    1497.99      1.009     13.814         23 0.0000e+00
      55368 206.070416   2306.979   1994.473     3.6161     3.6170     0.0008   3.303817   3.303943      53.30          1   38.87644  -63.66962   0.000135   1970.006   1970.000    34.9581    27.8083  317.83119  318.71072     3.4549    1498.01    1498.01      0.827     13.819         30 0.0000e+00
      55411 206.070437   2308.733   1995.490     3.6129     3.6140     0.0011   3.303565   3.303730      20.92          1   38.87644  -63.66961   0.000169   1971.000   1971.000    34.9580    27.8085  317.85613  318.73613     3.4516    1498.01    1498.02      0.504     13.824         51 0.0000e+00
      55453 206.070457   2310.486   1996.508     3.6106     3.6114     0.0008   3.303392   3.303543       4.16          1   38.87644  -63.66960   0.000157   1971.997   1972.000    34.9580    27.8087  317.87447  318.75482     3.4491    1498.02    1498.02      0.703     13.828         34 0.0000e+00
      55486 206.070473   2311.888   1997.525     3.6095     3.6103     0.0008   3.303336   3.303472      16.86          1   38.87644  -63.66959   0.000140   1973.003   1973.000    34.9579    27.8088  317.88267  318.76318     3.4480    1498.03    1498.03      0.663     13.833         36 0.0000e+00
      55531 206.070495   2313.733   1998.542     3.6085     3.6095     0.0011   3.303282   3.303431       0.17          1   38.87644  -63.66957   0.000152   1973.998   1974.000    34.9579    27.8089  317.89050  318.77116     3.4470    1498.04    1498.05      0.522     13.838         48 0.0000e+00
      55571 206.070514   2315.430   1999.559     3.6073     3.6082     0.0009   3.303237   3.303371       5.43          1   38.87645  -63.66956   0.000130   1974.998   1975.000    34.9581    27.8091  317.89896  318.77980     3.4457    1498.06    1498.06      0.689     13.843         35 0.0000e+00
      55606 206.070531   2316.871   2000.576     3.6072     3.6081     0.0009   3.303256   3.303402      11.67          1   38.87646  -63.66955   0.000149   1976.003   1976.000    34.9580    27.8091  317.90031  318.78117     3.4455    1498.07    1498.08      0.650     13.847         37 0.0000e+00
      55656 206.070555   2318.971   2001.594     3.6061     3.6069     0.0007   3.303196   3.303329       0.44          1   38.87646  -63.66953   0.000140   1976.999   1977.000    34.9579    27.8091  317.90882  318.78983     3.4443    1498.09    1498.09      0.428     13.852         60 0.0000e+00
      55701 206.070577   2320.833   2002.611     3.6027     3.6034     0.0007   3.302931   3.303072       0.63          1   38.87646  -63.66952   0.000141   1977.993   1978.000    34.9579    27.8095  317.93519  318.81671     3.4409    1498.09    1498.09      0.842     13.857         29 0.0000e+00
      55725 206.070588   2321.844   2003.628     3.6033     3.6040     0.0007   3.303049   3.303179       0.50          1   38.87646  -63.66951   0.000126   1978.996   1979.000    34.9581    27.8096  317.92985  318.81129     3.4414    1498.11    1498.11      1.069     13.861         22 0.0000e+00
      55748 206.070599   2322.775   2004.645     3.6034     3.6044     0.0010   3.303079   3.303215      23.72          1   38.87646  -63.66950   0.000137   1980.008   1980.000    34.9580    27.8095  317.92994  318.81137     3.4413    1498.12    1498.13      0.954     13.866         24 0.0000e+00
      55794 206.070622   2324.723   2005.662     3.6030     3.6036     0.0006   3.303081   3.303194      18.51          1   38.87646  -63.66949   0.000111   1981.001   1981.000    34.9579    27.8095  317.93287  318.81435     3.4409    1498.14    1498.14      0.389     13.871         68 0.0000e+00
      55850 206.070649   2327.039   2006.680     3.5994     3.6005     0.0011   3.302778   3.302953      28.35          1   38.87646  -63.66947   0.000194   1981.999   1982.000    34.9576    27.8096  317.96117  318.84317     3.4372    1498.14    1498.15      0.574     13.876         43 0.0000e+00
      55889 206.070667   2328.647   2007.697     3.5959     3.5969     0.0010   3.302493   3.302657      -0.18          1   38.87646  -63.66946   0.000178   1982.996   1983.000    34.9574    27.8098  317.98850  318.87101     3.4337    1498.14    1498.15      0.746     13.880         32 0.0000e+00
      55918 206.070681   2329.875   2008.714     3.5929     3.5933     0.0004   3.302268   3.302359      31.64          1   38.87646  -63.66945   0.000104   1984.002   1984.000    34.9575    27.8102  318.01206  318.89503     3.4306    1498.15    1498.15      0.799     13.885         30 0.0000e+00
      55956 206.070700   2331.473   2009.732     3.5917     3.5925     0.0008   3.302194   3.302325      27.47          1   38.87646  -63.66943   0.000131   1985.002   1985.000    34.9573    27.8102  318.02121  318.90435     3.4294    1498.16    1498.16      0.528     13.890         49 0.0000e+00
      56004 206.070723   2333.473   2010.749     3.5914     3.5922     0.0008   3.302212   3.302352      14.80          1   38.87646  -63.66942   0.000137   1985.997   1986.000    34.9574    27.8103  318.02379  318.90699     3.4289    1498.17    1498.18      0.605     13.894         40 0.0000e+00
      56038 206.070740   2334.895   2011.766     3.5917     3.5925     0.0008   3.302290   3.302427       0.10          1   38.87646  -63.66942   0.000132   1986.997   1987.000    34.9575    27.8104  318.02097  318.90411     3.4291    1498.19    1498.20      0.805     13.899         30 0.0000e+00
      56068 206.070754   2336.135   2012.783     3.5913     3.5920     0.0007   3.302281   3.302406       0.57          1   38.87646  -63.66940   0.000130   1988.004   1988.000    34.9574    27.8103  318.02466  318.90787     3.4286    1498.21    1498.21      0.709     13.904         34 0.0000e+00
      56120 206.070779   2338.303   2013.801     3.5897     3.5907     0.0009   3.302178   3.302322      48.11          1   38.87646  -63.66939   0.000146   1988.999   1989.000    34.9573    27.8104  318.03669  318.92013     3.4270    1498.22    1498.23      0.392     13.909         62 0.0000e+00
      56170 206.070803   2340.364   2014.818     3.5888     3.5897     0.0008   3.302146   3.302278       6.03          1   38.87646  -63.66937   0.000131   1990.000   1990.000    34.9574    27.8105  318.04333  318.92689     3.4260    1498.23    1498.24      0.568     13.913         43 0.0000e+00
      56213 206.070824   2342.187   2015.835     3.5870     3.5883     0.0013   3.302000   3.302181      13.67          1   38.87646  -63.66936   0.000192   1991.001   1991.000    34.9571    27.8105  318.05831  318.94215     3.4241    1498.24    1498.25      0.510     13.918         46 0.0000e+00
      56290 206.070861   2345.379   2016.852     3.5859     3.5870     0.0010   3.301954   3.302123      10.32          1   38.87648  -63.66934   0.000165   1991.999   1992.000    34.9572    27.8107  318.06620  318.95020     3.4230    1498.25    1498.26      0.264     13.923         84 0.0000e+00
