ctd/proc/EN719_CTD10_avg.cnv
* Sea-Bird SBE 9 Data File:
* FileName = D:\ctd\raw\EN719_CTD10.hdr
* Software Version Seasave V 7.26.7.121
* Temperature SN = 4333
* Conductivity SN = 0864
* Number of Bytes Per Scan = 37
* Number of Voltage Words = 4
* Number of Scans Averaged by the Deck Unit = 1
* NMEA Latitude = 38 52.50 N
* NMEA Longitude = 063 41.00 W
* NMEA UTC (Time) = Jul 24 2024  01:02:55
* NMEA baud rate = 4800
** Ship: R/V Endeavor
** Cruise: EN719
** Principal Investigator: Chad Smith
** Chief Scientist: Chad Smith
** Project: NESMA24
** Cruise Start Date: 7 July 2024
** Ports: GSO, Narragansett RI to GSO, Narragansett RI
** Station:  CTD09
** Bottom Depth: 3421
** Operator:  GD
# nquan = 27
# nvalues = 1995                        
# units = specified
# name 0 = scan: Scan Count
# name 1 = timeJ: Julian Days
# name 2 = timeS: Time, Elapsed [seconds]
# name 3 = prDM: Pressure, Digiquartz [db]
# name 4 = t090C: Temperature [ITS-90, deg C]
# name 5 = t190C: Temperature, 2 [ITS-90, deg C]
# name 6 = T2-T190C: Temperature Difference, 2 - 1 [ITS-90, deg C]
# name 7 = c0S/m: Conductivity [S/m]
# name 8 = c1S/m: Conductivity, 2 [S/m]
# name 9 = altM: Altimeter [m]
# name 10 = pumps: Pump Status
# name 11 = latitude: Latitude [deg]
# name 12 = longitude: Longitude [deg]
# name 13 = C2-C1S/m: Conductivity Difference, 2 - 1 [S/m]
# name 14 = depSM: Depth [salt water, m]
# name 15 = depSM: Depth [salt water, m], lat = 38.875
# name 16 = sal00: Salinity, Practical [PSU]
# name 17 = sigma-é00: Density [sigma-theta, kg/m^3]
# name 18 = oxsolMm/Kg: Oxygen Saturation, Garcia & Gordon [umol/kg]
# name 19 = oxsatMm/Kg: Oxygen Saturation, Weiss [umol/kg]
# name 20 = potemp090C: Potential Temperature [ITS-90, deg C]
# name 21 = svCM: Sound Velocity [Chen-Millero, m/s]
# name 22 = svCM1: Sound Velocity, 2 [Chen-Millero, m/s]
# name 23 = dz/dtM: Descent Rate [m/s], WS = 2
# name 24 = gpa: Geopotential Anomaly [J/kg]
# name 25 = nbin: number of scans per bin
# name 26 = flag: flag
# span 0 =        291,      56853       
# span 1 = 206.043855, 206.071133       
# span 2 =     12.073,   2368.851       
# span 3 =      7.053,   2026.008       
# span 4 =     3.5807,    23.8944       
# span 5 =     3.5802,    23.9001       
# span 6 =    -0.1242,     0.0563       
# span 7 =   3.301667,   4.863524       
# span 8 =   3.301831,   4.867032       
# span 9 =     -11.08,      95.88       
# span 10 =          1,          1      
# span 11 =   38.87510,   38.87648      
# span 12 =  -63.68329,  -63.66918      
# span 13 =  -0.007104,   0.023808      
# span 14 =      7.000,   2001.033      
# span 15 =      7.000,   2001.000      
# span 16 =    32.2352,    35.3033      
# span 17 =    21.7472,    27.8111      
# span 18 =  214.09096,  318.10729      
# span 19 =  213.56790,  318.99204      
# span 20 =     3.4170,    23.8923      
# span 21 =    1478.42,    1529.19      
# span 22 =    1478.45,    1529.23      
# span 23 =     -0.166,      1.658      
# span 24 =      0.031,     13.966      
# span 25 =         12,        784      
# span 26 = 0.0000e+00, 0.0000e+00      
# interval = meters: 1                  
# start_time = Jul 24 2024 01:02:57 [System UTC, header]
# bad_flag = -9.990e-29
*END*
[from data line 1396]
      40169 206.063086   1673.661   1418.503     4.0750     4.0762     0.0012   3.322558   3.322661       0.10          1   38.87604  -63.67380   0.000105   1402.996   1403.000    34.9749    27.7703  314.28943  315.10256     3.9614    1490.31    1490.32      0.947     11.145         26 0.0000e+00
      40193 206.063098   1674.668   1419.517     4.0748     4.0762     0.0013   3.322580   3.322701      49.19          1   38.87604  -63.67380   0.000116   1404.002   1404.000    34.9748    27.7703  314.29083  315.10398     3.9611    1490.33    1490.34      0.996     11.150         24 0.0000e+00
      40219 206.063110   1675.734   1420.532     4.0744     4.0756     0.0012   3.322589   3.322691       2.25          1   38.87604  -63.67379   0.000103   1405.003   1405.000    34.9749    27.7704  314.29397  315.10719     3.9606    1490.34    1490.35      0.878     11.154         28 0.0000e+00
      40249 206.063125   1676.995   1421.546     4.0744     4.0754     0.0011   3.322619   3.322725      21.08          1   38.87604  -63.67378   0.000100   1405.997   1406.000    34.9748    27.7703  314.29443  315.10764     3.9605    1490.36    1490.37      0.820     11.159         30 0.0000e+00
      40276 206.063138   1678.124   1422.561     4.0745     4.0755     0.0010   3.322684   3.322773      25.92          1   38.87604  -63.67378   0.000092   1406.995   1407.000    34.9749    27.7704  314.29311  315.10631     3.9605    1490.38    1490.38      1.035     11.164         24 0.0000e+00
      40297 206.063148   1679.006   1423.575     4.0739     4.0748     0.0009   3.322673   3.322771      30.33          1   38.87604  -63.67376   0.000097   1407.998   1408.000    34.9749    27.7705  314.29762  315.11091     3.9598    1490.39    1490.40      1.182     11.168         20 0.0000e+00
      40317 206.063158   1679.853   1424.590     4.0737     4.0747     0.0010   3.322681   3.322793      27.81          1   38.87604  -63.67376   0.000115   1409.007   1409.000    34.9747    27.7704  314.29984  315.11315     3.9595    1490.41    1490.41      1.081     11.173         21 0.0000e+00
      40346 206.063172   1681.033   1425.604     4.0729     4.0746     0.0017   3.322662   3.322864       1.93          1   38.87604  -63.67376   0.000160   1410.003   1410.000    34.9748    27.7706  314.30553  315.11896     3.9586    1490.42    1490.43      0.751     11.178         36 0.0000e+00
      40379 206.063188   1682.434   1426.619     4.0780     4.0802     0.0021   3.323372   3.323540      36.86          1   38.87604  -63.67374   0.000148   1410.993   1411.000    34.9773    27.7720  314.26086  315.07364     3.9636    1490.47    1490.47      0.876     11.183         28 0.0000e+00
      40403 206.063199   1683.417   1427.633     4.0818     4.0827     0.0009   3.323781   3.323884       9.99          1   38.87604  -63.67374   0.000107   1411.994   1412.000    34.9777    27.7719  314.23184  315.04409     3.9672    1490.50    1490.50      1.143     11.187         21 0.0000e+00
      40423 206.063209   1684.240   1428.648     4.0816     4.0827     0.0011   3.323813   3.323937       0.71          1   38.87604  -63.67374   0.000117   1413.002   1413.000    34.9777    27.7720  314.23298  315.04526     3.9670    1490.51    1490.52      1.207     11.192         19 0.0000e+00
      40444 206.063219   1685.120   1429.662     4.0826     4.0839     0.0013   3.323972   3.324093       0.60          1   38.87604  -63.67372   0.000105   1414.007   1414.000    34.9780    27.7721  314.22465  315.03679     3.9678    1490.53    1490.54      1.027     11.197         24 0.0000e+00
      40473 206.063233   1686.322   1430.677     4.0836     4.0847     0.0011   3.324111   3.324229      18.99          1   38.87604  -63.67372   0.000115   1415.000   1415.000    34.9781    27.7721  314.21678  315.02878     3.9688    1490.56    1490.56      0.794     11.202         33 0.0000e+00
      40502 206.063247   1687.546   1431.691     4.0837     4.0849     0.0012   3.324159   3.324281       0.24          1   38.87604  -63.67371   0.000119   1415.993   1416.000    34.9781    27.7721  314.21625  315.02824     3.9688    1490.57    1490.58      0.984     11.206         24 0.0000e+00
      40524 206.063258   1688.454   1432.706     4.0838     4.0849     0.0011   3.324211   3.324329       0.60          1   38.87604  -63.67370   0.000117   1416.998   1417.000    34.9781    27.7720  314.21540  315.02737     3.9688    1490.59    1490.60      1.165     11.211         21 0.0000e+00
      40544 206.063267   1689.298   1433.720     4.0830     4.0844     0.0014   3.324154   3.324312      30.31          1   38.87604  -63.67370   0.000155   1418.002   1418.000    34.9777    27.7719  314.22217  315.03424     3.9679    1490.60    1490.61      1.159     11.216         20 0.0000e+00
      40567 206.063278   1690.233   1434.735     4.0834     4.0849     0.0015   3.324265   3.324396      23.94          1   38.87604  -63.67370   0.000116   1419.007   1419.000    34.9781    27.7721  314.21812  315.03015     3.9682    1490.62    1490.63      0.971     11.220         25 0.0000e+00
      40597 206.063293   1691.500   1435.749     4.0839     4.0849     0.0011   3.324350   3.324471      34.45          1   38.87604  -63.67368   0.000116   1420.001   1420.000    34.9781    27.7721  314.21480  315.02677     3.9685    1490.64    1490.65      0.728     11.225         35 0.0000e+00
      40630 206.063309   1692.886   1436.764     4.0853     4.0860     0.0008   3.324540   3.324625      30.79          1   38.87604  -63.67368   0.000087   1420.997   1421.000    34.9784    27.7722  314.20356  315.01533     3.9699    1490.67    1490.67      0.823     11.230         30 0.0000e+00
      40657 206.063322   1694.002   1437.779     4.0837     4.0850     0.0013   3.324426   3.324557       0.48          1   38.87604  -63.67367   0.000139   1421.998   1422.000    34.9782    27.7722  314.21589  315.02789     3.9682    1490.68    1490.68      0.975     11.235         25 0.0000e+00
      40680 206.063333   1694.978   1438.793     4.0812     4.0820     0.0007   3.324221   3.324328      29.72          1   38.87604  -63.67366   0.000125   1422.993   1423.000    34.9779    27.7722  314.23532  315.04766     3.9657    1490.68    1490.69      1.142     11.239         21 0.0000e+00
      40700 206.063343   1695.795   1439.808     4.0800     4.0807     0.0007   3.324166   3.324256      63.74          1   38.87604  -63.67365   0.000098   1423.997   1424.000    34.9780    27.7725  314.24425  315.05677     3.9644    1490.69    1490.70      1.285     11.244         19 0.0000e+00
      40718 206.063351   1696.561   1440.822     4.0787     4.0794     0.0006   3.324078   3.324169       2.44          1   38.87604  -63.67364   0.000098   1425.006   1425.000    34.9778    27.7725  314.25426  315.06695     3.9630    1490.70    1490.71      1.224     11.249         19 0.0000e+00
      40743 206.063363   1697.567   1441.837     4.0761     4.0772     0.0011   3.323866   3.323999       0.70          1   38.87604  -63.67364   0.000144   1426.010   1426.000    34.9776    27.7726  314.27459  315.08765     3.9603    1490.71    1490.72      0.821     11.254         32 0.0000e+00
      40781 206.063381   1699.163   1442.851     4.0747     4.0757     0.0010   3.323786   3.323900      38.51          1   38.87604  -63.67363   0.000111   1426.990   1427.000    34.9777    27.7728  314.28524  315.09851     3.9588    1490.72    1490.73      0.717     11.258         35 0.0000e+00
      40807 206.063394   1700.239   1443.866     4.0743     4.0754     0.0011   3.323785   3.323908       0.23          1   38.87604  -63.67362   0.000125   1427.995   1428.000    34.9776    27.7727  314.28839  315.10171     3.9584    1490.74    1490.74      1.111     11.263         22 0.0000e+00
      40827 206.063404   1701.066   1444.880     4.0728     4.0740     0.0012   3.323659   3.323816       0.55          1   38.87604  -63.67362   0.000179   1428.996   1429.000    34.9772    27.7726  314.30084  315.11437     3.9568    1490.75    1490.75      1.250     11.268         18 0.0000e+00
      40846 206.063413   1701.871   1445.895     4.0710     4.0719     0.0009   3.323539   3.323656       0.69          1   38.87604  -63.67362   0.000123   1430.008   1430.000    34.9772    27.7728  314.31451  315.12829     3.9549    1490.76    1490.76      1.163     11.272         21 0.0000e+00
      40870 206.063424   1702.871   1446.910     4.0699     4.0712     0.0012   3.323495   3.323607       0.59          1   38.87604  -63.67361   0.000113   1431.005   1431.000    34.9773    27.7730  314.32225  315.13619     3.9537    1490.77    1490.78      0.913     11.277         28 0.0000e+00
      40900 206.063439   1704.105   1447.924     4.0699     4.0708     0.0009   3.323524   3.323618      21.64          1   38.87604  -63.67360   0.000095   1431.998   1432.000    34.9772    27.7729  314.32290  315.13685     3.9536    1490.79    1490.79      0.828     11.282         29 0.0000e+00
      40928 206.063452   1705.279   1448.939     4.0695     4.0706     0.0010   3.323535   3.323634       0.04          1   38.87604  -63.67358   0.000094   1432.998   1433.000    34.9771    27.7729  314.32534  315.13933     3.9532    1490.80    1490.81      0.912     11.287         27 0.0000e+00
      40953 206.063464   1706.329   1449.953     4.0685     4.0696     0.0011   3.323474   3.323582       0.50          1   38.87604  -63.67358   0.000121   1433.999   1434.000    34.9770    27.7729  314.33330  315.14742     3.9521    1490.81    1490.82      1.024     11.291         24 0.0000e+00
      40976 206.063475   1707.274   1450.968     4.0673     4.0684     0.0011   3.323410   3.323516       0.47          1   38.87604  -63.67358   0.000106   1434.998   1435.000    34.9770    27.7731  314.34266  315.15697     3.9508    1490.83    1490.83      1.094     11.296         22 0.0000e+00
      40997 206.063486   1708.187   1451.983     4.0671     4.0682     0.0011   3.323436   3.323553      27.03          1   38.87604  -63.67358   0.000110   1436.001   1436.000    34.9770    27.7731  314.34401  315.15834     3.9505    1490.84    1490.85      1.105     11.301         22 0.0000e+00
      41020 206.063497   1709.123   1452.997     4.0666     4.0677     0.0011   3.323418   3.323515      25.48          1   38.87604  -63.67356   0.000109   1437.004   1437.000    34.9769    27.7731  314.34838  315.16278     3.9499    1490.86    1490.86      1.013     11.306         24 0.0000e+00
      41047 206.063510   1710.257   1454.012     4.0647     4.0654     0.0007   3.323297   3.323373       1.25          1   38.87604  -63.67356   0.000090   1438.003   1438.000    34.9769    27.7733  314.36217  315.17683     3.9480    1490.87    1490.87      0.805     11.310         31 0.0000e+00
      41080 206.063526   1711.646   1455.027     4.0615     4.0623     0.0008   3.323035   3.323145      18.41          1   38.87604  -63.67355   0.000114   1438.998   1439.000    34.9767    27.7735  314.38691  315.20203     3.9447    1490.87    1490.87      0.738     11.315         33 0.0000e+00
      41111 206.063541   1712.917   1456.041     4.0601     4.0614     0.0012   3.322950   3.323079      33.86          1   38.87604  -63.67354   0.000137   1439.995   1440.000    34.9767    27.7736  314.39758  315.21290     3.9432    1490.88    1490.89      0.911     11.320         27 0.0000e+00
      41135 206.063552   1713.909   1457.056     4.0584     4.0597     0.0013   3.322821   3.322957      42.22          1   38.87604  -63.67354   0.000145   1440.995   1441.000    34.9764    27.7736  314.41095  315.22650     3.9415    1490.89    1490.90      1.141     11.324         22 0.0000e+00
      41154 206.063562   1714.722   1458.071     4.0584     4.0593     0.0009   3.322866   3.322970       0.87          1   38.87605  -63.67353   0.000099   1441.993   1442.000    34.9765    27.7737  314.41121  315.22677     3.9413    1490.91    1490.91      1.337     11.329         18 0.0000e+00
      41171 206.063570   1715.433   1459.085     4.0580     4.0588     0.0008   3.322873   3.322962       0.74          1   38.87606  -63.67352   0.000075   1443.001   1443.000    34.9766    27.7738  314.41422  315.22984     3.9408    1490.92    1490.92      1.419     11.334         16 0.0000e+00
      41189 206.063578   1716.149   1460.100     4.0580     4.0592     0.0012   3.322914   3.323049      31.87          1   38.87606  -63.67352   0.000129   1444.010   1444.000    34.9765    27.7737  314.41398  315.22960     3.9408    1490.94    1490.94      1.261     11.339         19 0.0000e+00
      41214 206.063591   1717.227   1461.114     4.0550     4.0556     0.0006   3.322643   3.322733       3.07          1   38.87606  -63.67352   0.000113   1445.009   1445.000    34.9759    27.7736  314.43781  315.25384     3.9377    1490.94    1490.94      0.763     11.343         36 0.0000e+00
      41254 206.063610   1718.891   1462.129     4.0510     4.0519     0.0009   3.322294   3.322418      31.68          1   38.87604  -63.67351   0.000140   1445.990   1446.000    34.9756    27.7738  314.46942  315.28602     3.9336    1490.94    1490.95      0.731     11.348         34 0.0000e+00
      41280 206.063622   1719.953   1463.144     4.0478     4.0488     0.0010   3.322035   3.322160       9.50          1   38.87604  -63.67350   0.000139   1446.997   1447.000    34.9755    27.7740  314.49402  315.31108     3.9304    1490.95    1490.95      1.071     11.353         22 0.0000e+00
      41301 206.063632   1720.846   1464.158     4.0464     4.0474     0.0010   3.321955   3.322066       0.75          1   38.87604  -63.67350   0.000110   1448.005   1448.000    34.9755    27.7741  314.50446  315.32171     3.9289    1490.96    1490.96      1.060     11.358         22 0.0000e+00
      41328 206.063645   1721.957   1465.173     4.0451     4.0459     0.0008   3.321872   3.321974       6.47          1   38.87604  -63.67349   0.000109   1449.004   1449.000    34.9753    27.7742  314.51431  315.33174     3.9276    1490.97    1490.97      0.818     11.362         32 0.0000e+00
      41359 206.063660   1723.246   1466.188     4.0436     4.0447     0.0011   3.321767   3.321894      16.07          1   38.87604  -63.67348   0.000132   1449.991   1450.000    34.9752    27.7743  314.52628  315.34393     3.9259    1490.98    1490.98      0.941     11.367         27 0.0000e+00
      41381 206.063671   1724.157   1467.203     4.0428     4.0436     0.0008   3.321732   3.321841       0.42          1   38.87604  -63.67348   0.000112   1450.993   1451.000    34.9752    27.7743  314.53256  315.35032     3.9250    1490.99    1491.00      1.287     11.372         18 0.0000e+00
      41398 206.063679   1724.866   1468.217     4.0417     4.0427     0.0009   3.321660   3.321795      38.45          1   38.87604  -63.67347   0.000155   1451.997   1452.000    34.9749    27.7742  314.54098  315.35888     3.9239    1491.00    1491.01      1.439     11.376         16 0.0000e+00
      41414 206.063687   1725.560   1469.232     4.0366     4.0371     0.0005   3.321179   3.321281      33.32          1   38.87604  -63.67346   0.000162   1453.009   1453.000    34.9742    27.7742  314.58180  315.40042     3.9188    1491.00    1491.00      1.305     11.381         18 0.0000e+00
      41439 206.063699   1726.576   1470.247     4.0319     4.0329     0.0009   3.320830   3.320936      19.29          1   38.87605  -63.67346   0.000115   1454.008   1454.000    34.9745    27.7749  314.61620  315.43549     3.9141    1491.00    1491.00      0.836     11.386         34 0.0000e+00
      41474 206.063716   1728.023   1471.261     4.0309     4.0318     0.0009   3.320799   3.320889      -0.28          1   38.87606  -63.67346   0.000091   1454.992   1455.000    34.9747    27.7752  314.62342  315.44287     3.9130    1491.01    1491.01      0.810     11.391         29 0.0000e+00
