ctd/proc/stn_1.cnv
* Sea-Bird SBE 19plus V2 Data File:
* FileName = D:\ctd\raw\Stn 1.hdr
* Software Version Seasave V 7.26.7.121
* Temperature SN = 8082
* Conductivity SN = 8082
* System UpLoad Time = Apr 22 2024 07:07:14
* NMEA Latitude = 43 33.98 N
* NMEA Longitude = 069 46.04 W
* NMEA UTC (Time) = Apr 22 2024  07:07:13
** Ship: R/V Endeavor
** Cruise: EN714
** Principal Investigator: Vivien Taylor
** Chief Scientist: Vivien Taylor
** Project: Penobscot Bay Hg
** Cruise Start Date: 21 Apr 2024
** Ports: GSO  to GSO, URI, Narragansett, Rhode Island
** Station:  1
** Bottom Depth (m): 92
** Operator:  vft
# nquan = 11
# nvalues = 3700                        
# units = specified
# name 0 = scan: Scan Count
# name 1 = timeJ: Julian Days
# name 2 = timeS: Time, Elapsed [seconds]
# name 3 = prdM: Pressure, Strain Gauge [db]
# name 4 = tv290C: Temperature [ITS-90, deg C]
# name 5 = c0S/m: Conductivity [S/m]
# name 6 = altM: Altimeter [m]
# name 7 = latitude: Latitude [deg]
# name 8 = longitude: Longitude [deg]
# name 9 = depSM: Depth [salt water, m]
# name 10 = flag:  0.000e+00
# span 0 =          1,       3700       
# span 1 = 113.296690, 113.307393       
# span 2 =      0.000,    924.750       
# span 3 =      1.384,     78.737       
# span 4 =     4.5563,     7.3630       
# span 5 =   2.843285,   3.147392       
# span 6 =       6.17,      91.82       
# span 7 =   43.56208,   43.56626       
# span 8 =  -69.77048,  -69.76732       
# span 9 =      1.373,     78.093       
# span 10 = 0.0000e+00, 0.0000e+00      
# interval = seconds: 0.25
# start_time = Apr 22 2024 07:07:14 [System UTC, header]
# bad_flag = -9.990e-29
*END*
[from data line 132]
        133 113.297072     33.000      5.891     6.9179   3.023941      85.65   43.56608  -69.76742      5.844 0.0000e+00
        134 113.297075     33.250      5.887     6.9371   3.015415      85.85   43.56608  -69.76742      5.840 0.0000e+00
        135 113.297078     33.500      5.879     6.9585   3.001526      85.82   43.56608  -69.76742      5.833 0.0000e+00
        136 113.297080     33.750      5.889     6.9804   2.998252      85.90   43.56608  -69.76742      5.841 0.0000e+00
        137 113.297083     34.000      5.908     6.9985   2.987091      85.68   43.56608  -69.76742      5.861 0.0000e+00
        138 113.297086     34.250      5.912     7.0159   2.997637      85.78   43.56608  -69.76742      5.865 0.0000e+00
        139 113.297089     34.500      5.907     7.0184   3.015348      85.60   43.56608  -69.76742      5.861 0.0000e+00
        140 113.297092     34.750      5.891     7.0007   3.022697      85.73   43.56608  -69.76742      5.843 0.0000e+00
        141 113.297095     35.000      5.876     6.9815   3.024538      85.86   43.56608  -69.76742      5.828 0.0000e+00
        142 113.297098     35.250      5.858     6.9689   3.021303      86.12   43.56608  -69.76742      5.811 0.0000e+00
        143 113.297101     35.500      5.820     6.9638   3.018847      85.86   43.56608  -69.76742      5.774 0.0000e+00
        144 113.297104     35.750      5.793     6.9641   3.014221      85.93   43.56608  -69.76742      5.747 0.0000e+00
        145 113.297106     36.000      5.753     6.9676   3.012370      85.92   43.56608  -69.76742      5.707 0.0000e+00
        146 113.297109     36.250      5.689     6.9721   3.011574      85.96   43.56608  -69.76742      5.643 0.0000e+00
        147 113.297112     36.500      5.645     6.9757   3.009187      85.73   43.56608  -69.76742      5.599 0.0000e+00
        148 113.297115     36.750      5.589     6.9794   3.008265      85.83   43.56608  -69.76742      5.544 0.0000e+00
        149 113.297118     37.000      5.537     6.9829   3.008657      86.17   43.56606  -69.76742      5.493 0.0000e+00
        150 113.297121     37.250      5.501     6.9851   3.005928      85.93   43.56606  -69.76742      5.457 0.0000e+00
        151 113.297124     37.500      5.485     6.9882   3.005090      85.98   43.56606  -69.76742      5.442 0.0000e+00
        152 113.297127     37.750      5.464     6.9909   3.007843      85.98   43.56606  -69.76742      5.422 0.0000e+00
        153 113.297130     38.000      5.446     6.9904   3.007777      86.08   43.56606  -69.76744      5.403 0.0000e+00
        154 113.297133     38.250      5.452     6.9884   3.011905      86.22   43.56606  -69.76744      5.408 0.0000e+00
        155 113.297135     38.500      5.447     6.9856   3.014003      86.07   43.56606  -69.76744      5.404 0.0000e+00
        156 113.297138     38.750      5.453     6.9823   3.021393      86.16   43.56606  -69.76744      5.409 0.0000e+00
        157 113.297141     39.000      5.445     6.9752   3.025492      86.24   43.56606  -69.76744      5.402 0.0000e+00
        158 113.297144     39.250      5.433     6.9662   3.022190      86.17   43.56606  -69.76744      5.390 0.0000e+00
        159 113.297147     39.500      5.411     6.9632   3.016898      86.40   43.56606  -69.76744      5.367 0.0000e+00
        160 113.297150     39.750      5.370     6.9659   3.013714      86.28   43.56606  -69.76744      5.326 0.0000e+00
        161 113.297153     40.000      5.335     6.9711   3.009079      86.27   43.56606  -69.76744      5.292 0.0000e+00
        162 113.297156     40.250      5.295     6.9778   2.999654      86.34   43.56606  -69.76744      5.252 0.0000e+00
        163 113.297159     40.500      5.225     6.9921   2.984885      86.80   43.56606  -69.76744      5.182 0.0000e+00
        164 113.297161     40.750      5.157     7.0110   2.985474      86.37   43.56606  -69.76744      5.115 0.0000e+00
        165 113.297164     41.000      5.115     7.0283   2.961580      86.41   43.56604  -69.76744      5.074 0.0000e+00
        166 113.297167     41.250      5.059     7.0535   2.961772      86.47   43.56604  -69.76744      5.018 0.0000e+00
        167 113.297170     41.500      4.997     7.0773   2.953079      86.57   43.56604  -69.76744      4.957 0.0000e+00
        168 113.297173     41.750      4.951     7.0930   2.954084      86.41   43.56604  -69.76744      4.912 0.0000e+00
        169 113.297176     42.000      4.919     7.1037   2.947749      86.57   43.56604  -69.76744      4.880 0.0000e+00
        170 113.297179     42.250      4.886     7.1149   2.937878      86.64   43.56604  -69.76744      4.847 0.0000e+00
        171 113.297182     42.500      4.889     7.1293   2.950339      86.65   43.56604  -69.76744      4.850 0.0000e+00
        172 113.297185     42.750      4.892     7.1301   2.954287      86.77   43.56604  -69.76744      4.853 0.0000e+00
        173 113.297188     43.000      4.882     7.1216   2.947558      86.89   43.56604  -69.76744      4.843 0.0000e+00
        174 113.297190     43.250      4.878     7.1226   2.928234      86.82   43.56604  -69.76744      4.839 0.0000e+00
        175 113.297193     43.500      4.839     7.1469   2.893088      86.90   43.56604  -69.76744      4.801 0.0000e+00
        176 113.297196     43.750      4.803     7.1935   2.889040      86.85   43.56604  -69.76744      4.764 0.0000e+00
        177 113.297199     44.000      4.774     7.2312   2.890060      86.87   43.56602  -69.76746      4.735 0.0000e+00
        178 113.297202     44.250      4.715     7.2494   2.893004      87.01   43.56602  -69.76746      4.677 0.0000e+00
        179 113.297205     44.500      4.623     7.2536   2.899847      86.79   43.56602  -69.76746      4.586 0.0000e+00
        180 113.297208     44.750      4.555     7.2499   2.892018      87.10   43.56602  -69.76746      4.519 0.0000e+00
        181 113.297211     45.000      4.499     7.2500   2.900952      87.15   43.56602  -69.76746      4.463 0.0000e+00
        182 113.297214     45.250      4.427     7.2461   2.896175      86.92   43.56602  -69.76746      4.393 0.0000e+00
        183 113.297216     45.500      4.369     7.2434   2.888754      87.03   43.56602  -69.76746      4.334 0.0000e+00
        184 113.297219     45.750      4.319     7.2510   2.882953      87.24   43.56602  -69.76746      4.285 0.0000e+00
        185 113.297222     46.000      4.305     7.2647   2.876948      87.15   43.56602  -69.76746      4.272 0.0000e+00
        186 113.297225     46.250      4.316     7.2793   2.872435      87.54   43.56602  -69.76746      4.282 0.0000e+00
        187 113.297228     46.500      4.305     7.2924   2.862753      87.00   43.56602  -69.76746      4.272 0.0000e+00
        188 113.297231     46.750      4.307     7.3080   2.859377      86.92   43.56602  -69.76746      4.273 0.0000e+00
        189 113.297234     47.000      4.315     7.3216   2.858260      86.83   43.56602  -69.76746      4.280 0.0000e+00
        190 113.297237     47.250      4.297     7.3296   2.857226      87.14   43.56602  -69.76746      4.263 0.0000e+00
        191 113.297240     47.500      4.271     7.3351   2.857273      87.00   43.56602  -69.76746      4.237 0.0000e+00
        192 113.297242     47.750      4.242     7.3381   2.857249      87.13   43.56600  -69.76746      4.208 0.0000e+00
        193 113.297245     48.000      4.196     7.3389   2.856965      87.09   43.56600  -69.76746      4.162 0.0000e+00
        194 113.297248     48.250      4.101     7.3385   2.860187      86.93   43.56600  -69.76746      4.068 0.0000e+00
        195 113.297251     48.500      4.027     7.3348   2.858738      86.97   43.56600  -69.76746      3.995 0.0000e+00
        196 113.297254     48.750      3.976     7.3325   2.854891      87.27   43.56600  -69.76746      3.944 0.0000e+00
        197 113.297257     49.000      3.922     7.3362   2.855955      87.04   43.56600  -69.76746      3.891 0.0000e+00
        198 113.297260     49.250      3.911     7.3395   2.854927      87.32   43.56600  -69.76746      3.880 0.0000e+00
        199 113.297263     49.500      3.922     7.3421   2.853155      87.13   43.56600  -69.76746      3.890 0.0000e+00
        200 113.297266     49.750      3.921     7.3459   2.852611      87.27   43.56600  -69.76746      3.889 0.0000e+00
        201 113.297269     50.000      3.924     7.3491   2.853922      87.11   43.56600  -69.76746      3.892 0.0000e+00
        202 113.297271     50.250      3.941     7.3500   2.855204      87.10   43.56600  -69.76746      3.909 0.0000e+00
        203 113.297274     50.500      3.922     7.3490   2.855559      87.37   43.56600  -69.76746      3.891 0.0000e+00
        204 113.297277     50.750      3.889     7.3477   2.855718      87.08   43.56600  -69.76748      3.858 0.0000e+00
        205 113.297280     51.000      3.844     7.3469   2.855801      87.23   43.56600  -69.76748      3.814 0.0000e+00
        206 113.297283     51.250      3.783     7.3447   2.859158      87.29   43.56600  -69.76748      3.752 0.0000e+00
        207 113.297286     51.500      3.690     7.3407   2.858082      87.54   43.56600  -69.76748      3.660 0.0000e+00
        208 113.297289     51.750      3.581     7.3382   2.857450      87.30   43.56600  -69.76748      3.551 0.0000e+00
        209 113.297292     52.000      3.461     7.3373   2.856534      87.68   43.56600  -69.76748      3.432 0.0000e+00
        210 113.297295     52.250      3.334     7.3373   2.856043      87.51   43.56600  -69.76748      3.308 0.0000e+00
        211 113.297297     52.500      3.230     7.3375   2.856002      87.92   43.56600  -69.76748      3.205 0.0000e+00
        212 113.297300     52.750      3.130     7.3372   2.855346      88.06   43.56598  -69.76748      3.106 0.0000e+00
        213 113.297303     53.000      3.057     7.3383   2.852830      87.90   43.56598  -69.76748      3.033 0.0000e+00
        214 113.297306     53.250      3.011     7.3413   2.853769      88.04   43.56598  -69.76748      2.986 0.0000e+00
        215 113.297309     53.500      2.993     7.3437   2.853562      88.12   43.56598  -69.76748      2.969 0.0000e+00
        216 113.297312     53.750      2.987     7.3451   2.853060      88.13   43.56598  -69.76748      2.963 0.0000e+00
        217 113.297315     54.000      2.982     7.3471   2.851140      88.24   43.56598  -69.76748      2.960 0.0000e+00
        218 113.297318     54.250      2.997     7.3504   2.850881      88.46   43.56598  -69.76748      2.974 0.0000e+00
        219 113.297321     54.500      3.014     7.3533   2.850202      88.51   43.56598  -69.76748      2.989 0.0000e+00
        220 113.297323     54.750      3.019     7.3549   2.849393      88.34   43.56598  -69.76748      2.994 0.0000e+00
        221 113.297326     55.000      3.015     7.3562   2.848720      88.35   43.56598  -69.76748      2.990 0.0000e+00
        222 113.297329     55.250      2.985     7.3574   2.847887      88.33   43.56598  -69.76748      2.961 0.0000e+00
        223 113.297332     55.500      2.917     7.3584   2.848844      88.52   43.56598  -69.76748      2.894 0.0000e+00
        224 113.297335     55.750      2.858     7.3579   2.850568      88.43   43.56598  -69.76748      2.835 0.0000e+00
        225 113.297338     56.000      2.806     7.3562   2.850638      88.65   43.56598  -69.76748      2.783 0.0000e+00
        226 113.297341     56.250      2.730     7.3543   2.850201      88.17   43.56598  -69.76748      2.708 0.0000e+00
        227 113.297344     56.500      2.666     7.3526   2.849830      88.44   43.56598  -69.76748      2.644 0.0000e+00
        228 113.297347     56.750      2.585     7.3517   2.849788      88.21   43.56596  -69.76748      2.565 0.0000e+00
        229 113.297350     57.000      2.530     7.3515   2.850072      88.25   43.56596  -69.76748      2.510 0.0000e+00
        230 113.297352     57.250      2.516     7.3516   2.849829      88.78   43.56596  -69.76748      2.496 0.0000e+00
        231 113.297355     57.500      2.486     7.3520   2.849676      88.79   43.56596  -69.76748      2.467 0.0000e+00
        232 113.297358     57.750      2.475     7.3523   2.850402      88.27   43.56596  -69.76748      2.455 0.0000e+00
        233 113.297361     58.000      2.463     7.3523   2.850880      88.87   43.56596  -69.76748      2.443 0.0000e+00
        234 113.297364     58.250      2.422     7.3520   2.851229      88.61   43.56596  -69.76748      2.402 0.0000e+00
        235 113.297367     58.500      2.366     7.3517   2.850969      88.89   43.56596  -69.76748      2.348 0.0000e+00
        236 113.297370     58.750      2.314     7.3516   2.851034      88.50   43.56596  -69.76750      2.295 0.0000e+00
        237 113.297373     59.000      2.234     7.3509   2.851559      88.64   43.56596  -69.76750      2.217 0.0000e+00
        238 113.297376     59.250      2.142     7.3493   2.850727      88.99   43.56596  -69.76750      2.126 0.0000e+00
        239 113.297378     59.500      2.060     7.3485   2.850768      89.14   43.56596  -69.76750      2.042 0.0000e+00
        240 113.297381     59.750      1.971     7.3482   2.850839      88.71   43.56596  -69.76750      1.954 0.0000e+00
        241 113.297384     60.000      1.918     7.3479   2.851193      89.05   43.56596  -69.76750      1.903 0.0000e+00
        242 113.297387     60.250      1.882     7.3481   2.851294      89.13   43.56596  -69.76750      1.867 0.0000e+00
        243 113.297390     60.500      1.845     7.3483   2.850508      89.19   43.56596  -69.76750      1.830 0.0000e+00
        244 113.297393     60.750      1.803     7.3491   2.850638      89.33   43.56596  -69.76750      1.790 0.0000e+00
        245 113.297396     61.000      1.760     7.3499   2.851796      89.38   43.56596  -69.76750      1.747 0.0000e+00
        246 113.297399     61.250      1.703     7.3497   2.851973      89.49   43.56596  -69.76750      1.689 0.0000e+00
        247 113.297402     61.500      1.611     7.3490   2.851317      88.69   43.56596  -69.76750      1.598 0.0000e+00
        248 113.297405     61.750      1.530     7.3485   2.851441      89.04   43.56594  -69.76750      1.518 0.0000e+00
        249 113.297407     62.000      1.481     7.3467   2.851400      88.74   43.56594  -69.76750      1.469 0.0000e+00
        250 113.297410     62.250      1.477     7.3457   2.849351      88.76   43.56594  -69.76750      1.464 0.0000e+00
        251 113.297413     62.500      1.513     7.3476   2.848637      88.77   43.56594  -69.76750      1.500 0.0000e+00
        252 113.297416     62.750      1.573     7.3504   2.846842      89.03   43.56594  -69.76750      1.561 0.0000e+00
        253 113.297419     63.000      1.665     7.3531   2.849351      89.60   43.56594  -69.76750      1.653 0.0000e+00
        254 113.297422     63.250      1.766     7.3545   2.845509      89.66   43.56594  -69.76750      1.752 0.0000e+00
        255 113.297425     63.500      1.838     7.3567   2.844028      89.69   43.56594  -69.76750      1.823 0.0000e+00
        256 113.297428     63.750      1.873     7.3595   2.844417      89.35   43.56594  -69.76750      1.859 0.0000e+00
        257 113.297431     64.000      1.872     7.3608   2.844305      89.29   43.56594  -69.76750      1.857 0.0000e+00
        258 113.297433     64.250      1.876     7.3613   2.844305      89.02   43.56594  -69.76750      1.861 0.0000e+00
        259 113.297436     64.500      1.868     7.3614   2.844441      88.91   43.56594  -69.76750      1.854 0.0000e+00
        260 113.297439     64.750      1.834     7.3610   2.844724      88.93   43.56594  -69.76750      1.819 0.0000e+00
        261 113.297442     65.000      1.803     7.3605   2.845161      89.09   43.56594  -69.76750      1.788 0.0000e+00
        262 113.297445     65.250      1.781     7.3598   2.845137      89.23   43.56594  -69.76750      1.766 0.0000e+00
