ctd/proc/stn_1.cnv
* Sea-Bird SBE 19plus V2 Data File:
* FileName = D:\ctd\raw\Stn 1.hdr
* Software Version Seasave V 7.26.7.121
* Temperature SN = 8082
* Conductivity SN = 8082
* System UpLoad Time = Apr 22 2024 07:07:14
* NMEA Latitude = 43 33.98 N
* NMEA Longitude = 069 46.04 W
* NMEA UTC (Time) = Apr 22 2024  07:07:13
** Ship: R/V Endeavor
** Cruise: EN714
** Principal Investigator: Vivien Taylor
** Chief Scientist: Vivien Taylor
** Project: Penobscot Bay Hg
** Cruise Start Date: 21 Apr 2024
** Ports: GSO  to GSO, URI, Narragansett, Rhode Island
** Station:  1
** Bottom Depth (m): 92
** Operator:  vft
# nquan = 11
# nvalues = 3700                        
# units = specified
# name 0 = scan: Scan Count
# name 1 = timeJ: Julian Days
# name 2 = timeS: Time, Elapsed [seconds]
# name 3 = prdM: Pressure, Strain Gauge [db]
# name 4 = tv290C: Temperature [ITS-90, deg C]
# name 5 = c0S/m: Conductivity [S/m]
# name 6 = altM: Altimeter [m]
# name 7 = latitude: Latitude [deg]
# name 8 = longitude: Longitude [deg]
# name 9 = depSM: Depth [salt water, m]
# name 10 = flag:  0.000e+00
# span 0 =          1,       3700       
# span 1 = 113.296690, 113.307393       
# span 2 =      0.000,    924.750       
# span 3 =      1.384,     78.737       
# span 4 =     4.5563,     7.3630       
# span 5 =   2.843285,   3.147392       
# span 6 =       6.17,      91.82       
# span 7 =   43.56208,   43.56626       
# span 8 =  -69.77048,  -69.76732       
# span 9 =      1.373,     78.093       
# span 10 = 0.0000e+00, 0.0000e+00      
# interval = seconds: 0.25
# start_time = Apr 22 2024 07:07:14 [System UTC, header]
# bad_flag = -9.990e-29
*END*
[from data line 1050]
       1051 113.299728    262.500     48.894     4.6704   3.035243      38.64   43.56490  -69.76792     48.499 0.0000e+00
       1052 113.299731    262.750     48.941     4.6709   3.035309      38.63   43.56490  -69.76792     48.544 0.0000e+00
       1053 113.299734    263.000     49.013     4.6710   3.035309      38.54   43.56488  -69.76792     48.615 0.0000e+00
       1054 113.299737    263.250     49.069     4.6709   3.035333      38.11   43.56488  -69.76792     48.671 0.0000e+00
       1055 113.299740    263.500     49.111     4.6710   3.035352      38.54   43.56488  -69.76792     48.713 0.0000e+00
       1056 113.299742    263.750     49.157     4.6712   3.035400      38.37   43.56488  -69.76792     48.758 0.0000e+00
       1057 113.299745    264.000     49.221     4.6716   3.035418      38.46   43.56488  -69.76792     48.822 0.0000e+00
       1058 113.299748    264.250     49.261     4.6719   3.035442      38.47   43.56488  -69.76792     48.862 0.0000e+00
       1059 113.299751    264.500     49.289     4.6720   3.035467      38.05   43.56488  -69.76792     48.890 0.0000e+00
       1060 113.299754    264.750     49.324     4.6723   3.035491      38.18   43.56488  -69.76792     48.924 0.0000e+00
       1061 113.299757    265.000     49.367     4.6725   3.035491      37.84   43.56488  -69.76794     48.967 0.0000e+00
       1062 113.299760    265.250     49.418     4.6725   3.035509      37.85   43.56488  -69.76794     49.017 0.0000e+00
       1063 113.299763    265.500     49.456     4.6726   3.035509      37.78   43.56488  -69.76794     49.055 0.0000e+00
       1064 113.299766    265.750     49.526     4.6726   3.035491      37.81   43.56488  -69.76794     49.125 0.0000e+00
       1065 113.299769    266.000     49.604     4.6727   3.035533      37.85   43.56486  -69.76794     49.203 0.0000e+00
       1066 113.299771    266.250     49.680     4.6727   3.035533      37.65   43.56486  -69.76794     49.277 0.0000e+00
       1067 113.299774    266.500     49.767     4.6727   3.035509      37.66   43.56486  -69.76794     49.363 0.0000e+00
       1068 113.299777    266.750     49.876     4.6725   3.035509      37.52   43.56486  -69.76794     49.471 0.0000e+00
       1069 113.299780    267.000     49.981     4.6724   3.035467      37.33   43.56486  -69.76794     49.576 0.0000e+00
       1070 113.299783    267.250     50.074     4.6721   3.035491      37.33   43.56486  -69.76794     49.668 0.0000e+00
       1071 113.299786    267.500     50.176     4.6719   3.035491      37.27   43.56486  -69.76794     49.769 0.0000e+00
       1072 113.299789    267.750     50.256     4.6719   3.035491      37.24   43.56486  -69.76794     49.850 0.0000e+00
       1073 113.299792    268.000     50.339     4.6717   3.035467      37.03   43.56486  -69.76794     49.932 0.0000e+00
       1074 113.299795    268.250     50.429     4.6715   3.035467      36.93   43.56486  -69.76794     50.020 0.0000e+00
       1075 113.299797    268.500     50.514     4.6714   3.035419      36.97   43.56486  -69.76794     50.105 0.0000e+00
       1076 113.299800    268.750     50.612     4.6710   3.035219      36.68   43.56486  -69.76794     50.201 0.0000e+00
       1077 113.299803    269.000     50.698     4.6700   3.035286      36.63   43.56486  -69.76794     50.286 0.0000e+00
       1078 113.299806    269.250     50.763     4.6693   3.035267      36.67   43.56486  -69.76794     50.352 0.0000e+00
       1079 113.299809    269.500     50.851     4.6691   3.035219      36.59   43.56486  -69.76794     50.439 0.0000e+00
       1080 113.299812    269.750     50.922     4.6688   3.035153      35.93   43.56486  -69.76794     50.509 0.0000e+00
       1081 113.299815    270.000     50.975     4.6678   3.034778      36.02   43.56484  -69.76796     50.562 0.0000e+00
       1082 113.299818    270.250     51.062     4.6658   3.034506      36.27   43.56484  -69.76796     50.647 0.0000e+00
       1083 113.299821    270.500     51.126     4.6633   3.034240      35.83   43.56484  -69.76796     50.711 0.0000e+00
       1084 113.299823    270.750     51.183     4.6603   3.033865      35.79   43.56484  -69.76796     50.768 0.0000e+00
       1085 113.299826    271.000     51.231     4.6569   3.033593      35.63   43.56484  -69.76796     50.816 0.0000e+00
       1086 113.299829    271.250     51.259     4.6535   3.033418      35.79   43.56484  -69.76796     50.844 0.0000e+00
       1087 113.299832    271.500     51.306     4.6508   3.033442      35.67   43.56484  -69.76796     50.890 0.0000e+00
       1088 113.299835    271.750     51.378     4.6494   3.033442      35.57   43.56484  -69.76796     50.962 0.0000e+00
       1089 113.299838    272.000     51.446     4.6488   3.033352      35.54   43.56484  -69.76796     51.029 0.0000e+00
       1090 113.299841    272.250     51.499     4.6481   3.033352      35.70   43.56484  -69.76796     51.082 0.0000e+00
       1091 113.299844    272.500     51.576     4.6475   3.033104      35.53   43.56484  -69.76796     51.158 0.0000e+00
       1092 113.299847    272.750     51.649     4.6464   3.032771      35.49   43.56482  -69.76796     51.230 0.0000e+00
       1093 113.299850    273.000     51.730     4.6439   3.032530      35.33   43.56482  -69.76796     51.311 0.0000e+00
       1094 113.299852    273.250     51.831     4.6412   3.032439      35.24   43.56482  -69.76796     51.411 0.0000e+00
       1095 113.299855    273.500     51.916     4.6392   3.032439      35.17   43.56482  -69.76796     51.495 0.0000e+00
       1096 113.299858    273.750     52.005     4.6380   3.032282      35.12   43.56482  -69.76796     51.584 0.0000e+00
       1097 113.299861    274.000     52.098     4.6368   3.032216      35.10   43.56482  -69.76796     51.677 0.0000e+00
       1098 113.299864    274.250     52.201     4.6358   3.031950      35.02   43.56482  -69.76796     51.778 0.0000e+00
       1099 113.299867    274.500     52.292     4.6336   3.031013      34.80   43.56482  -69.76796     51.867 0.0000e+00
       1100 113.299870    274.750     52.365     4.6287   3.030947      34.56   43.56482  -69.76798     51.941 0.0000e+00
       1101 113.299873    275.000     52.431     4.6243   3.030439      34.50   43.56482  -69.76798     52.006 0.0000e+00
       1102 113.299876    275.250     52.486     4.6201   3.030083      34.46   43.56482  -69.76798     52.061 0.0000e+00
       1103 113.299878    275.500     52.526     4.6155   3.029702      34.40   43.56482  -69.76798     52.100 0.0000e+00
       1104 113.299881    275.750     52.576     4.6114   3.029702      34.57   43.56482  -69.76798     52.149 0.0000e+00
       1105 113.299884    276.000     52.643     4.6087   3.029684      34.59   43.56482  -69.76798     52.216 0.0000e+00
       1106 113.299887    276.250     52.685     4.6074   3.029660      34.39   43.56482  -69.76798     52.258 0.0000e+00
       1107 113.299890    276.500     52.741     4.6067   3.029352      34.69   43.56482  -69.76798     52.313 0.0000e+00
       1108 113.299893    276.750     52.791     4.6049   3.028639      34.31   43.56480  -69.76798     52.363 0.0000e+00
       1109 113.299896    277.000     52.853     4.6006   3.028374      34.46   43.56480  -69.76798     52.424 0.0000e+00
       1110 113.299899    277.250     52.939     4.5963   3.028307      34.10   43.56480  -69.76798     52.509 0.0000e+00
       1111 113.299902    277.500     52.994     4.5934   3.028192      34.36   43.56480  -69.76798     52.564 0.0000e+00
       1112 113.299905    277.750     53.060     4.5918   3.028126      34.01   43.56480  -69.76798     52.630 0.0000e+00
       1113 113.299907    278.000     53.133     4.5906   3.027975      34.07   43.56480  -69.76798     52.702 0.0000e+00
       1114 113.299910    278.250     53.191     4.5892   3.028017      34.26   43.56480  -69.76798     52.759 0.0000e+00
       1115 113.299913    278.500     53.263     4.5884   3.028060      34.19   43.56480  -69.76798     52.831 0.0000e+00
       1116 113.299916    278.750     53.331     4.5883   3.027836      33.85   43.56480  -69.76798     52.898 0.0000e+00
       1117 113.299919    279.000     53.384     4.5873   3.027728      33.81   43.56480  -69.76798     52.951 0.0000e+00
       1118 113.299922    279.250     53.462     4.5860   3.027595      33.75   43.56480  -69.76798     53.027 0.0000e+00
       1119 113.299925    279.500     53.556     4.5847   3.027486      33.65   43.56480  -69.76798     53.121 0.0000e+00
       1120 113.299928    279.750     53.645     4.5831   3.027353      33.62   43.56478  -69.76798     53.210 0.0000e+00
       1121 113.299931    280.000     53.752     4.5818   3.027238      33.49   43.56478  -69.76798     53.316 0.0000e+00
       1122 113.299933    280.250     53.858     4.5804   3.027081      33.44   43.56478  -69.76798     53.422 0.0000e+00
       1123 113.299936    280.500     53.972     4.5788   3.026774      33.26   43.56478  -69.76798     53.534 0.0000e+00
       1124 113.299939    280.750     54.105     4.5763   3.026508      33.23   43.56478  -69.76800     53.667 0.0000e+00
       1125 113.299942    281.000     54.231     4.5735   3.026309      33.13   43.56478  -69.76800     53.791 0.0000e+00
       1126 113.299945    281.250     54.355     4.5708   3.026176      33.02   43.56478  -69.76800     53.914 0.0000e+00
       1127 113.299948    281.500     54.446     4.5686   3.026152      32.92   43.56478  -69.76800     54.004 0.0000e+00
       1128 113.299951    281.750     54.521     4.5672   3.026176      32.84   43.56478  -69.76800     54.077 0.0000e+00
       1129 113.299954    282.000     54.597     4.5665   3.026194      32.76   43.56478  -69.76800     54.153 0.0000e+00
       1130 113.299957    282.250     54.662     4.5662   3.026242      32.73   43.56478  -69.76800     54.218 0.0000e+00
       1131 113.299959    282.500     54.715     4.5664   3.026242      32.72   43.56478  -69.76800     54.271 0.0000e+00
       1132 113.299962    282.750     54.737     4.5666   3.026285      32.65   43.56478  -69.76800     54.293 0.0000e+00
       1133 113.299965    283.000     54.760     4.5667   3.026309      32.65   43.56478  -69.76800     54.316 0.0000e+00
       1134 113.299968    283.250     54.801     4.5669   3.026327      32.55   43.56478  -69.76800     54.356 0.0000e+00
       1135 113.299971    283.500     54.835     4.5673   3.026351      32.41   43.56478  -69.76800     54.391 0.0000e+00
       1136 113.299974    283.750     54.878     4.5676   3.026351      32.36   43.56476  -69.76800     54.433 0.0000e+00
       1137 113.299977    284.000     54.932     4.5676   3.026393      32.33   43.56476  -69.76800     54.486 0.0000e+00
       1138 113.299980    284.250     55.009     4.5677   3.026442      32.31   43.56476  -69.76800     54.563 0.0000e+00
       1139 113.299983    284.500     55.069     4.5678   3.026466      32.14   43.56476  -69.76800     54.622 0.0000e+00
       1140 113.299986    284.750     55.111     4.5680   3.026484      32.13   43.56476  -69.76800     54.663 0.0000e+00
       1141 113.299988    285.000     55.200     4.5682   3.026442      32.11   43.56476  -69.76800     54.751 0.0000e+00
       1142 113.299991    285.250     55.269     4.5682   3.026466      32.11   43.56476  -69.76800     54.820 0.0000e+00
       1143 113.299994    285.500     55.323     4.5682   3.026466      32.09   43.56476  -69.76802     54.874 0.0000e+00
       1144 113.299997    285.750     55.385     4.5682   3.026484      31.99   43.56476  -69.76802     54.935 0.0000e+00
       1145 113.300000    286.000     55.456     4.5682   3.026484      31.84   43.56476  -69.76802     55.006 0.0000e+00
       1146 113.300003    286.250     55.546     4.5682   3.026508      31.53   43.56476  -69.76802     55.095 0.0000e+00
       1147 113.300006    286.500     55.617     4.5683   3.026533      31.64   43.56476  -69.76802     55.166 0.0000e+00
       1148 113.300009    286.750     55.710     4.5685   3.026533      31.56   43.56476  -69.76802     55.257 0.0000e+00
       1149 113.300012    287.000     55.809     4.5686   3.026551      31.46   43.56476  -69.76802     55.356 0.0000e+00
       1150 113.300014    287.250     55.895     4.5685   3.026575      31.45   43.56476  -69.76802     55.442 0.0000e+00
       1151 113.300017    287.500     55.993     4.5686   3.026533      31.22   43.56474  -69.76802     55.539 0.0000e+00
       1152 113.300020    287.750     56.090     4.5685   3.026533      31.20   43.56474  -69.76802     55.636 0.0000e+00
       1153 113.300023    288.000     56.200     4.5684   3.026575      31.12   43.56474  -69.76802     55.744 0.0000e+00
       1154 113.300026    288.250     56.305     4.5684   3.026575      30.97   43.56474  -69.76802     55.848 0.0000e+00
       1155 113.300029    288.500     56.387     4.5685   3.026617      30.77   43.56474  -69.76802     55.928 0.0000e+00
       1156 113.300032    288.750     56.468     4.5686   3.026617      30.88   43.56474  -69.76802     56.009 0.0000e+00
       1157 113.300035    289.000     56.560     4.5688   3.026666      30.83   43.56474  -69.76802     56.100 0.0000e+00
       1158 113.300038    289.250     56.662     4.5690   3.026684      30.74   43.56474  -69.76802     56.202 0.0000e+00
       1159 113.300041    289.500     56.743     4.5691   3.026750      30.61   43.56474  -69.76802     56.282 0.0000e+00
       1160 113.300043    289.750     56.817     4.5694   3.026750      30.50   43.56474  -69.76802     56.355 0.0000e+00
       1161 113.300046    290.000     56.880     4.5697   3.026774      30.35   43.56474  -69.76802     56.418 0.0000e+00
       1162 113.300049    290.250     56.939     4.5699   3.026774      30.52   43.56474  -69.76802     56.476 0.0000e+00
       1163 113.300052    290.500     56.996     4.5700   3.026799      30.43   43.56474  -69.76804     56.533 0.0000e+00
       1164 113.300055    290.750     57.038     4.5703   3.026817      30.25   43.56474  -69.76804     56.575 0.0000e+00
       1165 113.300058    291.000     57.071     4.5704   3.026817      30.36   43.56474  -69.76804     56.608 0.0000e+00
       1166 113.300061    291.250     57.126     4.5704   3.026841      30.23   43.56474  -69.76804     56.662 0.0000e+00
       1167 113.300064    291.500     57.197     4.5705   3.026841      30.04   43.56472  -69.76804     56.732 0.0000e+00
       1168 113.300067    291.750     57.247     4.5704   3.026817      30.07   43.56472  -69.76804     56.783 0.0000e+00
       1169 113.300069    292.000     57.328     4.5704   3.026817      30.09   43.56472  -69.76804     56.863 0.0000e+00
       1170 113.300072    292.250     57.407     4.5703   3.026799      29.91   43.56472  -69.76804     56.940 0.0000e+00
       1171 113.300075    292.500     57.494     4.5701   3.026841      29.79   43.56472  -69.76804     57.027 0.0000e+00
       1172 113.300078    292.750     57.588     4.5701   3.026883      29.83   43.56472  -69.76804     57.119 0.0000e+00
       1173 113.300081    293.000     57.670     4.5701   3.026932      29.69   43.56472  -69.76804     57.202 0.0000e+00
       1174 113.300084    293.250     57.769     4.5702   3.026998      29.55   43.56472  -69.76804     57.300 0.0000e+00
       1175 113.300087    293.500     57.866     4.5703   3.027173      29.56   43.56472  -69.76804     57.396 0.0000e+00
       1176 113.300090    293.750     57.964     4.5706   3.027240      29.52   43.56472  -69.76804     57.493 0.0000e+00
       1177 113.300093    294.000     58.060     4.5712   3.027306      29.32   43.56472  -69.76804     57.588 0.0000e+00
       1178 113.300095    294.250     58.148     4.5715   3.027439      29.27   43.56472  -69.76804     57.675 0.0000e+00
       1179 113.300098    294.500     58.222     4.5720   3.027487      29.35   43.56472  -69.76804     57.749 0.0000e+00
       1180 113.300101    294.750     58.289     4.5726   3.027572      29.08   43.56472  -69.76804     57.816 0.0000e+00
