ctd/proc/stn_1.cnv
* Sea-Bird SBE 19plus V2 Data File:
* FileName = D:\ctd\raw\Stn 1.hdr
* Software Version Seasave V 7.26.7.121
* Temperature SN = 8082
* Conductivity SN = 8082
* System UpLoad Time = Apr 22 2024 07:07:14
* NMEA Latitude = 43 33.98 N
* NMEA Longitude = 069 46.04 W
* NMEA UTC (Time) = Apr 22 2024  07:07:13
** Ship: R/V Endeavor
** Cruise: EN714
** Principal Investigator: Vivien Taylor
** Chief Scientist: Vivien Taylor
** Project: Penobscot Bay Hg
** Cruise Start Date: 21 Apr 2024
** Ports: GSO  to GSO, URI, Narragansett, Rhode Island
** Station:  1
** Bottom Depth (m): 92
** Operator:  vft
# nquan = 11
# nvalues = 3700                        
# units = specified
# name 0 = scan: Scan Count
# name 1 = timeJ: Julian Days
# name 2 = timeS: Time, Elapsed [seconds]
# name 3 = prdM: Pressure, Strain Gauge [db]
# name 4 = tv290C: Temperature [ITS-90, deg C]
# name 5 = c0S/m: Conductivity [S/m]
# name 6 = altM: Altimeter [m]
# name 7 = latitude: Latitude [deg]
# name 8 = longitude: Longitude [deg]
# name 9 = depSM: Depth [salt water, m]
# name 10 = flag:  0.000e+00
# span 0 =          1,       3700       
# span 1 = 113.296690, 113.307393       
# span 2 =      0.000,    924.750       
# span 3 =      1.384,     78.737       
# span 4 =     4.5563,     7.3630       
# span 5 =   2.843285,   3.147392       
# span 6 =       6.17,      91.82       
# span 7 =   43.56208,   43.56626       
# span 8 =  -69.77048,  -69.76732       
# span 9 =      1.373,     78.093       
# span 10 = 0.0000e+00, 0.0000e+00      
# interval = seconds: 0.25
# start_time = Apr 22 2024 07:07:14 [System UTC, header]
# bad_flag = -9.990e-29
*END*
[from data line 2230]
       2231 113.303142    557.500     51.947     4.5723   3.026839      36.66   43.56358  -69.76894     51.525 0.0000e+00
       2232 113.303145    557.750     51.857     4.5721   3.026882      36.69   43.56358  -69.76894     51.437 0.0000e+00
       2233 113.303148    558.000     51.797     4.5721   3.026815      36.91   43.56358  -69.76894     51.377 0.0000e+00
       2234 113.303151    558.250     51.734     4.5719   3.026664      36.98   43.56358  -69.76894     51.315 0.0000e+00
       2235 113.303154    558.500     51.658     4.5716   3.026531      37.04   43.56358  -69.76894     51.240 0.0000e+00
       2236 113.303157    558.750     51.569     4.5710   3.026308      37.27   43.56358  -69.76894     51.151 0.0000e+00
       2237 113.303160    559.000     51.469     4.5700   3.026193      37.15   43.56358  -69.76894     51.051 0.0000e+00
       2238 113.303163    559.250     51.372     4.5690   3.026018      37.51   43.56358  -69.76894     50.954 0.0000e+00
       2239 113.303166    559.500     51.252     4.5677   3.025909      37.16   43.56358  -69.76894     50.836 0.0000e+00
       2240 113.303168    559.750     51.157     4.5665   3.025795      37.61   43.56358  -69.76894     50.742 0.0000e+00
       2241 113.303171    560.000     51.065     4.5655   3.025662      37.71   43.56358  -69.76894     50.651 0.0000e+00
       2242 113.303174    560.250     50.988     4.5646   3.025595      37.90   43.56358  -69.76894     50.575 0.0000e+00
       2243 113.303177    560.500     50.920     4.5636   3.025372      37.59   43.56356  -69.76894     50.507 0.0000e+00
       2244 113.303180    560.750     50.828     4.5625   3.025305      37.58   43.56356  -69.76894     50.416 0.0000e+00
       2245 113.303183    561.000     50.747     4.5615   3.025239      37.70   43.56356  -69.76894     50.336 0.0000e+00
       2246 113.303186    561.250     50.686     4.5606   3.025064      37.79   43.56356  -69.76894     50.275 0.0000e+00
       2247 113.303189    561.500     50.638     4.5597   3.025022      37.77   43.56356  -69.76894     50.227 0.0000e+00
       2248 113.303192    561.750     50.601     4.5588   3.024955      38.30   43.56356  -69.76894     50.190 0.0000e+00
       2249 113.303194    562.000     50.550     4.5581   3.024889      37.82   43.56356  -69.76894     50.140 0.0000e+00
       2250 113.303197    562.250     50.485     4.5574   3.024822      38.02   43.56356  -69.76894     50.075 0.0000e+00
       2251 113.303200    562.500     50.441     4.5571   3.024822      38.06   43.56356  -69.76896     50.032 0.0000e+00
       2252 113.303203    562.750     50.384     4.5567   3.024756      38.18   43.56356  -69.76896     49.976 0.0000e+00
       2253 113.303206    563.000     50.314     4.5564   3.024732      38.10   43.56356  -69.76896     49.906 0.0000e+00
       2254 113.303209    563.250     50.244     4.5563   3.024732      37.64   43.56356  -69.76896     49.836 0.0000e+00
       2255 113.303212    563.500     50.163     4.5563   3.024889      38.52   43.56356  -69.76896     49.755 0.0000e+00
       2256 113.303215    563.750     50.080     4.5571   3.025064      38.43   43.56356  -69.76896     49.674 0.0000e+00
       2257 113.303218    564.000     50.011     4.5585   3.025154      37.89   43.56356  -69.76896     49.606 0.0000e+00
       2258 113.303220    564.250     49.928     4.5597   3.025196      38.74   43.56356  -69.76896     49.523 0.0000e+00
       2259 113.303223    564.500     49.829     4.5607   3.025263      38.04   43.56356  -69.76896     49.425 0.0000e+00
       2260 113.303226    564.750     49.753     4.5617   3.025239      38.76   43.56356  -69.76896     49.350 0.0000e+00
       2261 113.303229    565.000     49.688     4.5621   3.025263      39.05   43.56356  -69.76896     49.285 0.0000e+00
       2262 113.303232    565.250     49.590     4.5623   3.025239      38.85   43.56356  -69.76896     49.188 0.0000e+00
       2263 113.303235    565.500     49.485     4.5624   3.025220      38.99   43.56354  -69.76896     49.085 0.0000e+00
       2264 113.303238    565.750     49.416     4.5624   3.025220      38.38   43.56354  -69.76896     49.015 0.0000e+00
       2265 113.303241    566.000     49.332     4.5623   3.025263      38.98   43.56354  -69.76896     48.931 0.0000e+00
       2266 113.303244    566.250     49.256     4.5625   3.025353      39.07   43.56354  -69.76896     48.857 0.0000e+00
       2267 113.303247    566.500     49.199     4.5633   3.025305      38.73   43.56354  -69.76896     48.801 0.0000e+00
       2268 113.303249    566.750     49.104     4.5635   3.025329      39.18   43.56354  -69.76896     48.706 0.0000e+00
       2269 113.303252    567.000     49.030     4.5634   3.025353      38.91   43.56354  -69.76896     48.632 0.0000e+00
       2270 113.303255    567.250     48.969     4.5636   3.025395      39.01   43.56354  -69.76896     48.573 0.0000e+00
       2271 113.303258    567.500     48.868     4.5641   3.025528      39.28   43.56354  -69.76896     48.473 0.0000e+00
       2272 113.303261    567.750     48.777     4.5650   3.025884      39.23   43.56354  -69.76896     48.380 0.0000e+00
       2273 113.303264    568.000     48.695     4.5671   3.026307      39.61   43.56354  -69.76896     48.301 0.0000e+00
       2274 113.303267    568.250     48.603     4.5704   3.026440      39.47   43.56354  -69.76898     48.209 0.0000e+00
       2275 113.303270    568.500     48.489     4.5734   3.026663      39.51   43.56354  -69.76898     48.096 0.0000e+00
       2276 113.303273    568.750     48.388     4.5758   3.026995      39.69   43.56354  -69.76898     47.997 0.0000e+00
       2277 113.303275    569.000     48.302     4.5789   3.027593      39.74   43.56354  -69.76898     47.911 0.0000e+00
       2278 113.303278    569.250     48.195     4.5831   3.027835      39.90   43.56352  -69.76898     47.805 0.0000e+00
       2279 113.303281    569.500     48.097     4.5875   3.028306      40.14   43.56352  -69.76898     47.707 0.0000e+00
       2280 113.303284    569.750     48.009     4.5918   3.028390      40.12   43.56352  -69.76898     47.620 0.0000e+00
       2281 113.303287    570.000     47.936     4.5954   3.029236      40.33   43.56352  -69.76898     47.548 0.0000e+00
       2282 113.303290    570.250     47.877     4.6003   3.029925      40.46   43.56352  -69.76898     47.490 0.0000e+00
       2283 113.303293    570.500     47.795     4.6071   3.030239      40.71   43.56352  -69.76898     47.408 0.0000e+00
       2284 113.303296    570.750     47.719     4.6131   3.030680      40.67   43.56352  -69.76898     47.332 0.0000e+00
       2285 113.303299    571.000     47.663     4.6180   3.031060      40.79   43.56352  -69.76898     47.277 0.0000e+00
       2286 113.303302    571.250     47.611     4.6227   3.031217      40.76   43.56352  -69.76898     47.225 0.0000e+00
       2287 113.303304    571.500     47.543     4.6264   3.031350      40.81   43.56352  -69.76898     47.157 0.0000e+00
       2288 113.303307    571.750     47.461     4.6290   3.031592      40.76   43.56352  -69.76898     47.077 0.0000e+00
       2289 113.303310    572.000     47.390     4.6312   3.031683      40.95   43.56352  -69.76898     47.007 0.0000e+00
       2290 113.303313    572.250     47.309     4.6335   3.032015      40.89   43.56352  -69.76898     46.925 0.0000e+00
       2291 113.303316    572.500     47.219     4.6358   3.032148      41.14   43.56352  -69.76898     46.836 0.0000e+00
       2292 113.303319    572.750     47.113     4.6382   3.032305      41.23   43.56352  -69.76898     46.730 0.0000e+00
       2293 113.303322    573.000     47.005     4.6403   3.032281      41.28   43.56352  -69.76898     46.624 0.0000e+00
       2294 113.303325    573.250     46.928     4.6416   3.032347      41.39   43.56350  -69.76898     46.548 0.0000e+00
       2295 113.303328    573.500     46.851     4.6423   3.032395      41.53   43.56350  -69.76898     46.472 0.0000e+00
       2296 113.303330    573.750     46.778     4.6431   3.032462      41.73   43.56350  -69.76898     46.399 0.0000e+00
       2297 113.303333    574.000     46.709     4.6437   3.032480      41.60   43.56350  -69.76898     46.331 0.0000e+00
       2298 113.303336    574.250     46.627     4.6443   3.032528      41.86   43.56350  -69.76898     46.249 0.0000e+00
       2299 113.303339    574.500     46.581     4.6451   3.032595      41.85   43.56350  -69.76898     46.204 0.0000e+00
       2300 113.303342    574.750     46.558     4.6457   3.032613      41.87   43.56350  -69.76898     46.182 0.0000e+00
       2301 113.303345    575.000     46.517     4.6461   3.032637      42.08   43.56350  -69.76898     46.141 0.0000e+00
       2302 113.303348    575.250     46.472     4.6466   3.032661      41.92   43.56350  -69.76900     46.096 0.0000e+00
       2303 113.303351    575.500     46.420     4.6471   3.032703      41.88   43.56350  -69.76900     46.044 0.0000e+00
       2304 113.303354    575.750     46.353     4.6473   3.032685      42.20   43.56350  -69.76900     45.978 0.0000e+00
       2305 113.303356    576.000     46.291     4.6474   3.032685      42.36   43.56350  -69.76900     45.916 0.0000e+00
       2306 113.303359    576.250     46.233     4.6478   3.032752      42.32   43.56350  -69.76900     45.858 0.0000e+00
       2307 113.303362    576.500     46.138     4.6481   3.032770      42.28   43.56350  -69.76900     45.764 0.0000e+00
       2308 113.303365    576.750     46.040     4.6485   3.032794      42.50   43.56350  -69.76900     45.667 0.0000e+00
       2309 113.303368    577.000     45.964     4.6489   3.032794      42.64   43.56350  -69.76900     45.592 0.0000e+00
       2310 113.303371    577.250     45.878     4.6490   3.032794      42.52   43.56350  -69.76900     45.506 0.0000e+00
       2311 113.303374    577.500     45.780     4.6493   3.032818      42.86   43.56350  -69.76900     45.411 0.0000e+00
       2312 113.303377    577.750     45.683     4.6495   3.032818      43.09   43.56350  -69.76900     45.313 0.0000e+00
       2313 113.303380    578.000     45.620     4.6496   3.032818      43.06   43.56348  -69.76900     45.250 0.0000e+00
       2314 113.303383    578.250     45.559     4.6498   3.032794      43.25   43.56348  -69.76900     45.191 0.0000e+00
       2315 113.303385    578.500     45.470     4.6497   3.032818      43.39   43.56348  -69.76900     45.103 0.0000e+00
       2316 113.303388    578.750     45.421     4.6496   3.032770      43.37   43.56348  -69.76900     45.052 0.0000e+00
       2317 113.303391    579.000     45.381     4.6496   3.032794      43.59   43.56348  -69.76900     45.013 0.0000e+00
       2318 113.303394    579.250     45.302     4.6494   3.032770      43.49   43.56348  -69.76900     44.936 0.0000e+00
       2319 113.303397    579.500     45.219     4.6494   3.032770      43.65   43.56348  -69.76900     44.853 0.0000e+00
       2320 113.303400    579.750     45.163     4.6493   3.032770      43.89   43.56348  -69.76900     44.798 0.0000e+00
       2321 113.303403    580.000     45.086     4.6494   3.032727      43.86   43.56348  -69.76900     44.721 0.0000e+00
       2322 113.303406    580.250     44.993     4.6494   3.032751      43.90   43.56348  -69.76900     44.629 0.0000e+00
       2323 113.303409    580.500     44.911     4.6493   3.032751      44.04   43.56348  -69.76900     44.548 0.0000e+00
       2324 113.303411    580.750     44.797     4.6494   3.032769      44.14   43.56348  -69.76900     44.435 0.0000e+00
       2325 113.303414    581.000     44.698     4.6496   3.032769      44.41   43.56348  -69.76900     44.337 0.0000e+00
       2326 113.303417    581.250     44.597     4.6496   3.032769      44.46   43.56348  -69.76900     44.236 0.0000e+00
       2327 113.303420    581.500     44.462     4.6500   3.033017      44.61   43.56348  -69.76900     44.102 0.0000e+00
       2328 113.303423    581.750     44.339     4.6512   3.033283      44.70   43.56348  -69.76900     43.980 0.0000e+00
       2329 113.303426    582.000     44.213     4.6534   3.033839      44.89   43.56346  -69.76902     43.855 0.0000e+00
       2330 113.303429    582.250     44.103     4.6576   3.034371      44.99   43.56346  -69.76902     43.746 0.0000e+00
       2331 113.303432    582.500     44.004     4.6621   3.034552      45.14   43.56346  -69.76902     43.648 0.0000e+00
       2332 113.303435    582.750     43.922     4.6666   3.035265      45.22   43.56346  -69.76902     43.566 0.0000e+00
       2333 113.303438    583.000     43.860     4.6714   3.035465      45.32   43.56346  -69.76902     43.505 0.0000e+00
       2334 113.303440    583.250     43.793     4.6765   3.036692      45.40   43.56346  -69.76902     43.438 0.0000e+00
       2335 113.303443    583.500     43.741     4.6841   3.036934      45.06   43.56346  -69.76902     43.387 0.0000e+00
       2336 113.303446    583.750     43.684     4.6916   3.037182      45.94   43.56346  -69.76902     43.331 0.0000e+00
       2337 113.303449    584.000     43.622     4.6960   3.037200      45.63   43.56346  -69.76902     43.269 0.0000e+00
       2338 113.303452    584.250     43.588     4.6995   3.037738      45.76   43.56346  -69.76902     43.235 0.0000e+00
       2339 113.303455    584.500     43.554     4.7030   3.037871      45.90   43.56346  -69.76902     43.202 0.0000e+00
       2340 113.303458    584.750     43.502     4.7064   3.038204      45.39   43.56346  -69.76902     43.150 0.0000e+00
       2341 113.303461    585.000     43.458     4.7096   3.038319      46.03   43.56346  -69.76902     43.106 0.0000e+00
       2342 113.303464    585.250     43.381     4.7124   3.038585      45.79   43.56346  -69.76902     43.031 0.0000e+00
       2343 113.303466    585.500     43.333     4.7153   3.039026      45.81   43.56346  -69.76902     42.983 0.0000e+00
       2344 113.303469    585.750     43.299     4.7190   3.039165      45.99   43.56346  -69.76902     42.949 0.0000e+00
       2345 113.303472    586.000     43.252     4.7220   3.039117      45.59   43.56346  -69.76902     42.902 0.0000e+00
       2346 113.303475    586.250     43.208     4.7239   3.039383      45.94   43.56346  -69.76902     42.859 0.0000e+00
       2347 113.303478    586.500     43.158     4.7260   3.039498      45.76   43.56346  -69.76902     42.808 0.0000e+00
       2348 113.303481    586.750     43.131     4.7281   3.039607      46.00   43.56346  -69.76902     42.782 0.0000e+00
       2349 113.303484    587.000     43.080     4.7299   3.039564      45.81   43.56344  -69.76902     42.732 0.0000e+00
       2350 113.303487    587.250     43.036     4.7312   3.039564      46.21   43.56344  -69.76902     42.688 0.0000e+00
       2351 113.303490    587.500     42.978     4.7315   3.039564      45.91   43.56344  -69.76902     42.631 0.0000e+00
       2352 113.303492    587.750     42.910     4.7317   3.039588      45.86   43.56344  -69.76902     42.564 0.0000e+00
       2353 113.303495    588.000     42.857     4.7321   3.039721      46.42   43.56344  -69.76904     42.511 0.0000e+00
       2354 113.303498    588.250     42.769     4.7334   3.039855      45.84   43.56344  -69.76904     42.423 0.0000e+00
       2355 113.303501    588.500     42.675     4.7350   3.039879      46.56   43.56344  -69.76904     42.329 0.0000e+00
       2356 113.303504    588.750     42.584     4.7363   3.039945      46.23   43.56344  -69.76904     42.240 0.0000e+00
       2357 113.303507    589.000     42.491     4.7375   3.040054      46.57   43.56344  -69.76904     42.148 0.0000e+00
       2358 113.303510    589.250     42.399     4.7387   3.040102      46.54   43.56344  -69.76904     42.057 0.0000e+00
       2359 113.303513    589.500     42.296     4.7402   3.040302      46.60   43.56344  -69.76904     41.954 0.0000e+00
       2360 113.303516    589.750     42.207     4.7422   3.040302      46.65   43.56344  -69.76904     41.865 0.0000e+00
