ctd/proc/stn_1.cnv
* Sea-Bird SBE 19plus V2 Data File:
* FileName = D:\ctd\raw\Stn 1.hdr
* Software Version Seasave V 7.26.7.121
* Temperature SN = 8082
* Conductivity SN = 8082
* System UpLoad Time = Apr 22 2024 07:07:14
* NMEA Latitude = 43 33.98 N
* NMEA Longitude = 069 46.04 W
* NMEA UTC (Time) = Apr 22 2024  07:07:13
** Ship: R/V Endeavor
** Cruise: EN714
** Principal Investigator: Vivien Taylor
** Chief Scientist: Vivien Taylor
** Project: Penobscot Bay Hg
** Cruise Start Date: 21 Apr 2024
** Ports: GSO  to GSO, URI, Narragansett, Rhode Island
** Station:  1
** Bottom Depth (m): 92
** Operator:  vft
# nquan = 11
# nvalues = 3700                        
# units = specified
# name 0 = scan: Scan Count
# name 1 = timeJ: Julian Days
# name 2 = timeS: Time, Elapsed [seconds]
# name 3 = prdM: Pressure, Strain Gauge [db]
# name 4 = tv290C: Temperature [ITS-90, deg C]
# name 5 = c0S/m: Conductivity [S/m]
# name 6 = altM: Altimeter [m]
# name 7 = latitude: Latitude [deg]
# name 8 = longitude: Longitude [deg]
# name 9 = depSM: Depth [salt water, m]
# name 10 = flag:  0.000e+00
# span 0 =          1,       3700       
# span 1 = 113.296690, 113.307393       
# span 2 =      0.000,    924.750       
# span 3 =      1.384,     78.737       
# span 4 =     4.5563,     7.3630       
# span 5 =   2.843285,   3.147392       
# span 6 =       6.17,      91.82       
# span 7 =   43.56208,   43.56626       
# span 8 =  -69.77048,  -69.76732       
# span 9 =      1.373,     78.093       
# span 10 = 0.0000e+00, 0.0000e+00      
# interval = seconds: 0.25
# start_time = Apr 22 2024 07:07:14 [System UTC, header]
# bad_flag = -9.990e-29
*END*
[from data line 2361]
       2362 113.303521    590.250     42.036     4.7449   3.040411      46.92   43.56344  -69.76904     41.696 0.0000e+00
       2363 113.303524    590.500     41.968     4.7460   3.040459      46.58   43.56344  -69.76904     41.627 0.0000e+00
       2364 113.303527    590.750     41.886     4.7470   3.040526      47.14   43.56342  -69.76904     41.546 0.0000e+00
       2365 113.303530    591.000     41.817     4.7479   3.040544      47.12   43.56342  -69.76904     41.479 0.0000e+00
       2366 113.303533    591.250     41.766     4.7485   3.040701      47.06   43.56342  -69.76904     41.428 0.0000e+00
       2367 113.303536    591.500     41.720     4.7498   3.040725      47.07   43.56342  -69.76904     41.382 0.0000e+00
       2368 113.303539    591.750     41.655     4.7508   3.040701      46.75   43.56342  -69.76904     41.318 0.0000e+00
       2369 113.303542    592.000     41.581     4.7514   3.040725      46.84   43.56342  -69.76904     41.245 0.0000e+00
       2370 113.303545    592.250     41.524     4.7519   3.040810      46.92   43.56342  -69.76904     41.188 0.0000e+00
       2371 113.303547    592.500     41.450     4.7525   3.040792      47.11   43.56342  -69.76904     41.115 0.0000e+00
       2372 113.303550    592.750     41.353     4.7533   3.040834      47.23   43.56342  -69.76904     41.018 0.0000e+00
       2373 113.303553    593.000     41.267     4.7539   3.040834      47.32   43.56342  -69.76904     40.933 0.0000e+00
       2374 113.303556    593.250     41.165     4.7542   3.040858      47.24   43.56342  -69.76904     40.833 0.0000e+00
       2375 113.303559    593.500     41.053     4.7545   3.040900      47.42   43.56342  -69.76904     40.721 0.0000e+00
       2376 113.303562    593.750     40.981     4.7550   3.040949      47.65   43.56342  -69.76904     40.650 0.0000e+00
       2377 113.303565    594.000     40.899     4.7556   3.040991      47.60   43.56342  -69.76904     40.568 0.0000e+00
       2378 113.303568    594.250     40.823     4.7562   3.041058      47.74   43.56342  -69.76904     40.493 0.0000e+00
       2379 113.303571    594.500     40.766     4.7569   3.041033      47.77   43.56342  -69.76904     40.436 0.0000e+00
       2380 113.303573    594.750     40.718     4.7573   3.041173      47.90   43.56342  -69.76904     40.388 0.0000e+00
       2381 113.303576    595.000     40.687     4.7582   3.041191      47.88   43.56342  -69.76904     40.358 0.0000e+00
       2382 113.303579    595.250     40.642     4.7592   3.041239      47.96   43.56342  -69.76904     40.313 0.0000e+00
       2383 113.303582    595.500     40.600     4.7599   3.041306      48.11   43.56342  -69.76904     40.273 0.0000e+00
       2384 113.303585    595.750     40.555     4.7606   3.041390      48.05   43.56340  -69.76906     40.227 0.0000e+00
       2385 113.303588    596.000     40.528     4.7615   3.041548      48.13   43.56340  -69.76906     40.200 0.0000e+00
       2386 113.303591    596.250     40.486     4.7632   3.041596      48.16   43.56340  -69.76906     40.159 0.0000e+00
       2387 113.303594    596.500     40.411     4.7647   3.041681      48.13   43.56340  -69.76906     40.085 0.0000e+00
       2388 113.303597    596.750     40.391     4.7661   3.041820      48.32   43.56340  -69.76906     40.064 0.0000e+00
       2389 113.303600    597.000     40.409     4.7675   3.041995      48.32   43.56340  -69.76906     40.081 0.0000e+00
       2390 113.303602    597.250     40.400     4.7693   3.042310      48.29   43.56340  -69.76906     40.074 0.0000e+00
       2391 113.303605    597.500     40.389     4.7724   3.042600      48.34   43.56340  -69.76906     40.063 0.0000e+00
       2392 113.303608    597.750     40.388     4.7759   3.042534      48.44   43.56340  -69.76906     40.062 0.0000e+00
       2393 113.303611    598.000     40.367     4.7779   3.042552      48.28   43.56340  -69.76906     40.041 0.0000e+00
       2394 113.303614    598.250     40.370     4.7787   3.042643      48.44   43.56340  -69.76906     40.044 0.0000e+00
       2395 113.303617    598.500     40.384     4.7796   3.042643      48.29   43.56340  -69.76906     40.057 0.0000e+00
       2396 113.303620    598.750     40.360     4.7802   3.042667      48.47   43.56340  -69.76906     40.034 0.0000e+00
       2397 113.303623    599.000     40.353     4.7805   3.042643      48.35   43.56340  -69.76906     40.027 0.0000e+00
       2398 113.303626    599.250     40.358     4.7806   3.042667      48.42   43.56340  -69.76906     40.032 0.0000e+00
       2399 113.303628    599.500     40.365     4.7806   3.042733      48.37   43.56338  -69.76906     40.039 0.0000e+00
       2400 113.303631    599.750     40.356     4.7809   3.042685      48.46   43.56338  -69.76906     40.030 0.0000e+00
       2401 113.303634    600.000     40.346     4.7812   3.042709      48.44   43.56338  -69.76906     40.020 0.0000e+00
       2402 113.303637    600.250     40.319     4.7813   3.042685      48.43   43.56338  -69.76906     39.994 0.0000e+00
       2403 113.303640    600.500     40.276     4.7812   3.042685      48.46   43.56338  -69.76906     39.950 0.0000e+00
       2404 113.303643    600.750     40.264     4.7813   3.042776      48.52   43.56338  -69.76906     39.938 0.0000e+00
       2405 113.303646    601.000     40.230     4.7817   3.042824      48.67   43.56338  -69.76906     39.905 0.0000e+00
       2406 113.303649    601.250     40.191     4.7824   3.042909      48.66   43.56338  -69.76906     39.866 0.0000e+00
       2407 113.303652    601.500     40.129     4.7834   3.043066      48.77   43.56338  -69.76908     39.806 0.0000e+00
       2408 113.303655    601.750     40.077     4.7848   3.043090      48.88   43.56338  -69.76908     39.753 0.0000e+00
       2409 113.303657    602.000     40.073     4.7861   3.043114      48.90   43.56338  -69.76908     39.748 0.0000e+00
       2410 113.303660    602.250     40.032     4.7869   3.043157      48.90   43.56338  -69.76908     39.708 0.0000e+00
       2411 113.303663    602.500     40.014     4.7877   3.043247      48.92   43.56338  -69.76908     39.690 0.0000e+00
       2412 113.303666    602.750     40.038     4.7884   3.043290      48.88   43.56338  -69.76908     39.715 0.0000e+00
       2413 113.303669    603.000     40.058     4.7892   3.043314      48.89   43.56338  -69.76908     39.735 0.0000e+00
       2414 113.303672    603.250     40.093     4.7898   3.043223      49.15   43.56338  -69.76908     39.768 0.0000e+00
       2415 113.303675    603.500     40.134     4.7895   3.043181      49.00   43.56336  -69.76908     39.809 0.0000e+00
       2416 113.303678    603.750     40.178     4.7888   3.043114      48.84   43.56336  -69.76908     39.853 0.0000e+00
       2417 113.303681    604.000     40.209     4.7878   3.042933      48.84   43.56336  -69.76908     39.884 0.0000e+00
       2418 113.303683    604.250     40.234     4.7864   3.042866      48.81   43.56336  -69.76908     39.909 0.0000e+00
       2419 113.303686    604.500     40.262     4.7849   3.042933      48.85   43.56336  -69.76908     39.937 0.0000e+00
       2420 113.303689    604.750     40.288     4.7843   3.042933      49.05   43.56336  -69.76908     39.963 0.0000e+00
       2421 113.303692    605.000     40.283     4.7842   3.042975      48.90   43.56336  -69.76908     39.957 0.0000e+00
       2422 113.303695    605.250     40.281     4.7843   3.042975      49.01   43.56336  -69.76908     39.955 0.0000e+00
       2423 113.303698    605.500     40.291     4.7845   3.042957      48.53   43.56336  -69.76908     39.965 0.0000e+00
       2424 113.303701    605.750     40.259     4.7846   3.042933      48.58   43.56336  -69.76908     39.934 0.0000e+00
       2425 113.303704    606.000     40.238     4.7845   3.042957      48.64   43.56336  -69.76908     39.914 0.0000e+00
       2426 113.303707    606.250     40.213     4.7844   3.042975      48.65   43.56336  -69.76908     39.888 0.0000e+00
       2427 113.303709    606.500     40.178     4.7848   3.043066      48.69   43.56336  -69.76908     39.853 0.0000e+00
       2428 113.303712    606.750     40.167     4.7854   3.043042      48.61   43.56336  -69.76908     39.843 0.0000e+00
       2429 113.303715    607.000     40.133     4.7858   3.043090      48.70   43.56336  -69.76908     39.809 0.0000e+00
       2430 113.303718    607.250     40.117     4.7861   3.043042      48.76   43.56336  -69.76908     39.793 0.0000e+00
       2431 113.303721    607.500     40.109     4.7860   3.043024      48.79   43.56334  -69.76908     39.784 0.0000e+00
       2432 113.303724    607.750     40.122     4.7859   3.043157      48.75   43.56334  -69.76908     39.797 0.0000e+00
       2433 113.303727    608.000     40.158     4.7864   3.043114      48.76   43.56334  -69.76908     39.833 0.0000e+00
       2434 113.303730    608.250     40.178     4.7869   3.043157      48.80   43.56334  -69.76908     39.853 0.0000e+00
       2435 113.303733    608.500     40.201     4.7871   3.043090      48.83   43.56334  -69.76910     39.876 0.0000e+00
       2436 113.303736    608.750     40.244     4.7867   3.043024      48.72   43.56334  -69.76910     39.919 0.0000e+00
       2437 113.303738    609.000     40.285     4.7862   3.043024      48.65   43.56334  -69.76910     39.959 0.0000e+00
       2438 113.303741    609.250     40.312     4.7855   3.042776      48.53   43.56334  -69.76910     39.986 0.0000e+00
       2439 113.303744    609.500     40.359     4.7839   3.042667      48.64   43.56334  -69.76910     40.033 0.0000e+00
       2440 113.303747    609.750     40.386     4.7821   3.042709      48.60   43.56334  -69.76910     40.060 0.0000e+00
       2441 113.303750    610.000     40.395     4.7813   3.042757      48.48   43.56334  -69.76910     40.068 0.0000e+00
       2442 113.303753    610.250     40.407     4.7811   3.042757      48.63   43.56334  -69.76910     40.080 0.0000e+00
       2443 113.303756    610.500     40.417     4.7812   3.042709      48.66   43.56334  -69.76910     40.091 0.0000e+00
       2444 113.303759    610.750     40.406     4.7812   3.042667      48.53   43.56334  -69.76910     40.079 0.0000e+00
       2445 113.303762    611.000     40.399     4.7806   3.042685      48.61   43.56334  -69.76910     40.072 0.0000e+00
       2446 113.303764    611.250     40.402     4.7802   3.042618      48.57   43.56334  -69.76910     40.075 0.0000e+00
       2447 113.303767    611.500     40.377     4.7799   3.042576      48.57   43.56334  -69.76910     40.051 0.0000e+00
       2448 113.303770    611.750     40.349     4.7792   3.042576      47.96   43.56334  -69.76910     40.023 0.0000e+00
       2449 113.303773    612.000     40.334     4.7789   3.042552      48.54   43.56334  -69.76910     40.009 0.0000e+00
       2450 113.303776    612.250     40.303     4.7787   3.042576      48.01   43.56334  -69.76910     39.978 0.0000e+00
       2451 113.303779    612.500     40.273     4.7786   3.042600      48.58   43.56334  -69.76910     39.947 0.0000e+00
       2452 113.303782    612.750     40.246     4.7787   3.042618      48.76   43.56334  -69.76910     39.921 0.0000e+00
       2453 113.303785    613.000     40.233     4.7791   3.042667      48.51   43.56334  -69.76910     39.908 0.0000e+00
       2454 113.303788    613.250     40.243     4.7796   3.042667      47.39   43.56332  -69.76910     39.917 0.0000e+00
       2455 113.303791    613.500     40.223     4.7798   3.042685      48.88   43.56332  -69.76910     39.898 0.0000e+00
       2456 113.303793    613.750     40.222     4.7801   3.042685      48.67   43.56332  -69.76910     39.897 0.0000e+00
       2457 113.303796    614.000     40.232     4.7802   3.042685      48.66   43.56332  -69.76910     39.906 0.0000e+00
       2458 113.303799    614.250     40.223     4.7801   3.042685      48.25   43.56332  -69.76912     39.898 0.0000e+00
       2459 113.303802    614.500     40.221     4.7802   3.042600      48.59   43.56332  -69.76912     39.896 0.0000e+00
       2460 113.303805    614.750     40.224     4.7797   3.042618      48.32   43.56332  -69.76912     39.899 0.0000e+00
       2461 113.303808    615.000     40.221     4.7795   3.042618      48.42   43.56332  -69.76912     39.896 0.0000e+00
       2462 113.303811    615.250     40.225     4.7794   3.042600      48.40   43.56332  -69.76912     39.899 0.0000e+00
       2463 113.303814    615.500     40.218     4.7792   3.042618      48.29   43.56332  -69.76912     39.893 0.0000e+00
       2464 113.303817    615.750     40.217     4.7792   3.042576      48.46   43.56332  -69.76912     39.892 0.0000e+00
       2465 113.303819    616.000     40.238     4.7791   3.042576      48.28   43.56332  -69.76912     39.913 0.0000e+00
       2466 113.303822    616.250     40.249     4.7789   3.042534      48.31   43.56332  -69.76912     39.924 0.0000e+00
       2467 113.303825    616.500     40.249     4.7787   3.042552      48.47   43.56332  -69.76912     39.924 0.0000e+00
       2468 113.303828    616.750     40.273     4.7783   3.042467      48.33   43.56332  -69.76912     39.948 0.0000e+00
       2469 113.303831    617.000     40.310     4.7779   3.042509      48.30   43.56332  -69.76912     39.985 0.0000e+00
       2470 113.303834    617.250     40.317     4.7777   3.042419      48.43   43.56330  -69.76912     39.992 0.0000e+00
       2471 113.303837    617.500     40.345     4.7773   3.042394      48.46   43.56330  -69.76912     40.019 0.0000e+00
       2472 113.303840    617.750     40.369     4.7766   3.042177      48.04   43.56330  -69.76912     40.042 0.0000e+00
       2473 113.303843    618.000     40.380     4.7752   3.042261      48.66   43.56330  -69.76912     40.053 0.0000e+00
       2474 113.303845    618.250     40.389     4.7743   3.042376      48.47   43.56330  -69.76912     40.063 0.0000e+00
       2475 113.303848    618.500     40.392     4.7745   3.042261      48.22   43.56330  -69.76912     40.066 0.0000e+00
       2476 113.303851    618.750     40.399     4.7745   3.042286      48.11   43.56330  -69.76912     40.073 0.0000e+00
       2477 113.303854    619.000     40.403     4.7743   3.042352      47.94   43.56330  -69.76912     40.077 0.0000e+00
       2478 113.303857    619.250     40.386     4.7747   3.042376      47.94   43.56330  -69.76912     40.060 0.0000e+00
       2479 113.303860    619.500     40.362     4.7750   3.042352      48.01   43.56330  -69.76912     40.036 0.0000e+00
       2480 113.303863    619.750     40.354     4.7751   3.042352      47.94   43.56330  -69.76912     40.028 0.0000e+00
       2481 113.303866    620.000     40.316     4.7753   3.042261      48.38   43.56330  -69.76912     39.991 0.0000e+00
       2482 113.303869    620.250     40.271     4.7750   3.042328      48.20   43.56330  -69.76914     39.946 0.0000e+00
       2483 113.303872    620.500     40.239     4.7748   3.042376      48.01   43.56330  -69.76914     39.914 0.0000e+00
       2484 113.303874    620.750     40.207     4.7752   3.042443      48.55   43.56330  -69.76914     39.882 0.0000e+00
       2485 113.303877    621.000     40.184     4.7756   3.042419      48.32   43.56330  -69.76914     39.859 0.0000e+00
       2486 113.303880    621.250     40.130     4.7761   3.042485      48.20   43.56330  -69.76914     39.805 0.0000e+00
       2487 113.303883    621.500     40.056     4.7768   3.042576      48.20   43.56330  -69.76914     39.732 0.0000e+00
       2488 113.303886    621.750     40.011     4.7776   3.042642      48.23   43.56330  -69.76914     39.688 0.0000e+00
       2489 113.303889    622.000     39.967     4.7786   3.042709      48.68   43.56330  -69.76914     39.644 0.0000e+00
       2490 113.303892    622.250     39.916     4.7795   3.042709      48.65   43.56328  -69.76914     39.593 0.0000e+00
       2491 113.303895    622.500     39.868     4.7800   3.042709      48.70   43.56328  -69.76914     39.545 0.0000e+00
