ctd/proc/watertest_avg.cnv
* Sea-Bird SBE 9 Data File:
* FileName = D:\ctd\raw\watertest.hdr
* Software Version Seasave V 7.26.7.121
* Temperature SN = 4333
* Conductivity SN = 2459
* Number of Bytes Per Scan = 37
* Number of Voltage Words = 4
* Number of Scans Averaged by the Deck Unit = 1
* NMEA Latitude = 38 45.06 N
* NMEA Longitude = 063 25.78 W
* NMEA UTC (Time) = Jul 10 2024  20:23:08
* NMEA baud rate = 4800
** Ship: R/V Endeavor
** Cruise: EN719
** Principal Investigator: Chad Smith
** Chief Scientist: Chad Smith
** Project: NESMA24
** Cruise Start Date: 7 July 2024
** Ports: GSO, Narragansett RI to GSO, Narragansett RI
** Station:
** Bottom Depth:
** Operator:
# nquan = 27
# nvalues = 1494                        
# units = specified
# name 0 = scan: Scan Count
# name 1 = timeJ: Julian Days
# name 2 = timeS: Time, Elapsed [seconds]
# name 3 = prDM: Pressure, Digiquartz [db]
# name 4 = t090C: Temperature [ITS-90, deg C]
# name 5 = t190C: Temperature, 2 [ITS-90, deg C]
# name 6 = T2-T190C: Temperature Difference, 2 - 1 [ITS-90, deg C]
# name 7 = c0S/m: Conductivity [S/m]
# name 8 = c1S/m: Conductivity, 2 [S/m]
# name 9 = altM: Altimeter [m]
# name 10 = pumps: Pump Status
# name 11 = latitude: Latitude [deg]
# name 12 = longitude: Longitude [deg]
# name 13 = C2-C1S/m: Conductivity Difference, 2 - 1 [S/m]
# name 14 = depSM: Depth [salt water, m]
# name 15 = depSM: Depth [salt water, m], lat = 38.751
# name 16 = sal00: Salinity, Practical [PSU]
# name 17 = sigma-é00: Density [sigma-theta, kg/m^3]
# name 18 = oxsolMm/Kg: Oxygen Saturation, Garcia & Gordon [umol/kg]
# name 19 = oxsatMm/Kg: Oxygen Saturation, Weiss [umol/kg]
# name 20 = potemp090C: Potential Temperature [ITS-90, deg C]
# name 21 = svCM: Sound Velocity [Chen-Millero, m/s]
# name 22 = svCM1: Sound Velocity, 2 [Chen-Millero, m/s]
# name 23 = dz/dtM: Descent Rate [m/s], WS = 2
# name 24 = gpa: Geopotential Anomaly [J/kg]
# name 25 = nbin: number of scans per bin
# name 26 = flag: flag
# span 0 =        939,      49129       
# span 1 = 192.849885, 192.873125       
# span 2 =     39.079,   2046.995       
# span 3 =      7.053,   1516.911       
# span 4 =     3.9984,    26.7193       
# span 5 =     3.9991,    26.7192       
# span 6 =    -0.0177,     0.0496       
# span 7 =   3.334978,   5.595078       
# span 8 =   3.319469,   5.583021       
# span 9 =      -5.47,      89.46       
# span 10 =          1,          1      
# span 11 =   38.73207,   38.75070      
# span 12 =  -63.42957,  -63.42010      
# span 13 =  -0.018283,  -0.006183      
# span 14 =      7.000,   1500.006      
# span 15 =      7.000,   1500.000      
# span 16 =    35.1489,    36.8638      
# span 17 =    23.2962,    27.9230      
# span 18 =  200.15594,  314.44130      
# span 19 =  199.63894,  315.27125      
# span 20 =     3.8762,    26.7177      
# span 21 =    1485.77,    1539.41      
# span 22 =    1485.59,    1539.33      
# span 23 =     -0.003,      1.615      
# span 24 =      0.130,     13.492      
# span 25 =         14,       1862      
# span 26 = 0.0000e+00, 0.0000e+00      
# interval = meters: 1                  
# start_time = Jul 10 2024 20:23:11 [System UTC, header]
# bad_flag = -9.990e-29
*END*
[from data line 430]
      16189 192.857239    674.480    440.794    13.3107    13.3118     0.0011   4.235939   4.222489      38.14          1   38.74453  -63.42674  -0.013239    436.999    437.000    35.8496    27.0008  254.76164  254.66880    13.2481    1509.52    1509.37      0.817      8.160         31 0.0000e+00
      16216 192.857253    675.615    441.803    13.2843    13.2830    -0.0013   4.232863   4.219124      31.89          1   38.74452  -63.42673  -0.013267    437.994    438.000    35.8448    27.0026  254.90612  254.81499    13.2216    1509.44    1509.28      1.024      8.172         24 0.0000e+00
      16237 192.857263    676.496    442.813    13.2573    13.2480    -0.0093   4.229764   4.215247      10.95          1   38.74452  -63.42672  -0.014398    438.993    439.000    35.8404    27.0047  255.05337  254.96400    13.1946    1509.36    1509.18      1.277      8.184         18 0.0000e+00
      16254 192.857271    677.222    443.823    13.2456    13.2447    -0.0010   4.228725   4.214897      21.23          1   38.74450  -63.42672  -0.013617    439.996    440.000    35.8411    27.0076  255.11233  255.02375    13.1828    1509.34    1509.19      1.447      8.195         17 0.0000e+00
      16270 192.857279    677.888    444.833    13.2271    13.2282     0.0011   4.226540   4.213095      34.78          1   38.74450  -63.42672  -0.013376    441.001    441.000    35.8373    27.0085  255.21462  255.12723    13.1642    1509.29    1509.15      1.468      8.207         16 0.0000e+00
      16287 192.857287    678.595    445.842    13.2157    13.2152    -0.0004   4.225117   4.211568      77.80          1   38.74449  -63.42671  -0.013235    442.013    442.000    35.8342    27.0084  255.27949  255.19284    13.1526    1509.27    1509.12      1.241      8.219         19 0.0000e+00
      16319 192.857302    679.935    446.852    13.1821    13.1823     0.0002   4.221406   4.207828      19.98          1   38.74448  -63.42670  -0.013437    443.006    443.000    35.8300    27.0120  255.46021  255.37576    13.1191    1509.17    1509.02      0.598      8.231         50 0.0000e+00
      16366 192.857325    681.869    447.862    13.1232    13.1182    -0.0050   4.214134   4.200350      29.98          1   38.74447  -63.42670  -0.013240    443.985    444.000    35.8159    27.0131  255.79084  255.71021    13.0602    1508.98    1508.81      0.902      8.243         28 0.0000e+00
      16384 192.857334    682.641    448.872    13.0633    13.0591    -0.0042   4.207346   4.193715      36.41          1   38.74446  -63.42669  -0.012915    444.990    445.000    35.8072    27.0185  256.11740  256.04073    13.0003    1508.78    1508.62      1.420      8.255         17 0.0000e+00
      16400 192.857341    683.272    449.882    12.9806    12.9721    -0.0085   4.197529   4.183809       4.33          1   38.74446  -63.42668  -0.012392    446.001    446.000    35.7911    27.0227  256.57708  256.50587    12.9177    1508.51    1508.33      1.551      8.266         14 0.0000e+00
      16415 192.857349    683.925    450.891    12.9192    12.9173    -0.0018   4.191278   4.177907      60.10          1   38.74445  -63.42668  -0.012966    447.015    447.000    35.7889    27.0333  256.90173  256.83471    12.8564    1508.32    1508.16      1.338      8.278         18 0.0000e+00
      16440 192.857361    684.969    451.901    12.8849    12.8854     0.0005   4.187532   4.174209      47.92          1   38.74444  -63.42668  -0.013155    448.007    448.000    35.7850    27.0372  257.08817  257.02346    12.8220    1508.21    1508.06      0.807      8.290         34 0.0000e+00
      16476 192.857378    686.438    452.911    12.8615    12.8619     0.0003   4.184870   4.171512      20.55          1   38.74442  -63.42668  -0.013192    448.994    449.000    35.7811    27.0389  257.21743  257.15429    12.7986    1508.15    1508.00      0.813      8.301         30 0.0000e+00
      16500 192.857389    687.447    453.921    12.8373    12.8373     0.0000   4.182064   4.168758       7.44          1   38.74442  -63.42666  -0.013081    449.991    450.000    35.7767    27.0404  257.35241  257.29089    12.7743    1508.08    1507.93      1.162      8.313         21 0.0000e+00
      16518 192.857398    688.229    454.931    12.8159    12.8159    -0.0000   4.179612   4.166359      73.80          1   38.74442  -63.42666  -0.013006    451.000    451.000    35.7730    27.0418  257.47130  257.41122    12.7529    1508.02    1507.87      1.300      8.324         18 0.0000e+00
      16537 192.857407    688.997    455.941    12.7893    12.7898     0.0004   4.176611   4.163409      34.17          1   38.74440  -63.42666  -0.012980    452.006    452.000    35.7689    27.0439  257.61834  257.56007    12.7262    1507.94    1507.79      1.230      8.336         19 0.0000e+00
      16559 192.857418    689.926    456.950    12.7693    12.7716     0.0022   4.174412   4.161376      25.18          1   38.74440  -63.42665  -0.012910    453.007    453.000    35.7663    27.0459  257.72824  257.67132    12.7061    1507.89    1507.75      0.950      8.347         27 0.0000e+00
      16590 192.857433    691.226    457.960    12.7412    12.7431     0.0019   4.171071   4.158069      34.42          1   38.74440  -63.42664  -0.012675    454.000    454.000    35.7604    27.0470  257.88694  257.83192    12.6780    1507.81    1507.66      0.744      8.359         34 0.0000e+00
      16621 192.857448    692.495    458.970    12.6783    12.6798     0.0015   4.163899   4.150966      23.67          1   38.74438  -63.42664  -0.012685    454.993    455.000    35.7506    27.0519  258.23660  258.18587    12.6151    1507.60    1507.45      0.943      8.370         25 0.0000e+00
      16644 192.857459    693.440    459.980    12.6571    12.6557    -0.0014   4.161598   4.148282      29.59          1   38.74438  -63.42662  -0.013048    455.997    456.000    35.7481    27.0542  258.35297  258.30370    12.5939    1507.54    1507.39      1.148      8.382         21 0.0000e+00
      16664 192.857469    694.272    460.990    12.6356    12.6359     0.0004   4.159167   4.146076       1.86          1   38.74436  -63.42662  -0.012914    457.000    457.000    35.7446    27.0558  258.47294  258.42514    12.5723    1507.48    1507.33      1.218      8.393         20 0.0000e+00
      16683 192.857478    695.100    461.999    12.6173    12.6173     0.0000   4.156964   4.143875      24.18          1   38.74436  -63.42662  -0.012754    458.002    458.000    35.7403    27.0561  258.57763  258.53108    12.5539    1507.43    1507.28      1.180      8.404         20 0.0000e+00
      16705 192.857488    696.001    463.009    12.5768    12.5764    -0.0005   4.152201   4.139175      25.35          1   38.74435  -63.42661  -0.012715    459.005    459.000    35.7324    27.0579  258.80641  258.76262    12.5134    1507.30    1507.15      1.030      8.416         24 0.0000e+00
      16732 192.857502    697.145    464.019    12.5182    12.5134    -0.0048   4.145292   4.131860      19.83          1   38.74434  -63.42660  -0.012832    460.004    460.000    35.7209    27.0606  259.13856  259.09879    12.4548    1507.11    1506.95      0.787      8.427         32 0.0000e+00
      16766 192.857518    698.549    465.029    12.4283    12.4228    -0.0055   4.135297   4.121659      30.20          1   38.74433  -63.42660  -0.013359    460.995    461.000    35.7091    27.0691  259.63821  259.60472    12.3651    1506.81    1506.64      0.786      8.438         31 0.0000e+00
      16792 192.857530    699.639    466.039    12.4134    12.4164     0.0029   4.133821   4.121067      28.82          1   38.74432  -63.42659  -0.012716    461.992    462.000    35.7086    27.0716  259.71868  259.68625    12.3501    1506.78    1506.63      1.130      8.450         22 0.0000e+00
      16811 192.857540    700.421    467.049    12.3779    12.3729    -0.0051   4.129055   4.115858      32.24          1   38.74432  -63.42658  -0.012054    462.996    463.000    35.6957    27.0686  259.93183  259.90179    12.3146    1506.66    1506.49      1.376      8.461         17 0.0000e+00
      16828 192.857548    701.109    468.059    12.2912    12.2876    -0.0037   4.119388   4.106518      41.74          1   38.74430  -63.42658  -0.012221    464.002    464.000    35.6839    27.0763  260.41726  260.39334    12.2281    1506.37    1506.21      1.408      8.472         16 0.0000e+00
      16846 192.857556    701.864    469.069    12.2564    12.2594     0.0030   4.116112   4.103520      59.88          1   38.74430  -63.42658  -0.012550    465.010    465.000    35.6849    27.0839  260.60266  260.58128    12.1932    1506.27    1506.13      1.177      8.483         21 0.0000e+00
      16873 192.857569    702.985    470.079    12.2495    12.2508     0.0013   4.115417   4.102517      45.23          1   38.74430  -63.42657  -0.012823    466.006    466.000    35.6843    27.0848  260.64086  260.61998    12.1862    1506.26    1506.11      0.771      8.494         34 0.0000e+00
      16908 192.857586    704.450    471.088    12.1805    12.1629    -0.0177   4.106858   4.092334      -0.35          1   38.74428  -63.42656  -0.013420    466.995    467.000    35.6662    27.0841  261.04491  261.02883    12.1174    1506.02    1505.81      0.762      8.506         32 0.0000e+00
      16935 192.857599    705.597    472.098    12.0344    12.0419     0.0075   4.090476   4.079201      42.90          1   38.74427  -63.42656  -0.010795    467.998    468.000    35.6454    27.0961  261.87259  261.86701    11.9716    1505.52    1505.40      0.971      8.517         25 0.0000e+00
      16959 192.857611    706.569    473.108    11.8948    11.8826    -0.0122   4.074796   4.061249      40.68          1   38.74426  -63.42655  -0.011966    468.999    469.000    35.6250    27.1069  262.66919  262.67375    11.8323    1505.03    1504.84      1.101      8.528         22 0.0000e+00
      16980 192.857621    707.438    474.118    11.8066    11.8024    -0.0042   4.065728   4.052833      60.11          1   38.74426  -63.42654  -0.012523    469.998    470.000    35.6199    27.1198  263.15944  263.17055    11.7443    1504.74    1504.58      1.214      8.538         20 0.0000e+00
      16999 192.857630    708.237    475.128    11.7691    11.7680    -0.0011   4.061846   4.049140      29.06          1   38.74426  -63.42654  -0.012269    470.999    471.000    35.6172    27.1248  263.36957  263.38349    11.7068    1504.62    1504.47      1.283      8.549         18 0.0000e+00
      17017 192.857639    709.016    476.138    11.7147    11.7116    -0.0031   4.055722   4.042931       0.93          1   38.74424  -63.42652  -0.012293    472.005    472.000    35.6088    27.1285  263.68389  263.70183    11.6524    1504.44    1504.29      1.221      8.560         20 0.0000e+00
      17039 192.857650    709.937    477.148    11.6834    11.6830    -0.0003   4.052448   4.039800      59.37          1   38.74424  -63.42652  -0.012457    473.007    473.000    35.6061    27.1323  263.86071  263.88099    11.6211    1504.35    1504.20      0.955      8.570         26 0.0000e+00
      17071 192.857665    711.268    478.158    11.6479    11.6469    -0.0010   4.048517   4.035801      33.06          1   38.74422  -63.42652  -0.012448    474.001    474.000    35.6010    27.1350  264.06539  264.08831    11.5856    1504.24    1504.09      0.693      8.581         36 0.0000e+00
      17106 192.857682    712.688    479.168    11.5632    11.5602    -0.0031   4.038926   4.026240      43.31          1   38.74421  -63.42651  -0.012061    474.995    475.000    35.5871    27.1402  264.55785  264.58708    11.5011    1503.95    1503.79      0.837      8.592         29 0.0000e+00
      17130 192.857694    713.726    480.178    11.5075    11.5062    -0.0013   4.032962   4.020411      28.74          1   38.74420  -63.42650  -0.012120    475.994    476.000    35.5812    27.1460  264.87666  264.91011    11.4454    1503.76    1503.61      1.107      8.602         22 0.0000e+00
      17150 192.857703    714.554    481.188    11.4489    11.4443    -0.0046   4.026204   4.013500       0.27          1   38.74420  -63.42650  -0.012145    476.999    477.000    35.5703    27.1484  265.22211  265.25996    11.3869    1503.56    1503.40      1.250      8.612         19 0.0000e+00
      17169 192.857712    715.343    482.198    11.4206    11.4220     0.0013   4.023567   4.011201      60.17          1   38.74420  -63.42650  -0.012348    478.002    478.000    35.5709    27.1542  265.37778  265.41784    11.3586    1503.49    1503.34      1.245      8.623         19 0.0000e+00
      17189 192.857722    716.186    483.208    11.4167    11.4194     0.0027   4.023089   4.010928      34.53          1   38.74418  -63.42648  -0.012129    479.005    479.000    35.5695    27.1539  265.40230  265.44264    11.3545    1503.49    1503.35      1.122      8.633         22 0.0000e+00
      17213 192.857734    717.179    484.218    11.4121    11.4138     0.0017   4.022564   4.010319      36.19          1   38.74418  -63.42648  -0.012184    480.005    480.000    35.5683    27.1538  265.43011  265.47080    11.3498    1503.49    1503.34      0.932      8.644         26 0.0000e+00
      17242 192.857747    718.382    485.227    11.4039    11.4046     0.0007   4.021620   4.009345      51.51          1   38.74416  -63.42648  -0.012224    480.999    481.000    35.5664    27.1538  265.47906  265.52035    11.3415    1503.47    1503.33      0.831      8.654         31 0.0000e+00
      17270 192.857761    719.539    486.237    11.3894    11.3897     0.0003   4.019911   4.007688      47.07          1   38.74416  -63.42647  -0.012011    481.995    482.000    35.5630    27.1539  265.56625  265.60863    11.3269    1503.43    1503.29      0.998      8.665         24 0.0000e+00
      17292 192.857771    720.441    487.248    11.3604    11.3602    -0.0002   4.016573   4.004422       1.37          1   38.74416  -63.42646  -0.011890    482.998    483.000    35.5573    27.1549  265.73819  265.78277    11.2979    1503.34    1503.20      1.183      8.675         20 0.0000e+00
      17311 192.857781    721.263    488.257    11.3377    11.3389     0.0012   4.014039   4.002033      56.04          1   38.74414  -63.42646  -0.011759    484.004    484.000    35.5536    27.1562  265.87170  265.91800    11.2751    1503.28    1503.14      1.164      8.685         20 0.0000e+00
      17334 192.857792    722.226    489.267    11.3015    11.3034     0.0019   4.009952   3.998064      25.74          1   38.74414  -63.42644  -0.011703    485.006    485.000    35.5474    27.1581  266.08500  266.13406    11.2390    1503.16    1503.02      0.930      8.696         27 0.0000e+00
      17364 192.857806    723.467    490.277    11.2851    11.2854     0.0002   4.008173   3.996056      54.82          1   38.74412  -63.42644  -0.011985    485.998    486.000    35.5450    27.1593  266.18096  266.23128    11.2225    1503.12    1502.97      0.835      8.706         30 0.0000e+00
      17390 192.857819    724.556    491.287    11.2675    11.2691     0.0016   4.006229   3.994265      47.46          1   38.74411  -63.42644  -0.011866    486.995    487.000    35.5423    27.1605  266.28492  266.33659    11.2048    1503.07    1502.93      1.061      8.717         23 0.0000e+00
      17411 192.857829    725.423    492.297    11.2529    11.2530     0.0001   4.004450   3.992442       4.78          1   38.74410  -63.42644  -0.011780    488.000    488.000    35.5382    27.1599  266.37393  266.42669    11.1901    1503.03    1502.89      1.173      8.727         20 0.0000e+00
      17432 192.857839    726.288    493.307    11.1780    11.1735    -0.0046   3.995394   3.983434      22.02          1   38.74410  -63.42642  -0.010997    489.005    489.000    35.5198    27.1594  266.82833  266.88677    11.1154    1502.76    1502.61      1.087      8.737         22 0.0000e+00
