ctd/proc/watertest_avg.cnv
* Sea-Bird SBE 9 Data File:
* FileName = D:\ctd\raw\watertest.hdr
* Software Version Seasave V 7.26.7.121
* Temperature SN = 4333
* Conductivity SN = 2459
* Number of Bytes Per Scan = 37
* Number of Voltage Words = 4
* Number of Scans Averaged by the Deck Unit = 1
* NMEA Latitude = 38 45.06 N
* NMEA Longitude = 063 25.78 W
* NMEA UTC (Time) = Jul 10 2024  20:23:08
* NMEA baud rate = 4800
** Ship: R/V Endeavor
** Cruise: EN719
** Principal Investigator: Chad Smith
** Chief Scientist: Chad Smith
** Project: NESMA24
** Cruise Start Date: 7 July 2024
** Ports: GSO, Narragansett RI to GSO, Narragansett RI
** Station:
** Bottom Depth:
** Operator:
# nquan = 27
# nvalues = 1494                        
# units = specified
# name 0 = scan: Scan Count
# name 1 = timeJ: Julian Days
# name 2 = timeS: Time, Elapsed [seconds]
# name 3 = prDM: Pressure, Digiquartz [db]
# name 4 = t090C: Temperature [ITS-90, deg C]
# name 5 = t190C: Temperature, 2 [ITS-90, deg C]
# name 6 = T2-T190C: Temperature Difference, 2 - 1 [ITS-90, deg C]
# name 7 = c0S/m: Conductivity [S/m]
# name 8 = c1S/m: Conductivity, 2 [S/m]
# name 9 = altM: Altimeter [m]
# name 10 = pumps: Pump Status
# name 11 = latitude: Latitude [deg]
# name 12 = longitude: Longitude [deg]
# name 13 = C2-C1S/m: Conductivity Difference, 2 - 1 [S/m]
# name 14 = depSM: Depth [salt water, m]
# name 15 = depSM: Depth [salt water, m], lat = 38.751
# name 16 = sal00: Salinity, Practical [PSU]
# name 17 = sigma-é00: Density [sigma-theta, kg/m^3]
# name 18 = oxsolMm/Kg: Oxygen Saturation, Garcia & Gordon [umol/kg]
# name 19 = oxsatMm/Kg: Oxygen Saturation, Weiss [umol/kg]
# name 20 = potemp090C: Potential Temperature [ITS-90, deg C]
# name 21 = svCM: Sound Velocity [Chen-Millero, m/s]
# name 22 = svCM1: Sound Velocity, 2 [Chen-Millero, m/s]
# name 23 = dz/dtM: Descent Rate [m/s], WS = 2
# name 24 = gpa: Geopotential Anomaly [J/kg]
# name 25 = nbin: number of scans per bin
# name 26 = flag: flag
# span 0 =        939,      49129       
# span 1 = 192.849885, 192.873125       
# span 2 =     39.079,   2046.995       
# span 3 =      7.053,   1516.911       
# span 4 =     3.9984,    26.7193       
# span 5 =     3.9991,    26.7192       
# span 6 =    -0.0177,     0.0496       
# span 7 =   3.334978,   5.595078       
# span 8 =   3.319469,   5.583021       
# span 9 =      -5.47,      89.46       
# span 10 =          1,          1      
# span 11 =   38.73207,   38.75070      
# span 12 =  -63.42957,  -63.42010      
# span 13 =  -0.018283,  -0.006183      
# span 14 =      7.000,   1500.006      
# span 15 =      7.000,   1500.000      
# span 16 =    35.1489,    36.8638      
# span 17 =    23.2962,    27.9230      
# span 18 =  200.15594,  314.44130      
# span 19 =  199.63894,  315.27125      
# span 20 =     3.8762,    26.7177      
# span 21 =    1485.77,    1539.41      
# span 22 =    1485.59,    1539.33      
# span 23 =     -0.003,      1.615      
# span 24 =      0.130,     13.492      
# span 25 =         14,       1862      
# span 26 = 0.0000e+00, 0.0000e+00      
# interval = meters: 1                  
# start_time = Jul 10 2024 20:23:11 [System UTC, header]
# bad_flag = -9.990e-29
*END*
[from data line 1021]
      34319 192.865983   1429.934   1038.410     4.7592     4.7601     0.0009   3.386324   3.371767      20.56          1   38.73770  -63.42303  -0.014524   1027.998   1028.000    35.1878    27.8620  308.70275  309.42716     4.6731    1487.10    1486.88      0.796     11.834         31 0.0000e+00
      34348 192.865997   1431.120   1039.422     4.7539     4.7550     0.0011   3.385832   3.371310      44.57          1   38.73768  -63.42302  -0.014482   1029.001   1029.000    35.1872    27.8621  308.74306  309.46816     4.6678    1487.09    1486.88      0.873     11.837         27 0.0000e+00
      34376 192.866010   1432.284   1040.435     4.7490     4.7504     0.0013   3.385423   3.370890       0.92          1   38.73766  -63.42302  -0.014519   1030.002   1030.000    35.1870    27.8625  308.77893  309.50470     4.6628    1487.09    1486.87      0.849     11.841         29 0.0000e+00
      34405 192.866024   1433.499   1041.448     4.7370     4.7368    -0.0002   3.384173   3.369565       0.67          1   38.73766  -63.42302  -0.014485   1031.001   1031.000    35.1847    27.8620  308.87260  309.59993     4.6508    1487.05    1486.83      0.830     11.845         29 0.0000e+00
      34435 192.866039   1434.748   1042.460     4.7248     4.7257     0.0009   3.383134   3.368567       5.34          1   38.73765  -63.42302  -0.014542   1032.004   1032.000    35.1849    27.8636  308.96113  309.69012     4.6387    1487.02    1486.80      0.750     11.848         32 0.0000e+00
      34473 192.866057   1436.324   1043.473     4.7194     4.7205     0.0011   3.382666   3.368093       0.67          1   38.73764  -63.42300  -0.014556   1033.000   1033.000    35.1846    27.8640  309.00128  309.73098     4.6332    1487.01    1486.80      0.610     11.852         42 0.0000e+00
      34508 192.866074   1437.805   1044.485     4.7128     4.7139     0.0011   3.382050   3.367504       0.57          1   38.73762  -63.42300  -0.014500   1033.994   1034.000    35.1839    27.8642  309.05152  309.78211     4.6266    1487.00    1486.79      0.886     11.855         27 0.0000e+00
      34532 192.866085   1438.772   1045.498     4.7087     4.7098     0.0011   3.381743   3.367175       0.70          1   38.73761  -63.42300  -0.014565   1034.998   1035.000    35.1841    27.8648  309.08084  309.81199     4.6224    1487.00    1486.79      1.136     11.859         21 0.0000e+00
      34552 192.866095   1439.613   1046.511     4.7080     4.7092     0.0012   3.381733   3.367172       0.52          1   38.73759  -63.42300  -0.014562   1036.004   1036.000    35.1843    27.8650  309.08595  309.81720     4.6216    1487.02    1486.80      1.146     11.863         21 0.0000e+00
      34576 192.866107   1440.604   1047.523     4.7075     4.7090     0.0015   3.381736   3.367186      20.04          1   38.73758  -63.42300  -0.014550   1037.010   1037.000    35.1843    27.8651  309.08924  309.82056     4.6211    1487.03    1486.82      0.849     11.866         29 0.0000e+00
      34619 192.866127   1442.415   1048.536     4.7073     4.7084     0.0011   3.381739   3.367183      46.48          1   38.73757  -63.42298  -0.014556   1038.000   1038.000    35.1841    27.8649  309.09144  309.82278     4.6208    1487.05    1486.83      0.481     11.870         53 0.0000e+00
      34661 192.866148   1444.155   1049.549     4.7065     4.7078     0.0012   3.381739   3.367175      -1.30          1   38.73756  -63.42298  -0.014559   1038.995   1039.000    35.1844    27.8653  309.09642  309.82787     4.6199    1487.06    1486.85      0.831     11.873         29 0.0000e+00
      34685 192.866159   1445.174   1050.562     4.7026     4.7029     0.0003   3.381349   3.366740       0.62          1   38.73754  -63.42298  -0.014516   1039.998   1040.000    35.1834    27.8650  309.12715  309.85910     4.6159    1487.06    1486.84      1.067     11.877         23 0.0000e+00
      34707 192.866170   1446.071   1051.574     4.6905     4.6912     0.0007   3.380248   3.365668       0.50          1   38.73754  -63.42296  -0.014552   1041.001   1041.000    35.1830    27.8660  309.21764  309.95124     4.6038    1487.03    1486.81      1.126     11.881         21 0.0000e+00
      34729 192.866180   1446.984   1052.587     4.6888     4.6900     0.0012   3.380187   3.365620       0.52          1   38.73753  -63.42296  -0.014571   1042.005   1042.000    35.1835    27.8666  309.22850  309.96234     4.6021    1487.04    1486.82      1.031     11.884         23 0.0000e+00
      34758 192.866195   1448.207   1053.600     4.6884     4.6896     0.0012   3.380188   3.365599      20.18          1   38.73751  -63.42296  -0.014586   1043.008   1043.000    35.1834    27.8666  309.23177  309.96567     4.6015    1487.05    1486.84      0.667     11.888         40 0.0000e+00
      34804 192.866217   1450.118   1054.612     4.6874     4.6886     0.0012   3.380147   3.365552       8.36          1   38.73750  -63.42296  -0.014593   1043.993   1044.000    35.1835    27.8668  309.23902  309.97306     4.6005    1487.06    1486.85      0.637     11.891         39 0.0000e+00
      34831 192.866230   1451.267   1055.625     4.6858     4.6869     0.0011   3.380061   3.365452       0.29          1   38.73748  -63.42296  -0.014599   1044.995   1045.000    35.1837    27.8671  309.25048  309.98474     4.5988    1487.08    1486.86      1.067     11.895         22 0.0000e+00
      34852 192.866240   1452.121   1056.638     4.6836     4.6844     0.0008   3.379895   3.365270      28.19          1   38.73748  -63.42296  -0.014602   1046.002   1046.000    35.1835    27.8672  309.26668  310.00123     4.5965    1487.08    1486.87      1.173     11.899         20 0.0000e+00
      34874 192.866250   1453.027   1057.650     4.6798     4.6799     0.0001   3.379565   3.364877       3.42          1   38.73747  -63.42295  -0.014661   1047.009   1047.000    35.1833    27.8675  309.29562  310.03069     4.5926    1487.08    1486.86      0.976     11.902         26 0.0000e+00
      34906 192.866266   1454.358   1058.663     4.6771     4.6784     0.0012   3.379376   3.364768       0.60          1   38.73746  -63.42294  -0.014604   1048.002   1048.000    35.1833    27.8679  309.31493  310.05037     4.5899    1487.09    1486.88      0.682     11.906         37 0.0000e+00
      34940 192.866283   1455.810   1059.676     4.6740     4.6752     0.0011   3.379104   3.364512      20.07          1   38.73744  -63.42294  -0.014577   1048.999   1049.000    35.1830    27.8679  309.33872  310.07457     4.5867    1487.09    1486.88      0.778     11.909         31 0.0000e+00
      34970 192.866297   1457.041   1060.689     4.6720     4.6732     0.0012   3.378975   3.364362      20.47          1   38.73743  -63.42293  -0.014607   1050.003   1050.000    35.1831    27.8682  309.35333  310.08946     4.5846    1487.10    1486.89      0.797     11.913         30 0.0000e+00
      35002 192.866312   1458.379   1061.701     4.6710     4.6721     0.0011   3.378925   3.364312      19.15          1   38.73742  -63.42292  -0.014609   1050.998   1051.000    35.1830    27.8683  309.36045  310.09670     4.5836    1487.12    1486.90      0.781     11.917         32 0.0000e+00
      35030 192.866326   1459.550   1062.714     4.6683     4.6694     0.0011   3.378714   3.364088       0.21          1   38.73741  -63.42292  -0.014611   1051.996   1052.000    35.1829    27.8685  309.38055  310.11717     4.5808    1487.12    1486.90      1.011     11.920         24 0.0000e+00
      35052 192.866336   1460.448   1063.727     4.6657     4.6669     0.0012   3.378495   3.363890      40.51          1   38.73740  -63.42292  -0.014590   1053.000   1053.000    35.1825    27.8685  309.40040  310.13736     4.5781    1487.13    1486.91      1.140     11.924         21 0.0000e+00
      35073 192.866347   1461.346   1064.740     4.6646     4.6659     0.0012   3.378449   3.363833      41.42          1   38.73740  -63.42292  -0.014616   1054.008   1054.000    35.1827    27.8687  309.40814  310.14525     4.5770    1487.14    1486.92      1.021     11.927         23 0.0000e+00
      35102 192.866360   1462.539   1065.752     4.6643     4.6653     0.0011   3.378450   3.363821       1.28          1   38.73738  -63.42290  -0.014619   1055.005   1055.000    35.1826    27.8687  309.41118  310.14834     4.5765    1487.16    1486.94      0.748     11.931         34 0.0000e+00
      35138 192.866378   1464.048   1066.765     4.6621     4.6633     0.0012   3.378289   3.363668      31.98          1   38.73737  -63.42290  -0.014618   1056.002   1056.000    35.1825    27.8689  309.42755  310.16502     4.5742    1487.16    1486.95      0.638     11.935         38 0.0000e+00
      35178 192.866397   1465.710   1067.778     4.6592     4.6603     0.0011   3.378050   3.363408      31.08          1   38.73735  -63.42288  -0.014625   1056.998   1057.000    35.1822    27.8690  309.44922  310.18707     4.5713    1487.17    1486.95      0.658     11.938         39 0.0000e+00
      35209 192.866412   1466.993   1068.791     4.6551     4.6564     0.0012   3.377734   3.363087      -0.33          1   38.73734  -63.42288  -0.014627   1057.991   1058.000    35.1823    27.8696  309.47878  310.21719     4.5672    1487.17    1486.95      1.054     11.942         23 0.0000e+00
      35228 192.866421   1467.805   1069.804     4.6500     4.6505     0.0006   3.377204   3.362541       0.65          1   38.73734  -63.42288  -0.014582   1058.994   1059.000    35.1811    27.8692  309.51978  310.25886     4.5620    1487.16    1486.94      1.382     11.945         17 0.0000e+00
      35244 192.866429   1468.473   1070.816     4.6426     4.6433     0.0007   3.376533   3.361866       3.76          1   38.73734  -63.42288  -0.014595   1060.001   1060.000    35.1806    27.8696  309.57524  310.31531     4.5546    1487.15    1486.93      1.490     11.949         16 0.0000e+00
      35261 192.866437   1469.153   1071.829     4.6365     4.6376     0.0011   3.376005   3.361359      60.97          1   38.73732  -63.42286  -0.014620   1061.014   1061.000    35.1803    27.8701  309.62047  310.36136     4.5484    1487.14    1486.92      1.280     11.952         18 0.0000e+00
      35304 192.866458   1470.955   1072.842     4.6360     4.6367     0.0006   3.376016   3.361291      11.60          1   38.73731  -63.42286  -0.014722   1062.004   1062.000    35.1804    27.8702  309.62373  310.36469     4.5479    1487.15    1486.93      0.428     11.956         71 0.0000e+00
      35355 192.866482   1473.087   1073.855     4.6341     4.6354     0.0013   3.375951   3.361288       0.19          1   38.73730  -63.42284  -0.014669   1062.990   1063.000    35.1812    27.8711  309.63609  310.37733     4.5459    1487.16    1486.95      1.070     11.960         23 0.0000e+00
      35373 192.866491   1473.839   1074.867     4.6335     4.6349     0.0014   3.375912   3.361280       0.47          1   38.73729  -63.42284  -0.014625   1063.996   1064.000    35.1809    27.8709  309.64136  310.38268     4.5452    1487.18    1486.96      1.340     11.963         17 0.0000e+00
      35390 192.866499   1474.560   1075.880     4.6320     4.6334     0.0014   3.375805   3.361174       0.68          1   38.73728  -63.42284  -0.014620   1065.006   1065.000    35.1807    27.8709  309.65265  310.39417     4.5436    1487.19    1486.97      1.303     11.967         18 0.0000e+00
      35412 192.866510   1475.443   1076.893     4.6294     4.6305     0.0011   3.375575   3.360908       0.57          1   38.73728  -63.42284  -0.014632   1066.012   1066.000    35.1803    27.8709  309.67305  310.41491     4.5409    1487.19    1486.98      0.997     11.970         26 0.0000e+00
      35441 192.866524   1476.683   1077.906     4.6234     4.6246     0.0011   3.375044   3.360383       0.62          1   38.73726  -63.42283  -0.014651   1066.999   1067.000    35.1799    27.8713  309.71787  310.46054     4.5349    1487.18    1486.97      0.794     11.974         31 0.0000e+00
      35470 192.866538   1477.882   1078.919     4.6213     4.6226     0.0013   3.374883   3.360240       0.70          1   38.73725  -63.42282  -0.014625   1068.001   1068.000    35.1797    27.8714  309.73398  310.47694     4.5327    1487.19    1486.98      0.898     11.978         27 0.0000e+00
      35497 192.866551   1478.996   1079.932     4.6191     4.6205     0.0013   3.374720   3.360070       5.95          1   38.73724  -63.42282  -0.014640   1069.004   1069.000    35.1796    27.8715  309.75009  310.49335     4.5305    1487.20    1486.98      0.849     11.981         28 0.0000e+00
      35529 192.866566   1480.338   1080.944     4.6164     4.6177     0.0013   3.374493   3.359841      14.86          1   38.73724  -63.42280  -0.014650   1070.000   1070.000    35.1794    27.8717  309.77110  310.51472     4.5276    1487.20    1486.99      0.734     11.985         35 0.0000e+00
      35560 192.866581   1481.606   1081.957     4.6165     4.6179     0.0014   3.374580   3.359918      22.43          1   38.73722  -63.42280  -0.014669   1070.994   1071.000    35.1798    27.8720  309.76945  310.51308     4.5276    1487.22    1487.01      0.978     11.988         25 0.0000e+00
      35581 192.866591   1482.505   1082.970     4.6168     4.6182     0.0014   3.374665   3.359991      31.93          1   38.73722  -63.42280  -0.014681   1071.997   1072.000    35.1799    27.8721  309.76666  310.51025     4.5279    1487.24    1487.03      1.205     11.992         19 0.0000e+00
      35600 192.866601   1483.305   1083.983     4.6172     4.6185     0.0013   3.374729   3.360070      30.53          1   38.73720  -63.42280  -0.014665   1073.005   1073.000    35.1797    27.8718  309.76388  310.50740     4.5282    1487.26    1487.04      1.214     11.995         20 0.0000e+00
      35622 192.866611   1484.200   1084.996     4.6171     4.6185     0.0013   3.374761   3.360102      44.07          1   38.73720  -63.42278  -0.014659   1074.008   1074.000    35.1797    27.8718  309.76470  310.50822     4.5280    1487.28    1487.06      1.002     11.999         24 0.0000e+00
      35652 192.866625   1485.444   1086.009     4.6157     4.6169     0.0012   3.374661   3.359999      22.33          1   38.73719  -63.42278  -0.014648   1075.003   1075.000    35.1795    27.8719  309.77582  310.51955     4.5265    1487.29    1487.07      0.741     12.002         35 0.0000e+00
      35685 192.866642   1486.834   1087.022     4.6116     4.6128     0.0012   3.374323   3.359643      19.55          1   38.73718  -63.42278  -0.014671   1076.001   1076.000    35.1793    27.8722  309.80598  310.55025     4.5224    1487.29    1487.07      0.749     12.006         31 0.0000e+00
      35719 192.866658   1488.232   1088.034     4.6113     4.6125     0.0012   3.374348   3.359658      17.22          1   38.73716  -63.42276  -0.014688   1077.002   1077.000    35.1795    27.8724  309.80827  310.55260     4.5220    1487.30    1487.09      0.711     12.010         36 0.0000e+00
      35751 192.866673   1489.565   1089.047     4.6092     4.6104     0.0011   3.374177   3.359490      12.59          1   38.73715  -63.42276  -0.014669   1077.992   1078.000    35.1792    27.8724  309.82412  310.56872     4.5198    1487.31    1487.09      0.944     12.013         26 0.0000e+00
      35772 192.866684   1490.470   1090.060     4.6057     4.6067     0.0010   3.373844   3.359166       0.41          1   38.73714  -63.42276  -0.014642   1078.994   1079.000    35.1785    27.8723  309.85186  310.59693     4.5162    1487.31    1487.09      1.271     12.017         19 0.0000e+00
