ctd/proc/watertest_avg.cnv
* Sea-Bird SBE 9 Data File:
* FileName = D:\ctd\raw\watertest.hdr
* Software Version Seasave V 7.26.7.121
* Temperature SN = 4333
* Conductivity SN = 2459
* Number of Bytes Per Scan = 37
* Number of Voltage Words = 4
* Number of Scans Averaged by the Deck Unit = 1
* NMEA Latitude = 38 45.06 N
* NMEA Longitude = 063 25.78 W
* NMEA UTC (Time) = Jul 10 2024  20:23:08
* NMEA baud rate = 4800
** Ship: R/V Endeavor
** Cruise: EN719
** Principal Investigator: Chad Smith
** Chief Scientist: Chad Smith
** Project: NESMA24
** Cruise Start Date: 7 July 2024
** Ports: GSO, Narragansett RI to GSO, Narragansett RI
** Station:
** Bottom Depth:
** Operator:
# nquan = 27
# nvalues = 1494                        
# units = specified
# name 0 = scan: Scan Count
# name 1 = timeJ: Julian Days
# name 2 = timeS: Time, Elapsed [seconds]
# name 3 = prDM: Pressure, Digiquartz [db]
# name 4 = t090C: Temperature [ITS-90, deg C]
# name 5 = t190C: Temperature, 2 [ITS-90, deg C]
# name 6 = T2-T190C: Temperature Difference, 2 - 1 [ITS-90, deg C]
# name 7 = c0S/m: Conductivity [S/m]
# name 8 = c1S/m: Conductivity, 2 [S/m]
# name 9 = altM: Altimeter [m]
# name 10 = pumps: Pump Status
# name 11 = latitude: Latitude [deg]
# name 12 = longitude: Longitude [deg]
# name 13 = C2-C1S/m: Conductivity Difference, 2 - 1 [S/m]
# name 14 = depSM: Depth [salt water, m]
# name 15 = depSM: Depth [salt water, m], lat = 38.751
# name 16 = sal00: Salinity, Practical [PSU]
# name 17 = sigma-é00: Density [sigma-theta, kg/m^3]
# name 18 = oxsolMm/Kg: Oxygen Saturation, Garcia & Gordon [umol/kg]
# name 19 = oxsatMm/Kg: Oxygen Saturation, Weiss [umol/kg]
# name 20 = potemp090C: Potential Temperature [ITS-90, deg C]
# name 21 = svCM: Sound Velocity [Chen-Millero, m/s]
# name 22 = svCM1: Sound Velocity, 2 [Chen-Millero, m/s]
# name 23 = dz/dtM: Descent Rate [m/s], WS = 2
# name 24 = gpa: Geopotential Anomaly [J/kg]
# name 25 = nbin: number of scans per bin
# name 26 = flag: flag
# span 0 =        939,      49129       
# span 1 = 192.849885, 192.873125       
# span 2 =     39.079,   2046.995       
# span 3 =      7.053,   1516.911       
# span 4 =     3.9984,    26.7193       
# span 5 =     3.9991,    26.7192       
# span 6 =    -0.0177,     0.0496       
# span 7 =   3.334978,   5.595078       
# span 8 =   3.319469,   5.583021       
# span 9 =      -5.47,      89.46       
# span 10 =          1,          1      
# span 11 =   38.73207,   38.75070      
# span 12 =  -63.42957,  -63.42010      
# span 13 =  -0.018283,  -0.006183      
# span 14 =      7.000,   1500.006      
# span 15 =      7.000,   1500.000      
# span 16 =    35.1489,    36.8638      
# span 17 =    23.2962,    27.9230      
# span 18 =  200.15594,  314.44130      
# span 19 =  199.63894,  315.27125      
# span 20 =     3.8762,    26.7177      
# span 21 =    1485.77,    1539.41      
# span 22 =    1485.59,    1539.33      
# span 23 =     -0.003,      1.615      
# span 24 =      0.130,     13.492      
# span 25 =         14,       1862      
# span 26 = 0.0000e+00, 0.0000e+00      
# interval = meters: 1                  
# start_time = Jul 10 2024 20:23:11 [System UTC, header]
# bad_flag = -9.990e-29
*END*
[from data line 1289]
      41819 192.869600   1742.413   1309.969     4.1827     4.1837     0.0011   3.343044   3.327943      24.89          1   38.73491  -63.42152  -0.015101   1296.000   1296.000    35.1552    27.9016  313.05295  313.85644     4.0773    1489.19    1488.96      0.628     12.773         39 0.0000e+00
      41853 192.869616   1743.827   1310.983     4.1816     4.1828     0.0012   3.342995   3.327890      28.99          1   38.73490  -63.42152  -0.015101   1296.999   1297.000    35.1553    27.9017  313.06073  313.86436     4.0762    1489.20    1488.98      0.803     12.777         30 0.0000e+00
      41881 192.869630   1745.014   1311.997     4.1778     4.1785     0.0008   3.342632   3.327521      22.13          1   38.73489  -63.42152  -0.015074   1298.002   1298.000    35.1546    27.9016  313.09128  313.89545     4.0723    1489.20    1488.98      0.876     12.780         28 0.0000e+00
      41909 192.869643   1746.155   1313.011     4.1729     4.1738     0.0009   3.342227   3.327106       0.89          1   38.73488  -63.42152  -0.015092   1299.002   1299.000    35.1545    27.9020  313.12796  313.93281     4.0674    1489.20    1488.97      0.897     12.783         27 0.0000e+00
      41936 192.869656   1747.275   1314.025     4.1677     4.1687     0.0010   3.341755   3.326643      22.21          1   38.73486  -63.42150  -0.015088   1300.001   1300.000    35.1539    27.9022  313.16847  313.97405     4.0621    1489.19    1488.97      0.904     12.787         27 0.0000e+00
      41963 192.869669   1748.407   1315.039     4.1645     4.1658     0.0012   3.341516   3.326405      22.73          1   38.73486  -63.42150  -0.015106   1301.003   1301.000    35.1540    27.9025  313.19223  313.99826     4.0589    1489.20    1488.97      0.888     12.790         27 0.0000e+00
      41990 192.869682   1749.557   1316.053     4.1633     4.1645     0.0012   3.341448   3.326338      21.82          1   38.73484  -63.42150  -0.015105   1302.004   1302.000    35.1539    27.9026  313.20125  314.00745     4.0576    1489.21    1488.98      0.845     12.794         28 0.0000e+00
      42026 192.869700   1751.049   1317.067     4.1614     4.1620     0.0006   3.341303   3.326138       1.90          1   38.73483  -63.42150  -0.015148   1303.005   1303.000    35.1538    27.9027  313.21625  314.02273     4.0556    1489.22    1488.99      0.558     12.797         48 0.0000e+00
      42073 192.869722   1752.979   1318.081     4.1553     4.1562     0.0008   3.340772   3.325634      20.11          1   38.73481  -63.42148  -0.015121   1303.991   1304.000    35.1534    27.9031  313.26257  314.06990     4.0495    1489.21    1488.98      0.741     12.800         33 0.0000e+00
      42097 192.869734   1753.993   1319.095     4.1522     4.1532     0.0010   3.340520   3.325392      58.48          1   38.73478  -63.42148  -0.015115   1304.997   1305.000    35.1533    27.9033  313.28649  314.09426     4.0463    1489.21    1488.98      1.132     12.804         21 0.0000e+00
      42117 192.869743   1754.815   1320.108     4.1502     4.1511     0.0009   3.340367   3.325226       0.42          1   38.73478  -63.42148  -0.015124   1306.004   1306.000    35.1531    27.9034  313.30183  314.10988     4.0443    1489.22    1488.99      1.179     12.807         20 0.0000e+00
      42139 192.869754   1755.770   1321.123     4.1481     4.1493     0.0012   3.340206   3.325075       0.73          1   38.73477  -63.42148  -0.015124   1307.011   1307.000    35.1529    27.9035  313.31812  314.12646     4.0421    1489.23    1489.00      0.896     12.811         28 0.0000e+00
      42176 192.869772   1757.288   1322.136     4.1470     4.1482     0.0012   3.340148   3.325019       0.66          1   38.73474  -63.42148  -0.015130   1308.002   1308.000    35.1529    27.9036  313.32640  314.13489     4.0409    1489.24    1489.01      0.596     12.814         42 0.0000e+00
      42216 192.869791   1758.938   1323.150     4.1467     4.1478     0.0011   3.340164   3.325032       0.65          1   38.73472  -63.42148  -0.015134   1308.999   1309.000    35.1529    27.9036  313.32864  314.13718     4.0405    1489.26    1489.03      0.683     12.817         36 0.0000e+00
      42247 192.869806   1760.268   1324.164     4.1463     4.1475     0.0013   3.340170   3.325051      22.53          1   38.73470  -63.42148  -0.015119   1309.998   1310.000    35.1529    27.9037  313.33171  314.14031     4.0400    1489.27    1489.04      0.863     12.821         28 0.0000e+00
      42273 192.869819   1761.333   1325.178     4.1451     4.1462     0.0012   3.340072   3.324951       0.79          1   38.73470  -63.42146  -0.015108   1311.001   1311.000    35.1526    27.9036  313.34196  314.15072     4.0387    1489.28    1489.06      0.986     12.824         25 0.0000e+00
      42298 192.869831   1762.363   1326.192     4.1435     4.1446     0.0011   3.339970   3.324823       0.59          1   38.73470  -63.42146  -0.015142   1312.007   1312.000    35.1525    27.9037  313.35368  314.16266     4.0371    1489.29    1489.06      0.895     12.828         26 0.0000e+00
      42331 192.869846   1763.740   1327.206     4.1422     4.1433     0.0011   3.339868   3.324751      45.88          1   38.73469  -63.42144  -0.015116   1313.003   1313.000    35.1522    27.9036  313.36440  314.17357     4.0357    1489.30    1489.08      0.676     12.831         39 0.0000e+00
      42365 192.869863   1765.166   1328.220     4.1405     4.1414     0.0009   3.339742   3.324602      21.83          1   38.73468  -63.42144  -0.015125   1313.997   1314.000    35.1520    27.9036  313.37741  314.18681     4.0339    1489.31    1489.08      0.835     12.834         28 0.0000e+00
      42392 192.869876   1766.278   1329.234     4.1389     4.1400     0.0011   3.339652   3.324519      23.13          1   38.73466  -63.42144  -0.015131   1315.004   1315.000    35.1521    27.9039  313.38929  314.19892     4.0323    1489.32    1489.10      0.875     12.838         27 0.0000e+00
      42424 192.869892   1767.629   1330.249     4.1377     4.1389     0.0012   3.339576   3.324465       1.26          1   38.73465  -63.42144  -0.015112   1316.004   1316.000    35.1520    27.9040  313.39884  314.20865     4.0309    1489.33    1489.11      0.660     12.841         39 0.0000e+00
      42462 192.869910   1769.198   1331.263     4.1377     4.1388     0.0011   3.339645   3.324521       0.67          1   38.73462  -63.42144  -0.015129   1316.996   1317.000    35.1523    27.9042  313.39774  314.20754     4.0309    1489.35    1489.13      0.784     12.845         31 0.0000e+00
      42488 192.869922   1770.276   1332.277     4.1373     4.1379     0.0006   3.339644   3.324476       0.50          1   38.73462  -63.42144  -0.015154   1318.000   1318.000    35.1522    27.9042  313.40115  314.21102     4.0304    1489.37    1489.14      1.013     12.848         24 0.0000e+00
      42511 192.869933   1771.240   1333.291     4.1360     4.1372     0.0012   3.339591   3.324452      26.55          1   38.73460  -63.42144  -0.015155   1319.005   1319.000    35.1525    27.9045  313.41026  314.22031     4.0290    1489.38    1489.15      1.010     12.851         23 0.0000e+00
      42537 192.869946   1772.339   1334.305     4.1372     4.1381     0.0009   3.339731   3.324576       1.04          1   38.73460  -63.42144  -0.015141   1320.006   1320.000    35.1523    27.9043  313.40156  314.21145     4.0301    1489.40    1489.17      0.819     12.855         30 0.0000e+00
      42577 192.869965   1773.979   1335.319     4.1329     4.1322    -0.0007   3.339327   3.324042       3.31          1   38.73458  -63.42142  -0.015254   1321.004   1321.000    35.1517    27.9042  313.43580  314.24628     4.0258    1489.40    1489.16      0.520     12.858         51 0.0000e+00
      42623 192.869987   1775.906   1336.333     4.1209     4.1216     0.0008   3.338180   3.323028      32.96          1   38.73458  -63.42141  -0.015113   1321.996   1322.000    35.1504    27.9045  313.52906  314.34121     4.0138    1489.36    1489.13      0.721     12.862         34 0.0000e+00
      42650 192.870000   1777.024   1337.347     4.1135     4.1138     0.0003   3.337474   3.322283      -0.09          1   38.73456  -63.42140  -0.015119   1322.995   1323.000    35.1494    27.9044  313.58710  314.40028     4.0064    1489.35    1489.12      1.063     12.865         23 0.0000e+00
      42670 192.870010   1777.873   1338.361     4.1066     4.1071     0.0005   3.336883   3.321674       0.55          1   38.73456  -63.42140  -0.015188   1323.998   1324.000    35.1492    27.9051  313.63937  314.45354     3.9995    1489.34    1489.11      1.279     12.868         19 0.0000e+00
      42688 192.870019   1778.618   1339.375     4.1056     4.1066     0.0010   3.336863   3.321693       0.86          1   38.73455  -63.42140  -0.015204   1325.004   1325.000    35.1496    27.9054  313.64630  314.46063     3.9983    1489.35    1489.12      1.317     12.872         17 0.0000e+00
      42708 192.870028   1779.440   1340.389     4.1083     4.1096     0.0012   3.337234   3.322054      18.25          1   38.73454  -63.42140  -0.015190   1326.015   1326.000    35.1505    27.9059  313.62324  314.43719     4.0010    1489.38    1489.15      1.022     12.875         24 0.0000e+00
      42754 192.870051   1781.371   1341.403     4.1086     4.1101     0.0014   3.337256   3.322137      12.04          1   38.73453  -63.42139  -0.015121   1327.003   1327.000    35.1500    27.9055  313.62236  314.43626     4.0012    1489.40    1489.17      0.406     12.879         66 0.0000e+00
      42802 192.870074   1783.385   1342.417     4.1082     4.1099     0.0017   3.337302   3.322208      22.95          1   38.73452  -63.42138  -0.015108   1327.993   1328.000    35.1504    27.9059  313.62432  314.43829     4.0007    1489.41    1489.19      0.858     12.882         28 0.0000e+00
      42825 192.870085   1784.354   1343.431     4.1091     4.1102     0.0010   3.337430   3.322272       0.72          1   38.73450  -63.42138  -0.015157   1329.000   1329.000    35.1504    27.9058  313.61730  314.43114     4.0015    1489.43    1489.21      1.072     12.885         22 0.0000e+00
      42848 192.870096   1785.291   1344.445     4.1087     4.1096     0.0009   3.337419   3.322256       0.61          1   38.73448  -63.42138  -0.015162   1330.006   1330.000    35.1503    27.9057  313.62111  314.43501     4.0010    1489.45    1489.22      1.020     12.889         24 0.0000e+00
      42874 192.870109   1786.375   1345.459     4.1078     4.1090     0.0012   3.337375   3.322222      15.88          1   38.73448  -63.42136  -0.015147   1331.005   1331.000    35.1502    27.9057  313.62785  314.44187     4.0000    1489.46    1489.23      0.866     12.892         28 0.0000e+00
      42905 192.870124   1787.673   1346.474     4.1060     4.1070     0.0011   3.337231   3.322074      22.70          1   38.73445  -63.42136  -0.015157   1332.002   1332.000    35.1499    27.9058  313.64231  314.45659     3.9981    1489.47    1489.24      0.738     12.895         34 0.0000e+00
      42939 192.870140   1789.071   1347.488     4.1057     4.1070     0.0013   3.337267   3.322124      17.13          1   38.73444  -63.42136  -0.015145   1333.002   1333.000    35.1501    27.9059  313.64363  314.45794     3.9978    1489.49    1489.26      0.731     12.899         33 0.0000e+00
      42971 192.870155   1790.425   1348.502     4.1065     4.1069     0.0004   3.337384   3.322150      20.64          1   38.73442  -63.42136  -0.015233   1333.998   1334.000    35.1502    27.9059  313.63776  314.45197     3.9984    1489.51    1489.28      0.837     12.902         30 0.0000e+00
      42997 192.870168   1791.493   1349.516     4.1049     4.1060     0.0011   3.337254   3.322101      30.61          1   38.73442  -63.42136  -0.015152   1334.999   1335.000    35.1499    27.9058  313.65082  314.46525     3.9967    1489.52    1489.29      1.040     12.906         22 0.0000e+00
      43019 192.870179   1792.428   1350.530     4.1046     4.1058     0.0013   3.337279   3.322123       0.93          1   38.73440  -63.42136  -0.015161   1336.006   1336.000    35.1500    27.9060  313.65278  314.46726     3.9964    1489.53    1489.30      1.013     12.909         24 0.0000e+00
      43049 192.870193   1793.661   1351.544     4.1040     4.1049     0.0009   3.337246   3.322061      15.04          1   38.73439  -63.42136  -0.015179   1337.008   1337.000    35.1497    27.9058  313.65776  314.47231     3.9957    1489.55    1489.32      0.668     12.912         39 0.0000e+00
      43094 192.870215   1795.545   1352.558     4.1016     4.1025     0.0009   3.337040   3.321881      29.66          1   38.73437  -63.42134  -0.015161   1337.997   1338.000    35.1493    27.9058  313.67674  314.49162     3.9932    1489.55    1489.32      0.596     12.916         41 0.0000e+00
      43126 192.870230   1796.855   1353.572     4.1019     4.1022     0.0003   3.337126   3.321879      24.83          1   38.73435  -63.42134  -0.015228   1338.998   1339.000    35.1495    27.9059  313.67414  314.48899     3.9934    1489.57    1489.34      0.903     12.919         27 0.0000e+00
      43151 192.870242   1797.925   1354.587     4.1012     4.1025     0.0014   3.337095   3.321948       1.39          1   38.73434  -63.42134  -0.015159   1340.006   1340.000    35.1494    27.9059  313.67984  314.49479     3.9926    1489.59    1489.36      0.874     12.923         27 0.0000e+00
      43184 192.870258   1799.274   1355.601     4.1015     4.1025     0.0010   3.337161   3.321996      33.85          1   38.73432  -63.42134  -0.015164   1341.002   1341.000    35.1493    27.9058  313.67740  314.49229     3.9929    1489.60    1489.38      0.706     12.926         36 0.0000e+00
      43216 192.870273   1800.623   1356.615     4.1003     4.1015     0.0012   3.337078   3.321940      31.48          1   38.73432  -63.42132  -0.015132   1341.996   1342.000    35.1491    27.9058  313.68702  314.50209     3.9916    1489.61    1489.39      0.907     12.929         27 0.0000e+00
      43239 192.870285   1801.598   1357.629     4.0993     4.1004     0.0010   3.337035   3.321873      43.45          1   38.73431  -63.42132  -0.015163   1343.000   1343.000    35.1492    27.9059  313.69434  314.50954     3.9905    1489.63    1489.40      1.106     12.933         21 0.0000e+00
      43261 192.870295   1802.486   1358.643     4.0982     4.0993     0.0011   3.336982   3.321814      48.35          1   38.73430  -63.42132  -0.015167   1344.006   1344.000    35.1491    27.9060  313.70247  314.51784     3.9893    1489.64    1489.41      1.068     12.936         23 0.0000e+00
      43287 192.870308   1803.586   1359.657     4.0980     4.0992     0.0012   3.337012   3.321846      26.50          1   38.73430  -63.42130  -0.015160   1345.008   1345.000    35.1493    27.9062  313.70402  314.51942     3.9890    1489.66    1489.43      0.787     12.940         32 0.0000e+00
      43328 192.870327   1805.280   1360.671     4.0952     4.0962     0.0010   3.336792   3.321623      12.44          1   38.73428  -63.42130  -0.015162   1346.001   1346.000    35.1491    27.9063  313.72533  314.54112     3.9862    1489.66    1489.43      0.547     12.943         46 0.0000e+00
      43366 192.870346   1806.862   1361.686     4.0938     4.0948     0.0010   3.336708   3.321530       0.23          1   38.73427  -63.42130  -0.015172   1346.995   1347.000    35.1492    27.9065  313.73617  314.55217     3.9847    1489.67    1489.44      0.879     12.946         28 0.0000e+00
      43389 192.870357   1807.851   1362.700     4.0927     4.0938     0.0011   3.336664   3.321497      26.25          1   38.73426  -63.42129  -0.015164   1348.003   1348.000    35.1493    27.9068  313.74404  314.56020     3.9835    1489.69    1489.46      1.025     12.950         23 0.0000e+00
