ctd/proc/watertest_avg.cnv
* Sea-Bird SBE 9 Data File:
* FileName = D:\ctd\raw\watertest.hdr
* Software Version Seasave V 7.26.7.121
* Temperature SN = 4333
* Conductivity SN = 2459
* Number of Bytes Per Scan = 37
* Number of Voltage Words = 4
* Number of Scans Averaged by the Deck Unit = 1
* NMEA Latitude = 38 45.06 N
* NMEA Longitude = 063 25.78 W
* NMEA UTC (Time) = Jul 10 2024  20:23:08
* NMEA baud rate = 4800
** Ship: R/V Endeavor
** Cruise: EN719
** Principal Investigator: Chad Smith
** Chief Scientist: Chad Smith
** Project: NESMA24
** Cruise Start Date: 7 July 2024
** Ports: GSO, Narragansett RI to GSO, Narragansett RI
** Station:
** Bottom Depth:
** Operator:
# nquan = 27
# nvalues = 1494                        
# units = specified
# name 0 = scan: Scan Count
# name 1 = timeJ: Julian Days
# name 2 = timeS: Time, Elapsed [seconds]
# name 3 = prDM: Pressure, Digiquartz [db]
# name 4 = t090C: Temperature [ITS-90, deg C]
# name 5 = t190C: Temperature, 2 [ITS-90, deg C]
# name 6 = T2-T190C: Temperature Difference, 2 - 1 [ITS-90, deg C]
# name 7 = c0S/m: Conductivity [S/m]
# name 8 = c1S/m: Conductivity, 2 [S/m]
# name 9 = altM: Altimeter [m]
# name 10 = pumps: Pump Status
# name 11 = latitude: Latitude [deg]
# name 12 = longitude: Longitude [deg]
# name 13 = C2-C1S/m: Conductivity Difference, 2 - 1 [S/m]
# name 14 = depSM: Depth [salt water, m]
# name 15 = depSM: Depth [salt water, m], lat = 38.751
# name 16 = sal00: Salinity, Practical [PSU]
# name 17 = sigma-é00: Density [sigma-theta, kg/m^3]
# name 18 = oxsolMm/Kg: Oxygen Saturation, Garcia & Gordon [umol/kg]
# name 19 = oxsatMm/Kg: Oxygen Saturation, Weiss [umol/kg]
# name 20 = potemp090C: Potential Temperature [ITS-90, deg C]
# name 21 = svCM: Sound Velocity [Chen-Millero, m/s]
# name 22 = svCM1: Sound Velocity, 2 [Chen-Millero, m/s]
# name 23 = dz/dtM: Descent Rate [m/s], WS = 2
# name 24 = gpa: Geopotential Anomaly [J/kg]
# name 25 = nbin: number of scans per bin
# name 26 = flag: flag
# span 0 =        939,      49129       
# span 1 = 192.849885, 192.873125       
# span 2 =     39.079,   2046.995       
# span 3 =      7.053,   1516.911       
# span 4 =     3.9984,    26.7193       
# span 5 =     3.9991,    26.7192       
# span 6 =    -0.0177,     0.0496       
# span 7 =   3.334978,   5.595078       
# span 8 =   3.319469,   5.583021       
# span 9 =      -5.47,      89.46       
# span 10 =          1,          1      
# span 11 =   38.73207,   38.75070      
# span 12 =  -63.42957,  -63.42010      
# span 13 =  -0.018283,  -0.006183      
# span 14 =      7.000,   1500.006      
# span 15 =      7.000,   1500.000      
# span 16 =    35.1489,    36.8638      
# span 17 =    23.2962,    27.9230      
# span 18 =  200.15594,  314.44130      
# span 19 =  199.63894,  315.27125      
# span 20 =     3.8762,    26.7177      
# span 21 =    1485.77,    1539.41      
# span 22 =    1485.59,    1539.33      
# span 23 =     -0.003,      1.615      
# span 24 =      0.130,     13.492      
# span 25 =         14,       1862      
# span 26 = 0.0000e+00, 0.0000e+00      
# interval = meters: 1                  
# start_time = Jul 10 2024 20:23:11 [System UTC, header]
# bad_flag = -9.990e-29
*END*
[from data line 537]
      18799 192.858498    783.234    548.865     9.4086     9.4082    -0.0004   3.806050   3.795090       0.63          1   38.74362  -63.42616  -0.010704    543.996    544.000    35.2936    27.2917  277.55977  277.76583     9.3459    1497.10    1496.96      1.134      9.268         22 0.0000e+00
      18819 192.858508    784.068    549.875     9.3829     9.3832     0.0004   3.803276   3.792404      34.36          1   38.74360  -63.42614  -0.010641    544.999    545.000    35.2897    27.2929  277.72307  277.93143     9.3202    1497.02    1496.88      1.253      9.277         18 0.0000e+00
      18837 192.858517    784.854    550.886     9.3572     9.3574     0.0002   3.800405   3.789541      28.40          1   38.74360  -63.42614  -0.010520    546.005    546.000    35.2847    27.2932  277.88802  278.09865     9.2945    1496.94    1496.80      1.210      9.286         20 0.0000e+00
      18860 192.858528    785.782    551.896     9.3252     9.3264     0.0012   3.797019   3.786252      25.07          1   38.74359  -63.42614  -0.010644    547.007    547.000    35.2807    27.2953  278.09010  278.30362     9.2624    1496.83    1496.70      0.966      9.295         26 0.0000e+00
      18889 192.858542    787.009    552.906     9.3172     9.3188     0.0016   3.796298   3.785474      20.06          1   38.74358  -63.42614  -0.010784    548.001    548.000    35.2805    27.2965  278.13851  278.35276     9.2544    1496.82    1496.68      0.787      9.304         31 0.0000e+00
      18920 192.858556    788.276    553.917     9.3127     9.3146     0.0019   3.795921   3.785122       0.73          1   38.74356  -63.42612  -0.010810    548.999    549.000    35.2806    27.2973  278.16570  278.38037     9.2498    1496.82    1496.69      0.827      9.313         30 0.0000e+00
      18948 192.858570    789.459    554.927     9.3108     9.3124     0.0016   3.795717   3.784929       0.55          1   38.74356  -63.42612  -0.010727    549.998    550.000    35.2799    27.2971  278.17870  278.39353     9.2477    1496.83    1496.70      0.891      9.322         27 0.0000e+00
      18974 192.858583    790.527    555.937     9.2929     9.2932     0.0003   3.793665   3.782826       0.56          1   38.74354  -63.42612  -0.010566    550.998    551.000    35.2758    27.2968  278.29553  278.51195     9.2298    1496.77    1496.64      1.007      9.331         24 0.0000e+00
      18997 192.858594    791.491    556.948     9.2397     9.2404     0.0008   3.787724   3.777140       0.50          1   38.74354  -63.42612  -0.010140    552.002    552.000    35.2659    27.2978  278.63807  278.85925     9.1767    1496.58    1496.45      1.024      9.340         23 0.0000e+00
      19022 192.858606    792.526    557.958     9.1973     9.1940    -0.0033   3.783359   3.772236      20.06          1   38.74352  -63.42611  -0.010841    553.001    553.000    35.2617    27.3014  278.90386  279.12890     9.1344    1496.44    1496.29      0.936      9.349         27 0.0000e+00
      19048 192.858618    793.628    558.968     9.1609     9.1621     0.0013   3.779472   3.768824       0.58          1   38.74352  -63.42610  -0.010467    553.997    554.000    35.2566    27.3034  279.13605  279.36441     9.0980    1496.32    1496.18      0.970      9.358         25 0.0000e+00
      19071 192.858630    794.598    559.978     9.1449     9.1461     0.0012   3.777913   3.767175       0.73          1   38.74351  -63.42610  -0.010613    554.995    555.000    35.2557    27.3052  279.23530  279.46514     9.0820    1496.27    1496.14      1.132      9.367         21 0.0000e+00
      19091 192.858639    795.433    560.989     9.1284     9.1287     0.0003   3.776206   3.765428       0.52          1   38.74350  -63.42610  -0.010670    556.003    556.000    35.2537    27.3064  279.34017  279.57152     9.0654    1496.23    1496.09      1.176      9.376         20 0.0000e+00
      19114 192.858650    796.377    561.999     9.1182     9.1197     0.0015   3.775414   3.764714       0.64          1   38.74350  -63.42610  -0.010666    557.010    557.000    35.2550    27.3090  279.39940  279.63172     9.0552    1496.21    1496.07      0.900      9.385         28 0.0000e+00
      19149 192.858667    797.845    563.009     9.1052     9.1056     0.0004   3.774239   3.763451       2.30          1   38.74348  -63.42610  -0.010696    557.996    558.000    35.2551    27.3112  279.47870  279.71225     9.0421    1496.18    1496.04      0.681      9.394         37 0.0000e+00
      19179 192.858681    799.074    564.020     9.0933     9.0950     0.0017   3.773246   3.762557      24.14          1   38.74346  -63.42608  -0.010696    558.992    559.000    35.2560    27.3139  279.54964  279.78432     9.0301    1496.15    1496.02      1.051      9.403         23 0.0000e+00
      19199 192.858691    799.909    565.030     9.0905     9.0915     0.0010   3.773122   3.762398       0.82          1   38.74346  -63.42608  -0.010694    559.999    560.000    35.2570    27.3151  279.56468  279.79964     9.0272    1496.16    1496.03      1.236      9.411         19 0.0000e+00
      19218 192.858700    800.711    566.041     9.0877     9.0896     0.0019   3.772963   3.762316       0.72          1   38.74345  -63.42608  -0.010638    561.004    561.000    35.2577    27.3161  279.58047  279.81571     9.0243    1496.17    1496.03      1.199      9.420         20 0.0000e+00
      19240 192.858711    801.622    567.051     9.0944     9.0971     0.0027   3.774051   3.763409       0.64          1   38.74344  -63.42608  -0.010789    562.005    562.000    35.2619    27.3184  279.53092  279.76560     9.0309    1496.21    1496.08      1.009      9.429         24 0.0000e+00
      19268 192.858724    802.771    568.061     9.0959     9.0964     0.0004   3.774365   3.763655       0.61          1   38.74343  -63.42607  -0.010568    563.004    563.000    35.2632    27.3192  279.51893  279.75349     9.0323    1496.24    1496.10      0.805      9.438         31 0.0000e+00
      19300 192.858740    804.109    569.072     9.0660     9.0670     0.0011   3.771821   3.761176       0.71          1   38.74342  -63.42606  -0.010569    563.997    564.000    35.2658    27.3260  279.69695  279.93438     9.0023    1496.15    1496.01      0.784      9.446         31 0.0000e+00
      19328 192.858753    805.293    570.082     9.0506     9.0517     0.0011   3.770450   3.759797       0.69          1   38.74342  -63.42606  -0.010577    564.996    565.000    35.2662    27.3288  279.79040  280.02929     8.9869    1496.11    1495.97      0.964      9.455         25 0.0000e+00
      19351 192.858764    806.242    571.093     9.0389     9.0399     0.0009   3.769551   3.758889      26.95          1   38.74340  -63.42606  -0.010613    565.996    566.000    35.2678    27.3320  279.85838  280.09839     8.9751    1496.08    1495.95      1.158      9.464         21 0.0000e+00
      19370 192.858774    807.056    572.103     9.0337     9.0355     0.0018   3.769571   3.758940       0.10          1   38.74340  -63.42606  -0.010672    566.999    567.000    35.2727    27.3367  279.88055  280.12114     8.9698    1496.09    1495.95      1.266      9.472         19 0.0000e+00
      19389 192.858783    807.839    573.113     9.0361     9.0383     0.0021   3.770258   3.759641       0.46          1   38.74339  -63.42606  -0.010717    568.005    568.000    35.2770    27.3397  279.85681  280.09725     8.9721    1496.12    1495.99      1.223      9.481         19 0.0000e+00
      19411 192.858794    808.764    574.124     9.0345     9.0362     0.0017   3.770731   3.760121       0.63          1   38.74338  -63.42605  -0.010596    569.010    569.000    35.2830    27.3447  279.85427  280.09496     8.9704    1496.14    1496.00      0.913      9.490         28 0.0000e+00
      19452 192.858813    810.458    575.134     9.0226     9.0227     0.0001   3.769737   3.758969       0.65          1   38.74336  -63.42604  -0.010684    569.998    570.000    35.2840    27.3474  279.92551  280.16735     8.9584    1496.11    1495.97      0.526      9.498         48 0.0000e+00
      19488 192.858830    811.950    576.144     8.9799     8.9771    -0.0028   3.764975   3.754174      25.99          1   38.74335  -63.42604  -0.010285    570.989    571.000    35.2759    27.3479  280.20380  280.44955     8.9158    1495.96    1495.81      1.039      9.507         24 0.0000e+00
      19507 192.858840    812.750    577.155     8.9192     8.9181    -0.0011   3.758991   3.748402       0.78          1   38.74334  -63.42604  -0.010131    571.994    572.000    35.2728    27.3552  280.58299  280.83445     8.8552    1495.75    1495.61      1.353      9.515         17 0.0000e+00
      19524 192.858848    813.442    578.165     8.8764     8.8754    -0.0010   3.755068   3.744397       0.57          1   38.74334  -63.42604  -0.010320    573.005    573.000    35.2736    27.3626  280.84518  281.10075     8.8125    1495.61    1495.47      1.424      9.524         16 0.0000e+00
      19541 192.858856    814.167    579.176     8.8397     8.8405     0.0009   3.751665   3.741146       0.78          1   38.74334  -63.42602  -0.010229    574.005    574.000    35.2737    27.3686  281.07114  281.33023     8.7758    1495.49    1495.35      1.319      9.532         19 0.0000e+00
      19561 192.858866    814.997    580.186     8.8187     8.8190     0.0003   3.749810   3.739135       0.53          1   38.74332  -63.42602  -0.010506    575.006    575.000    35.2746    27.3726  281.19887  281.45999     8.7548    1495.43    1495.29      1.119      9.540         22 0.0000e+00
      19586 192.858878    816.043    581.196     8.7982     8.7994     0.0012   3.747832   3.737233       0.60          1   38.74332  -63.42602  -0.010534    576.005    576.000    35.2736    27.3751  281.32751  281.59059     8.7343    1495.37    1495.23      0.844      9.548         29 0.0000e+00
      19621 192.858895    817.520    582.207     8.7837     8.7845     0.0008   3.746419   3.735732      16.02          1   38.74330  -63.42602  -0.010550    577.000    577.000    35.2727    27.3767  281.41919  281.68365     8.7197    1495.33    1495.19      0.641      9.557         39 0.0000e+00
      19656 192.858911    818.941    583.217     8.7460     8.7459    -0.0001   3.742453   3.731811       0.08          1   38.74329  -63.42602  -0.010312    577.994    578.000    35.2679    27.3789  281.66259  281.93061     8.6820    1495.20    1495.06      0.899      9.565         28 0.0000e+00
      19679 192.858923    819.897    584.228     8.6946     8.6932    -0.0013   3.737233   3.726560      60.04          1   38.74328  -63.42601  -0.010352    578.997    579.000    35.2635    27.3835  281.99038  282.26330     8.6308    1495.02    1494.88      1.155      9.573         20 0.0000e+00
      19698 192.858932    820.717    585.238     8.6694     8.6703     0.0009   3.734889   3.724284       1.58          1   38.74327  -63.42600  -0.010462    580.003    580.000    35.2633    27.3874  282.14730  282.42268     8.6055    1494.95    1494.81      1.188      9.581         20 0.0000e+00
      19720 192.858942    821.621    586.249     8.6438     8.6432    -0.0006   3.732136   3.721472       0.51          1   38.74326  -63.42600  -0.010412    581.005    581.000    35.2592    27.3882  282.31479  282.59258     8.5800    1494.86    1494.72      1.030      9.589         24 0.0000e+00
      19746 192.858955    822.708    587.259     8.6208     8.6222     0.0014   3.729978   3.719397       0.57          1   38.74325  -63.42600  -0.010531    582.001    582.000    35.2588    27.3915  282.45862  282.73865     8.5570    1494.79    1494.66      0.902      9.597         27 0.0000e+00
      19773 192.858968    823.824    588.270     8.6142     8.6151     0.0010   3.729318   3.718700      47.08          1   38.74324  -63.42599  -0.010502    583.000    583.000    35.2579    27.3919  282.50165  282.78232     8.5503    1494.78    1494.65      0.923      9.606         26 0.0000e+00
      19799 192.858980    824.912    589.280     8.5911     8.5910    -0.0000   3.726889   3.716237       0.79          1   38.74323  -63.42598  -0.010461    584.000    584.000    35.2548    27.3930  282.65228  282.93514     8.5271    1494.71    1494.57      0.921      9.614         27 0.0000e+00
      19825 192.858993    826.014    590.291     8.5647     8.5647    -0.0000   3.724250   3.713585       0.55          1   38.74322  -63.42598  -0.010463    584.999    585.000    35.2527    27.3955  282.82127  283.10669     8.5008    1494.63    1494.49      0.935      9.622         26 0.0000e+00
      19851 192.859005    827.066    591.301     8.5271     8.5272     0.0001   3.720412   3.709789      24.15          1   38.74320  -63.42598  -0.010423    586.001    586.000    35.2490    27.3984  283.06338  283.35243     8.4632    1494.50    1494.36      0.964      9.630         25 0.0000e+00
      19876 192.859018    828.129    592.312     8.4879     8.4867    -0.0012   3.716281   3.705641      23.16          1   38.74320  -63.42598  -0.010320    587.002    587.000    35.2438    27.4004  283.31940  283.61221     8.4241    1494.36    1494.22      0.934      9.638         26 0.0000e+00
      19902 192.859030    829.208    593.322     8.4609     8.4619     0.0010   3.713756   3.703154       0.08          1   38.74318  -63.42596  -0.010484    587.996    588.000    35.2435    27.4044  283.48951  283.78500     8.3971    1494.28    1494.14      1.022      9.646         24 0.0000e+00
      19924 192.859041    830.105    594.333     8.4362     8.4360    -0.0001   3.711124   3.700513      59.87          1   38.74318  -63.42596  -0.010370    588.995    589.000    35.2397    27.4053  283.65220  283.95006     8.3724    1494.20    1494.06      1.211      9.654         20 0.0000e+00
      19942 192.859050    830.894    595.343     8.4128     8.4133     0.0005   3.708783   3.698229       2.24          1   38.74318  -63.42596  -0.010298    590.006    590.000    35.2377    27.4073  283.80307  284.10321     8.3490    1494.13    1493.99      1.192      9.661         19 0.0000e+00
      19967 192.859061    831.911    596.354     8.3783     8.3776    -0.0007   3.705306   3.694623       0.56          1   38.74317  -63.42596  -0.010480    591.010    591.000    35.2347    27.4103  284.02627  284.32980     8.3145    1494.01    1493.87      0.816      9.669         32 0.0000e+00
      20005 192.859080    833.500    597.364     8.3480     8.3498     0.0018   3.702359   3.691838      17.64          1   38.74315  -63.42595  -0.010404    591.994    592.000    35.2332    27.4138  284.22044  284.52697     8.2842    1493.91    1493.78      0.674      9.677         37 0.0000e+00
      20034 192.859094    834.702    598.375     8.3216     8.3223     0.0007   3.699645   3.689091      27.11          1   38.74313  -63.42594  -0.010391    592.995    593.000    35.2302    27.4155  284.39290  284.70201     8.2578    1493.82    1493.69      1.034      9.685         23 0.0000e+00
      20055 192.859104    835.572    599.385     8.2926     8.2918    -0.0008   3.696749   3.686082      30.28          1   38.74312  -63.42594  -0.010366    593.999    594.000    35.2278    27.4181  284.58067  284.89264     8.2289    1493.73    1493.59      1.195      9.693         20 0.0000e+00
      20075 192.859113    836.397    600.396     8.2690     8.2687    -0.0003   3.694534   3.683897       0.53          1   38.74312  -63.42594  -0.010462    595.002    595.000    35.2273    27.4213  284.73084  285.04517     8.2053    1493.66    1493.52      1.197      9.701         20 0.0000e+00
      20095 192.859123    837.267    601.406     8.2507     8.2503    -0.0003   3.692868   3.682174       0.61          1   38.74310  -63.42594  -0.010581    596.004    596.000    35.2274    27.4242  284.84652  285.16270     8.1869    1493.60    1493.46      1.102      9.708         22 0.0000e+00
