INSTRUMENT_TYPE=SBE4
SERIALNO=0618
CCALDATE=23-Jan-24
CG=-3.98663538e+000
CH= 4.55878581e-001
CI= 1.45917681e-004
CJ= 1.48303363e-005
CTCOR= 3.25000e-006
CPCOR=-9.57000e-008
