PCALDATE = 08-Mar-21
C1=-5.127137e+004
C2=-6.250695e-001
C3= 1.463390e-002
D1= 3.819700e-002
D2= 0.000000e+000
T1= 2.998602e+001
T2=-4.688386e-004
T3= 4.060280e-006
T4= 1.932470e-009
T5= 0.000000e+000
AD590M= 1.28080e-002
AD590B=-9.76095e+000
SLOPE= 1.00003
OFFSET=-1.2324
