ctd/raw/EN717_01.ros
* Sea-Bird SBE 9 Data File:
* FileName = D:\ctd\raw\EN717_01.hdr
* Software Version Seasave V 7.26.7.121
* Temperature SN = 4695
* Conductivity SN = 0618
* Number of Bytes Per Scan = 40
* Number of Voltage Words = 5
* Number of Scans Averaged by the Deck Unit = 1
* NMEA Latitude = 41 08.84 N
* NMEA Longitude = 071 16.87 W
* NMEA UTC (Time) = Jun 07 2024  18:33:32
* NMEA baud rate = 4800
** Ship: R/V Endeavor
** Cruise: EN717
** Principal Investigator: David Smith
** Chief Scientist: David Smith
** Project: RITAS
** Cruise Start Date: 07 June 2024
** Ports: from and to GSO, Narragansett, RI
** Station:
** Bottom Depth (m):
** Operator:
# nquan = 25
# nvalues = 1108                                  
# units = specified
# name 0 = scan: Scan Count
# name 1 = timeJ: Julian Days
# name 2 = timeS: Time, Elapsed [seconds]
# name 3 = prDM: Pressure, Digiquartz [db]
# name 4 = t090C: Temperature [ITS-90, deg C]
# name 5 = t190C: Temperature, 2 [ITS-90, deg C]
# name 6 = T2-T190C: Temperature Difference, 2 - 1 [ITS-90, deg C]
# name 7 = c0S/m: Conductivity [S/m]
# name 8 = c1S/m: Conductivity, 2 [S/m]
# name 9 = CStarAt0: Beam Attenuation, WET Labs C-Star [1/m]
# name 10 = CStarTr0: Beam Transmission, WET Labs C-Star [%]
# name 11 = flECO-AFL: Fluorescence, WET Labs ECO-AFL/FL [mg/m^3]
# name 12 = altM: Altimeter [m]
# name 13 = sbeox0V: Oxygen raw, SBE 43 [V]
# name 14 = sbeox1V: Oxygen raw, SBE 43, 2 [V]
# name 15 = par: PAR/Irradiance, Biospherical/Licor [umol photons/m^2/sec]
# name 16 = cpar: CPAR/Corrected Irradiance [%]
# name 17 = spar: SPAR, Biospherical/Licor [umol photons/m^2/sec]
# name 18 = pumps: Pump Status
# name 19 = latitude: Latitude [deg]
# name 20 = longitude: Longitude [deg]
# name 21 = C2-C1S/m: Conductivity Difference, 2 - 1 [S/m]
# name 22 = depSM: Depth [salt water, m]
# name 23 = nbf: Bottles Fired
# name 24 = flag:  0.000e+00
# interval = seconds: 0.0416667
# start_time = Jun 07 2024 18:33:35 [System UTC, header]
# bad_flag = -9.990e-29
*END*
[from data line 290]
      17662 159.781839    735.875     30.337     8.9297     8.9434     0.0137   3.377481   3.378158     0.7729    82.4289     0.2714      28.42     3.3799     2.2602 1.4986e+01 5.1996e-01 2.8822e+03          1   41.14618  -71.28158   0.000678     30.099          6  0.000e+00
      17663 159.781839    735.917     30.213     8.9312     8.9440     0.0128   3.377575   3.378311     0.7729    82.4289     0.2787      28.42     3.3836     2.2602 1.5029e+01 5.2110e-01 2.8841e+03          1   41.14618  -71.28158   0.000736     29.976          6  0.000e+00
      17664 159.781840    735.958     30.312     8.9338     8.9440     0.0102   3.377598   3.378433     0.7729    82.4289     0.2860      28.42     3.3848     2.2614 1.4986e+01 5.1963e-01 2.8841e+03          1   41.14618  -71.28158   0.000835     30.075          6  0.000e+00
      17665 159.781840    736.000     30.271     8.9344     8.9442     0.0099   3.377618   3.378372     0.7729    82.4289     0.2860      28.47     3.3836     2.2602 1.4986e+01 5.1963e-01 2.8841e+03          1   41.14618  -71.28158   0.000754     30.034          6  0.000e+00
      19389 159.782672    807.833     25.096     9.5899     9.4951    -0.0948   3.421771   3.415348     0.6899    84.1582     0.8794      33.92     3.4935     2.3420 2.9628e+01 1.0755e+00 2.7548e+03          1   41.14602  -71.28162  -0.006423     24.900          7  0.000e+00
      19390 159.782672    807.875     25.030     9.5932     9.4954    -0.0978   3.421978   3.415532     0.6899    84.1582     0.8794      33.92     3.4935     2.3420 2.9796e+01 1.0809e+00 2.7567e+03          1   41.14602  -71.28162  -0.006446     24.834          7  0.000e+00
      19391 159.782673    807.917     25.013     9.5947     9.4975    -0.0971   3.422191   3.415728     0.6888    84.1819     0.8721      33.92     3.4947     2.3420 2.9796e+01 1.0802e+00 2.7585e+03          1   41.14602  -71.28162  -0.006463     24.818          7  0.000e+00
      19392 159.782673    807.958     24.972     9.5967     9.4995    -0.0971   3.422346   3.415906     0.6899    84.1582     0.8794      33.92     3.4947     2.3420 2.9880e+01 1.0825e+00 2.7604e+03          1   41.14602  -71.28162  -0.006440     24.776          7  0.000e+00
      19393 159.782674    808.000     25.013     9.5993     9.5007    -0.0986   3.422457   3.416059     0.6899    84.1582     0.8794      33.97     3.4947     2.3420 2.9880e+01 1.0825e+00 2.7604e+03          1   41.14602  -71.28162  -0.006398     24.818          7  0.000e+00
      19394 159.782674    808.042     25.030     9.6013     9.5036    -0.0977   3.422543   3.416065     0.6899    84.1582     0.8794      33.99     3.4947     2.3420 2.9965e+01 1.0848e+00 2.7622e+03          1   41.14602  -71.28162  -0.006477     24.834          7  0.000e+00
      19395 159.782675    808.083     25.030     9.6026     9.5065    -0.0962   3.422681   3.416212     0.6899    84.1582     0.8721      33.99     3.4947     2.3420 2.9880e+01 1.0818e+00 2.7622e+03          1   41.14602  -71.28162  -0.006468     24.834          7  0.000e+00
      19396 159.782675    808.125     25.013     9.6041     9.5080    -0.0961   3.422782   3.416458     0.6876    84.2056     0.8794      33.99     3.4947     2.3420 3.0050e+01 1.0872e+00 2.7641e+03          1   41.14602  -71.28162  -0.006325     24.818          7  0.000e+00
      19397 159.782676    808.167     25.030     9.6044     9.5080    -0.0964   3.422845   3.416642     0.6876    84.2056     0.8794      33.99     3.4947     2.3420 3.0135e+01 1.0902e+00 2.7641e+03          1   41.14602  -71.28162  -0.006203     24.834          7  0.000e+00
      19398 159.782676    808.208     25.030     9.6059     9.5084    -0.0974   3.422897   3.416592     0.6888    84.1819     0.8794      33.99     3.4960     2.3420 3.0135e+01 1.0895e+00 2.7659e+03          1   41.14602  -71.28162  -0.006305     24.834          7  0.000e+00
      19399 159.782677    808.250     25.013     9.6079     9.5091    -0.0987   3.423029   3.416458     0.6910    84.1345     0.8794      34.02     3.4960     2.3420 3.0135e+01 1.0895e+00 2.7659e+03          1   41.14602  -71.28162  -0.006571     24.818          7  0.000e+00
      19400 159.782677    808.292     25.030     9.6092     9.5118    -0.0974   3.423111   3.416427     0.6899    84.1582     0.8794      34.07     3.4972     2.3420 3.0220e+01 1.0926e+00 2.7659e+03          1   41.14602  -71.28162  -0.006684     24.834          7  0.000e+00
      19401 159.782677    808.333     25.030     9.6087     9.5136    -0.0951   3.423104   3.416611     0.6899    84.1582     0.8867      34.04     3.4960     2.3432 3.0220e+01 1.0926e+00 2.7659e+03          1   41.14602  -71.28162  -0.006493     24.834          7  0.000e+00
      19402 159.782678    808.375     25.014     9.6085     9.5141    -0.0944   3.423038   3.416715     0.6910    84.1345     0.8867      34.07     3.4960     2.3420 3.0305e+01 1.0957e+00 2.7659e+03          1   41.14602  -71.28162  -0.006323     24.818          7  0.000e+00
      19403 159.782678    808.417     25.030     9.6079     9.5139    -0.0940   3.422979   3.416825     0.6921    84.1108     0.8867      34.07     3.4960     2.3420 3.0305e+01 1.0949e+00 2.7678e+03          1   41.14602  -71.28162  -0.006154     24.834          7  0.000e+00
      19404 159.782679    808.458     25.014     9.6061     9.5157    -0.0903   3.422845   3.416856     0.6944    84.0635     0.8867      34.07     3.4972     2.3432 3.0305e+01 1.0949e+00 2.7678e+03          1   41.14602  -71.28162  -0.005989     24.818          7  0.000e+00
      19405 159.782679    808.500     25.097     9.6047     9.5212    -0.0835   3.422766   3.416917     0.6944    84.0635     0.8867      34.04     3.4972     2.3432 3.0391e+01 1.0973e+00 2.7696e+03          1   41.14602  -71.28162  -0.005849     24.900          7  0.000e+00
      19406 159.782680    808.542     25.030     9.6036     9.5245    -0.0791   3.422730   3.417242     0.6944    84.0635     0.8867      33.99     3.4935     2.3420 3.0391e+01 1.0973e+00 2.7696e+03          1   41.14602  -71.28162  -0.005488     24.834          7  0.000e+00
      19407 159.782680    808.583     25.072     9.6029     9.5243    -0.0786   3.422704   3.417628     0.6944    84.0635     0.8867      33.99     3.4960     2.3432 3.0391e+01 1.0966e+00 2.7714e+03          1   41.14602  -71.28162  -0.005075     24.876          7  0.000e+00
      19408 159.782681    808.625     25.030     9.6024     9.5253    -0.0771   3.422658   3.417751     0.6933    84.0871     0.8867      33.99     3.4984     2.3432 3.0391e+01 1.0958e+00 2.7733e+03          1   41.14602  -71.28162  -0.004906     24.834          7  0.000e+00
      19409 159.782681    808.667     25.097     9.6027     9.5278    -0.0749   3.422644   3.417628     0.6933    84.0871     0.8794      34.02     3.4984     2.3432 3.0391e+01 1.0958e+00 2.7733e+03          1   41.14602  -71.28162  -0.005016     24.900          7  0.000e+00
      19410 159.782682    808.708     25.014     9.6032     9.5317    -0.0715   3.422684   3.417549     0.6921    84.1108     0.8867      33.99     3.4984     2.3432 3.0391e+01 1.0951e+00 2.7751e+03          1   41.14602  -71.28162  -0.005135     24.818          7  0.000e+00
      19411 159.782682    808.750     25.097     9.6031     9.5415    -0.0616   3.422717   3.417843     0.6910    84.1345     0.8867      33.99     3.4984     2.3420 3.0391e+01 1.0951e+00 2.7751e+03          1   41.14602  -71.28162  -0.004874     24.900          7  0.000e+00
      19412 159.782683    808.792     25.072     9.6024     9.5531    -0.0493   3.422743   3.418677     0.6921    84.1108     0.8867      33.99     3.4984     2.3420 3.0391e+01 1.0944e+00 2.7770e+03          1   41.14602  -71.28162  -0.004066     24.876          7  0.000e+00
      19413 159.782683    808.833     25.097     9.6029     9.5646    -0.0383   3.422750   3.419725     0.6921    84.1108     0.8428      33.99     3.4984     2.3420 3.0391e+01 1.0937e+00 2.7788e+03          1   41.14602  -71.28162  -0.003024     24.900          7  0.000e+00
      19414 159.782684    808.875     25.097     9.6026     9.5756    -0.0270   3.422750   3.420559     0.6933    84.0871     0.8062      33.99     3.4984     2.3432 3.0477e+01 1.0960e+00 2.7807e+03          1   41.14602  -71.28162  -0.002190     24.900          7  0.000e+00
      19415 159.782684    808.917     25.130     9.6027     9.5819    -0.0208   3.422789   3.421203     0.6944    84.0635     0.7988      33.99     3.4984     2.3420 3.0391e+01 1.0929e+00 2.7807e+03          1   41.14602  -71.28162  -0.001586     24.933          7  0.000e+00
      19416 159.782685    808.958     25.155     9.6038     9.5859    -0.0179   3.422845   3.421602     0.6921    84.1108     0.7988      33.99     3.4996     2.3432 3.0391e+01 1.0922e+00 2.7825e+03          1   41.14602  -71.28162  -0.001243     24.958          7  0.000e+00
      19417 159.782685    809.000     25.097     9.6047     9.5893    -0.0154   3.422917   3.421700     0.6955    84.0398     0.8062      33.97     3.4984     2.3420 3.0391e+01 1.0915e+00 2.7844e+03          1   41.14602  -71.28162  -0.001217     24.901          7  0.000e+00
      19418 159.782686    809.042     25.130     9.6056     9.5918    -0.0138   3.422917   3.421884     0.6966    84.0161     0.7988      33.97     3.4996     2.3420 3.0391e+01 1.0908e+00 2.7862e+03          1   41.14602  -71.28162  -0.001033     24.933          7  0.000e+00
      19419 159.782686    809.083     25.155     9.6057     9.5933    -0.0124   3.422930   3.422037     0.6955    84.0398     0.8062      33.94     3.4996     2.3420 3.0391e+01 1.0900e+00 2.7881e+03          1   41.14602  -71.28162  -0.000893     24.958          7  0.000e+00
      19420 159.782687    809.125     25.155     9.6052     9.5947    -0.0105   3.422917   3.422037     0.6933    84.0871     0.8062      33.94     3.4996     2.3420 3.0391e+01 1.0900e+00 2.7881e+03          1   41.14602  -71.28162  -0.000880     24.958          7  0.000e+00
      19421 159.782687    809.167     25.196     9.6049     9.5952    -0.0097   3.422871   3.422099     0.6933    84.0871     0.8062      33.94     3.5009     2.3420 3.0305e+01 1.0862e+00 2.7899e+03          1   41.14602  -71.28162  -0.000772     24.999          7  0.000e+00
      19422 159.782688    809.208     25.155     9.6039     9.5956    -0.0083   3.422838   3.422099     0.6921    84.1108     0.8062      33.94     3.4996     2.3420 3.0305e+01 1.0855e+00 2.7918e+03          1   41.14602  -71.28162  -0.000739     24.958          7  0.000e+00
      19423 159.782688    809.250     25.197     9.6031     9.5960    -0.0071   3.422789   3.422160     0.6921    84.1108     0.8062      33.92     3.5009     2.3420 3.0305e+01 1.0848e+00 2.7936e+03          1   41.14602  -71.28162  -0.000629     24.999          7  0.000e+00
      19424 159.782689    809.292     25.155     9.6029     9.5967    -0.0062   3.422717   3.422160     0.6899    84.1582     0.8062      33.89     3.4996     2.3420 3.0305e+01 1.0841e+00 2.7954e+03          1   41.14602  -71.28162  -0.000557     24.958          7  0.000e+00
      19425 159.782689    809.333     25.221     9.6024     9.5970    -0.0054   3.422697   3.422191     0.6865    84.2293     0.8062      33.89     3.5009     2.3408 3.0305e+01 1.0841e+00 2.7954e+03          1   41.14602  -71.28162  -0.000506     25.024          7  0.000e+00
      19426 159.782690    809.375     25.197     9.6018     9.5970    -0.0048   3.422638   3.422191     0.6865    84.2293     0.8062      33.89     3.5009     2.3420 3.0305e+01 1.0834e+00 2.7973e+03          1   41.14602  -71.28162  -0.000447     24.999          7  0.000e+00
      19427 159.782690    809.417     25.279     9.6006     9.5974    -0.0033   3.422599   3.422283     0.6854    84.2530     0.8062      33.89     3.5009     2.3420 3.0220e+01 1.0796e+00 2.7991e+03          1   41.14602  -71.28162  -0.000316     25.082          7  0.000e+00
      19428 159.782690    809.458     25.222     9.5978     9.5972    -0.0006   3.422431   3.422252     0.6854    84.2530     0.7988      33.89     3.5009     2.3420 3.0220e+01 1.0789e+00 2.8010e+03          1   41.14602  -71.28162  -0.000179     25.024          7  0.000e+00
      19429 159.782691    809.500     25.255     9.5943     9.5975     0.0032   3.422320   3.422252     0.6876    84.2056     0.8062      33.87     3.5009     2.3420 3.0305e+01 1.0819e+00 2.8010e+03          1   41.14602  -71.28162  -0.000067     25.057          7  0.000e+00
      19430 159.782691    809.542     25.280     9.5929     9.5980     0.0051   3.422198   3.422252     0.6888    84.1819     0.8062      33.82     3.5009     2.3420 3.0220e+01 1.0782e+00 2.8028e+03          1   41.14602  -71.28162   0.000054     25.082          7  0.000e+00
      19431 159.782692    809.583     25.197     9.5911     9.5980     0.0070   3.422086   3.422283     0.6876    84.2056     0.8062      33.82     3.5009     2.3408 3.0220e+01 1.0775e+00 2.8047e+03          1   41.14602  -71.28162   0.000196     25.000          7  0.000e+00
      19432 159.782692    809.625     25.404     9.5896     9.5973     0.0077   3.422018   3.422344     0.6876    84.2056     0.7988      33.85     3.5021     2.3408 3.0220e+01 1.0775e+00 2.8047e+03          1   41.14602  -71.28162   0.000327     25.205          7  0.000e+00
      19433 159.782693    809.667     25.346     9.5891     9.5967     0.0076   3.421942   3.422258     0.6966    84.0161     0.8062      33.85     3.5009     2.3408 3.0220e+01 1.0768e+00 2.8065e+03          1   41.14602  -71.28162   0.000316     25.148          8  0.000e+00
      19434 159.782693    809.708     25.321     9.5882     9.5959     0.0076   3.421926   3.422221     0.7079    83.7792     0.7988      33.85     3.5009     2.3408 3.0135e+01 1.0730e+00 2.8084e+03          1   41.14602  -71.28162   0.000296     25.123          8  0.000e+00
      19435 159.782694    809.750     25.346     9.5876     9.5955     0.0079   3.421883   3.422191     0.7079    83.7792     0.8062      33.77     3.5021     2.3408 3.0135e+01 1.0730e+00 2.8084e+03          1   41.14602  -71.28162   0.000308     25.148          8  0.000e+00
      19436 159.782694    809.792     25.346     9.5871     9.5952     0.0081   3.421850   3.422191     0.7046    83.8502     0.8062      33.75     3.5009     2.3408 3.0135e+01 1.0723e+00 2.8102e+03          1   41.14602  -71.28162   0.000341     25.148          8  0.000e+00
      19437 159.782695    809.833     25.437     9.5865     9.5942     0.0078   3.421844   3.422160     0.6978    83.9924     0.8062      33.72     3.5021     2.3408 3.0135e+01 1.0723e+00 2.8102e+03          1   41.14602  -71.28162   0.000317     25.238          8  0.000e+00
      19438 159.782695    809.875     25.280     9.5863     9.5932     0.0069   3.421824   3.422129     0.6933    84.0871     0.8062      33.72     3.5021     2.3408 3.0135e+01 1.0716e+00 2.8121e+03          1   41.14602  -71.28162   0.000306     25.082          8  0.000e+00
      19439 159.782696    809.917     25.404     9.5859     9.5923     0.0064   3.421778   3.422038     0.6921    84.1108     0.8062      33.72     3.5021     2.3408 3.0050e+01 1.0686e+00 2.8121e+03          1   41.14602  -71.28162   0.000260     25.205          8  0.000e+00
      19440 159.782696    809.958     25.437     9.5856     9.5913     0.0056   3.421722   3.421976     0.6910    84.1345     0.8135      33.72     3.5009     2.3408 3.0050e+01 1.0679e+00 2.8139e+03          1   41.14602  -71.28162   0.000254     25.238          8  0.000e+00
      19441 159.782697    810.000     25.462     9.5848     9.5903     0.0055   3.421689   3.421946     0.6876    84.2056     0.8062      33.65     3.5009     2.3408 3.0050e+01 1.0679e+00 2.8139e+03          1   41.14602  -71.28162   0.000256     25.263          8  0.000e+00
