ctd/raw/EN717_01.ros
* Sea-Bird SBE 9 Data File:
* FileName = D:\ctd\raw\EN717_01.hdr
* Software Version Seasave V 7.26.7.121
* Temperature SN = 4695
* Conductivity SN = 0618
* Number of Bytes Per Scan = 40
* Number of Voltage Words = 5
* Number of Scans Averaged by the Deck Unit = 1
* NMEA Latitude = 41 08.84 N
* NMEA Longitude = 071 16.87 W
* NMEA UTC (Time) = Jun 07 2024  18:33:32
* NMEA baud rate = 4800
** Ship: R/V Endeavor
** Cruise: EN717
** Principal Investigator: David Smith
** Chief Scientist: David Smith
** Project: RITAS
** Cruise Start Date: 07 June 2024
** Ports: from and to GSO, Narragansett, RI
** Station:
** Bottom Depth (m):
** Operator:
# nquan = 25
# nvalues = 1108                                  
# units = specified
# name 0 = scan: Scan Count
# name 1 = timeJ: Julian Days
# name 2 = timeS: Time, Elapsed [seconds]
# name 3 = prDM: Pressure, Digiquartz [db]
# name 4 = t090C: Temperature [ITS-90, deg C]
# name 5 = t190C: Temperature, 2 [ITS-90, deg C]
# name 6 = T2-T190C: Temperature Difference, 2 - 1 [ITS-90, deg C]
# name 7 = c0S/m: Conductivity [S/m]
# name 8 = c1S/m: Conductivity, 2 [S/m]
# name 9 = CStarAt0: Beam Attenuation, WET Labs C-Star [1/m]
# name 10 = CStarTr0: Beam Transmission, WET Labs C-Star [%]
# name 11 = flECO-AFL: Fluorescence, WET Labs ECO-AFL/FL [mg/m^3]
# name 12 = altM: Altimeter [m]
# name 13 = sbeox0V: Oxygen raw, SBE 43 [V]
# name 14 = sbeox1V: Oxygen raw, SBE 43, 2 [V]
# name 15 = par: PAR/Irradiance, Biospherical/Licor [umol photons/m^2/sec]
# name 16 = cpar: CPAR/Corrected Irradiance [%]
# name 17 = spar: SPAR, Biospherical/Licor [umol photons/m^2/sec]
# name 18 = pumps: Pump Status
# name 19 = latitude: Latitude [deg]
# name 20 = longitude: Longitude [deg]
# name 21 = C2-C1S/m: Conductivity Difference, 2 - 1 [S/m]
# name 22 = depSM: Depth [salt water, m]
# name 23 = nbf: Bottles Fired
# name 24 = flag:  0.000e+00
# interval = seconds: 0.0416667
# start_time = Jun 07 2024 18:33:35 [System UTC, header]
# bad_flag = -9.990e-29
*END*
[from data line 348]
      19443 159.782698    810.083     25.437     9.5827     9.5881     0.0055   3.421565   3.421823     0.6843    84.2767     0.8062      33.60     3.5009     2.3408 3.0135e+01 1.0702e+00 2.8158e+03          1   41.14602  -71.28162   0.000258     25.238          8  0.000e+00
      19444 159.782698    810.125     25.462     9.5828     9.5870     0.0042   3.421611   3.421792     0.6831    84.3004     0.8062      33.60     3.5009     2.3408 3.0050e+01 1.0672e+00 2.8158e+03          1   41.14602  -71.28162   0.000182     25.263          8  0.000e+00
      19445 159.782699    810.167     25.504     9.5833     9.5860     0.0027   3.421673   3.421731     0.6831    84.3004     0.8135      33.60     3.5009     2.3408 3.0050e+01 1.0672e+00 2.8158e+03          1   41.14602  -71.28162   0.000058     25.304          8  0.000e+00
      19446 159.782699    810.208     25.462     9.5836     9.5842     0.0005   3.421663   3.421700     0.6831    84.3004     0.8062      33.60     3.5009     2.3408 3.0135e+01 1.0695e+00 2.8176e+03          1   41.14602  -71.28162   0.000037     25.263          8  0.000e+00
      19447 159.782700    810.250     25.529     9.5837     9.5814    -0.0023   3.421657   3.421571     0.6831    84.3004     0.8062      33.58     3.5021     2.3408 3.0135e+01 1.0695e+00 2.8176e+03          1   41.14602  -71.28162  -0.000085     25.329          8  0.000e+00
      19448 159.782700    810.292     25.504     9.5822     9.5781    -0.0041   3.421538   3.421387     0.6843    84.2767     0.8135      33.53     3.5045     2.3408 3.0135e+01 1.0695e+00 2.8176e+03          1   41.14602  -71.28162  -0.000151     25.304          8  0.000e+00
      19449 159.782701    810.333     25.587     9.5803     9.5755    -0.0049   3.421476   3.421142     0.6854    84.2530     0.8135      33.53     3.5009     2.3408 3.0135e+01 1.0695e+00 2.8176e+03          1   41.14602  -71.28162  -0.000334     25.386          8  0.000e+00
      19450 159.782701    810.375     25.529     9.5790     9.5736    -0.0054   3.421351   3.420958     0.6843    84.2767     0.8062      33.55     3.5021     2.3408 3.0135e+01 1.0695e+00 2.8176e+03          1   41.14602  -71.28162  -0.000393     25.329          8  0.000e+00
      19451 159.782702    810.417     25.504     9.5782     9.5727    -0.0055   3.421272   3.420958     0.6854    84.2530     0.7988      33.53     3.5009     2.3408 3.0135e+01 1.0695e+00 2.8176e+03          1   41.14602  -71.28162  -0.000314     25.304          8  0.000e+00
      19452 159.782702    810.458     25.587     9.5777     9.5721    -0.0056   3.421279   3.420866     0.6831    84.3004     0.7988      33.53     3.5009     2.3408 3.0135e+01 1.0695e+00 2.8176e+03          1   41.14602  -71.28162  -0.000413     25.387          8  0.000e+00
      19453 159.782703    810.500     25.587     9.5772     9.5715    -0.0057   3.421286   3.420836     0.6831    84.3004     0.7915      33.48     3.5009     2.3396 3.0220e+01 1.0718e+00 2.8194e+03          1   41.14602  -71.28162  -0.000450     25.387          8  0.000e+00
      19454 159.782703    810.542     25.562     9.5771     9.5717    -0.0054   3.421263   3.420805     0.6843    84.2767     0.7915      33.41     3.5009     2.3408 3.0305e+01 1.0749e+00 2.8194e+03          1   41.14602  -71.28162  -0.000458     25.362          8  0.000e+00
      19455 159.782704    810.583     25.653     9.5766     9.5713    -0.0053   3.421236   3.420897     0.6876    84.2056     0.7915      33.41     3.5009     2.3408 3.0305e+01 1.0749e+00 2.8194e+03          1   41.14602  -71.28162  -0.000340     25.452          8  0.000e+00
      19456 159.782704    810.625     25.562     9.5749     9.5713    -0.0035   3.421092   3.420829     0.6876    84.2056     0.7915      33.41     3.5021     2.3396 3.0305e+01 1.0756e+00 2.8176e+03          1   41.14602  -71.28162  -0.000263     25.362          8  0.000e+00
      19457 159.782704    810.667     25.653     9.5725     9.5708    -0.0017   3.421003   3.420836     0.6865    84.2293     0.7915      33.41     3.5009     2.3396 3.0305e+01 1.0749e+00 2.8194e+03          1   41.14602  -71.28162  -0.000168     25.452          8  0.000e+00
      19458 159.782705    810.708     25.587     9.5708     9.5702    -0.0006   3.420911   3.420774     0.6843    84.2767     0.7915      33.41     3.5021     2.3396 3.0391e+01 1.0779e+00 2.8194e+03          1   41.14602  -71.28162  -0.000137     25.387          8  0.000e+00
      19459 159.782705    810.750     25.628     9.5703     9.5695    -0.0008   3.420908   3.420774     0.6820    84.3240     0.7988      33.38     3.5021     2.3396 3.0391e+01 1.0779e+00 2.8194e+03          1   41.14602  -71.28162  -0.000134     25.428          8  0.000e+00
      19460 159.782706    810.792     25.711     9.5705     9.5689    -0.0016   3.420849   3.420774     0.6809    84.3477     0.7915      33.36     3.5021     2.3396 3.0477e+01 1.0809e+00 2.8194e+03          1   41.14602  -71.28162  -0.000075     25.510          8  0.000e+00
      19461 159.782706    810.833     25.653     9.5693     9.5679    -0.0014   3.420770   3.420621     0.6809    84.3477     0.7915      33.36     3.5009     2.3396 3.0477e+01 1.0817e+00 2.8176e+03          1   41.14602  -71.28162  -0.000149     25.453          8  0.000e+00
      19462 159.782707    810.875     25.629     9.5685     9.5675    -0.0010   3.420711   3.420621     0.6820    84.3240     0.7915      33.36     3.5009     2.3396 3.0477e+01 1.0817e+00 2.8176e+03          1   41.14602  -71.28162  -0.000090     25.428          8  0.000e+00
      19463 159.782707    810.917     25.653     9.5682     9.5668    -0.0014   3.420701   3.420584     0.6809    84.3477     0.7842      33.36     3.5009     2.3396 3.0391e+01 1.0786e+00 2.8176e+03          1   41.14602  -71.28162  -0.000117     25.453          8  0.000e+00
      19464 159.782708    810.958     25.711     9.5675     9.5662    -0.0013   3.420678   3.420529     0.6798    84.3714     0.7695      33.36     3.5009     2.3396 3.0477e+01 1.0817e+00 2.8176e+03          1   41.14602  -71.28162  -0.000150     25.510          8  0.000e+00
      19465 159.782708    811.000     25.629     9.5667     9.5659    -0.0008   3.420590   3.420492     0.6798    84.3714     0.7695      33.31     3.5009     2.3396 3.0563e+01 1.0847e+00 2.8176e+03          1   41.14602  -71.28162  -0.000098     25.428          8  0.000e+00
      19466 159.782709    811.042     25.711     9.5654     9.5652    -0.0001   3.420528   3.420461     0.6798    84.3714     0.7769      33.24     3.5009     2.3396 3.0563e+01 1.0847e+00 2.8176e+03          1   41.14602  -71.28162  -0.000066     25.510          8  0.000e+00
      19467 159.782709    811.083     25.654     9.5645     9.5648     0.0003   3.420472   3.420431     0.6798    84.3714     0.7769      33.24     3.4996     2.3396 3.0649e+01 1.0878e+00 2.8176e+03          1   41.14602  -71.28162  -0.000041     25.453          8  0.000e+00
      19468 159.782710    811.125     25.687     9.5642     9.5644     0.0002   3.420459   3.420431     0.6786    84.3951     0.7769      33.24     3.5009     2.3396 3.0649e+01 1.0885e+00 2.8158e+03          1   41.14602  -71.28162  -0.000028     25.486          8  0.000e+00
      19469 159.782710    811.167     25.712     9.5640     9.5642     0.0002   3.420482   3.420431     0.6775    84.4188     0.7769      33.24     3.5009     2.3396 3.0649e+01 1.0885e+00 2.8158e+03          1   41.14602  -71.28162  -0.000051     25.510          8  0.000e+00
      19470 159.782711    811.208     25.687     9.5639     9.5636    -0.0003   3.420445   3.420431     0.6775    84.4188     0.7695      33.24     3.5009     2.3396 3.0736e+01 1.0916e+00 2.8158e+03          1   41.14602  -71.28162  -0.000015     25.486          8  0.000e+00
      19471 159.782711    811.250     25.712     9.5636     9.5636    -0.0000   3.420413   3.420369     0.6798    84.3714     0.7769      33.24     3.5009     2.3396 3.0736e+01 1.0916e+00 2.8158e+03          1   41.14602  -71.28162  -0.000043     25.510          8  0.000e+00
      19472 159.782712    811.292     25.654     9.5628     9.5638     0.0009   3.420370   3.420369     0.6786    84.3951     0.7695      33.24     3.5033     2.3396 3.0736e+01 1.0923e+00 2.8139e+03          1   41.14602  -71.28162 -5.104e-07     25.453          8  0.000e+00
      19473 159.782712    811.333     25.753     9.5626     9.5638     0.0012   3.420350   3.420369     0.6798    84.3714     0.7695      33.24     3.5009     2.3396 3.0736e+01 1.0923e+00 2.8139e+03          1   41.14602  -71.28162   0.000019     25.551          8  0.000e+00
      19474 159.782713    811.375     25.654     9.5624     9.5648     0.0024   3.420370   3.420369     0.6798    84.3714     0.7695      33.26     3.5009     2.3396 3.0823e+01 1.0961e+00 2.8121e+03          1   41.14602  -71.28162 -5.268e-07     25.453          8  0.000e+00
      19475 159.782713    811.417     25.712     9.5621     9.5664     0.0043   3.420396   3.420431     0.6809    84.3477     0.7695      33.24     3.5021     2.3396 3.0823e+01 1.0961e+00 2.8121e+03          1   41.14602  -71.28162   0.000035     25.510          8  0.000e+00
      19476 159.782714    811.458     25.687     9.5619     9.5697     0.0077   3.420429   3.420621     0.6820    84.3240     0.7769      33.24     3.5009     2.3396 3.0910e+01 1.0992e+00 2.8121e+03          1   41.14602  -71.28162   0.000192     25.486          8  0.000e+00
      19477 159.782714    811.500     25.712     9.5624     9.5719     0.0095   3.420413   3.420744     0.6831    84.3004     0.7769      33.21     3.5009     2.3396 3.0910e+01 1.0999e+00 2.8102e+03          1   41.14602  -71.28162   0.000331     25.510          8  0.000e+00
      19478 159.782715    811.542     25.654     9.5627     9.5738     0.0110   3.420465   3.420958     0.6843    84.2767     0.7769      33.21     3.5021     2.3396 3.0910e+01 1.0999e+00 2.8102e+03          1   41.14602  -71.28162   0.000493     25.453          8  0.000e+00
      19479 159.782715    811.583     25.687     9.5637     9.5755     0.0118   3.420570   3.421020     0.6854    84.2530     0.7769      33.21     3.5009     2.3396 3.0910e+01 1.0999e+00 2.8102e+03          1   41.14602  -71.28162   0.000449     25.486          8  0.000e+00
      19480 159.782716    811.625     25.654     9.5650     9.5761     0.0111   3.420652   3.421111     0.6831    84.3004     0.7769      33.21     3.5009     2.3396 3.0997e+01 1.1037e+00 2.8084e+03          1   41.14602  -71.28162   0.000459     25.453          8  0.000e+00
      19481 159.782716    811.667     25.712     9.5667     9.5764     0.0097   3.420692   3.421142     0.6820    84.3240     0.7695      33.21     3.5009     2.3396 3.0997e+01 1.1037e+00 2.8084e+03          1   41.14602  -71.28162   0.000451     25.511          8  0.000e+00
      24265 159.785023   1011.000     17.918    11.6684    11.6825     0.0141   3.581328   3.582453     0.9794    78.2831     2.8501      41.25     3.8806     2.5948 4.5363e+01 3.7338e+00 1.2149e+03          1   41.14558  -71.28174   0.001125     17.778          9  0.000e+00
      24266 159.785024   1011.042     18.009    11.6683    11.6777     0.0094   3.581368   3.582010     0.9794    78.2831     2.8574      41.25     3.8806     2.5948 4.5620e+01 3.7549e+00 1.2149e+03          1   41.14558  -71.28174   0.000642     17.868          9  0.000e+00
      24267 159.785024   1011.083     17.918    11.6687    11.6755     0.0068   3.581418   3.581685     0.9781    78.3068     2.8501      41.25     3.8806     2.5936 4.5878e+01 3.7704e+00 1.2168e+03          1   41.14558  -71.28174   0.000267     17.778          9  0.000e+00
      24268 159.785025   1011.125     18.009    11.6686    11.6746     0.0061   3.581371   3.581685     0.9794    78.2831     2.8574      41.25     3.8794     2.5936 4.5878e+01 3.7704e+00 1.2168e+03          1   41.14558  -71.28174   0.000314     17.869          9  0.000e+00
      24269 159.785025   1011.167     17.918    11.6683    11.6744     0.0061   3.581391   3.581754     0.9818    78.2358     2.8501      41.25     3.8806     2.5936 4.6007e+01 3.7753e+00 1.2186e+03          1   41.14558  -71.28174   0.000362     17.778          9  0.000e+00
      24270 159.785026   1011.208     18.009    11.6682    11.6737     0.0054   3.581381   3.581816     0.9806    78.2594     2.8501      41.22     3.8806     2.5936 4.6398e+01 3.8074e+00 1.2186e+03          1   41.14558  -71.28174   0.000435     17.869          9  0.000e+00
      24271 159.785026   1011.250     17.976    11.6681    11.6726     0.0045   3.581375   3.581879     0.9781    78.3068     2.8501      41.22     3.8806     2.5936 4.6529e+01 3.8124e+00 1.2205e+03          1   41.14558  -71.28174   0.000504     17.836          9  0.000e+00
      24272 159.785027   1011.292     17.951    11.6679    11.6722     0.0043   3.581378   3.581847     0.9769    78.3305     2.8062      41.22     3.8806     2.5936 4.6660e+01 3.8173e+00 1.2223e+03          1   41.14558  -71.28174   0.000469     17.811          9  0.000e+00
      24273 159.785027   1011.333     17.976    11.6681    11.6718     0.0037   3.581358   3.581754     0.9818    78.2358     2.7695      41.22     3.8806     2.5936 4.6924e+01 3.8389e+00 1.2223e+03          1   41.14558  -71.28174   0.000396     17.836          9  0.000e+00
      24274 159.785027   1011.375     17.951    11.6678    11.6710     0.0032   3.581351   3.581685     0.9854    78.1647     2.7622      41.22     3.8819     2.5936 4.7189e+01 3.8548e+00 1.2242e+03          1   41.14558  -71.28174   0.000334     17.811          9  0.000e+00
      24275 159.785028   1011.417     18.043    11.6674    11.6698     0.0024   3.581324   3.581529     0.9854    78.1647     2.7622      41.22     3.8806     2.5924 4.7322e+01 3.8599e+00 1.2260e+03          1   41.14558  -71.28174   0.000204     17.902          9  0.000e+00
      24276 159.785028   1011.458     17.951    11.6669    11.6685     0.0016   3.581277   3.581454     0.9830    78.2121     2.7622      41.22     3.8806     2.5924 4.7724e+01 3.8868e+00 1.2279e+03          1   41.14558  -71.28174   0.000176     17.811          9  0.000e+00
      24277 159.785029   1011.500     17.976    11.6658    11.6674     0.0016   3.581224   3.581367     0.9818    78.2358     2.7622      41.20     3.8843     2.5924 4.7859e+01 3.8978e+00 1.2279e+03          1   41.14558  -71.28174   0.000143     17.836          9  0.000e+00
      24278 159.785029   1011.542     18.010    11.6645    11.6671     0.0026   3.581170   3.581335     0.9818    78.2358     2.7622      41.20     3.8819     2.5924 4.7859e+01 3.8919e+00 1.2297e+03          1   41.14558  -71.28174   0.000165     17.869          9  0.000e+00
      24279 159.785030   1011.583     17.976    11.6637    11.6668     0.0030   3.581030   3.581304     0.9830    78.2121     2.7622      41.20     3.8806     2.5924 4.8265e+01 3.9191e+00 1.2315e+03          1   41.14558  -71.28174   0.000275     17.836          9  0.000e+00
      24280 159.785030   1011.625     18.010    11.6616    11.6666     0.0050   3.580882   3.581335     0.9818    78.2358     2.7622      41.20     3.8819     2.5924 4.8538e+01 3.9353e+00 1.2334e+03          1   41.14558  -71.28174   0.000453     17.869          9  0.000e+00
      24281 159.785031   1011.667     17.977    11.6582    11.6661     0.0079   3.580641   3.581273     0.9806    78.2594     2.7622      41.20     3.8819     2.5924 4.8538e+01 3.9353e+00 1.2334e+03          1   41.14558  -71.28174   0.000632     17.836          9  0.000e+00
      24282 159.785031   1011.708     18.010    11.6560    11.6661     0.0101   3.580467   3.581304     0.9818    78.2358     2.7622      41.20     3.8819     2.5924 4.8950e+01 3.9628e+00 1.2352e+03          1   41.14558  -71.28174   0.000838     17.869          9  0.000e+00
