ctd/raw/EN717_01.ros
* Sea-Bird SBE 9 Data File:
* FileName = D:\ctd\raw\EN717_01.hdr
* Software Version Seasave V 7.26.7.121
* Temperature SN = 4695
* Conductivity SN = 0618
* Number of Bytes Per Scan = 40
* Number of Voltage Words = 5
* Number of Scans Averaged by the Deck Unit = 1
* NMEA Latitude = 41 08.84 N
* NMEA Longitude = 071 16.87 W
* NMEA UTC (Time) = Jun 07 2024  18:33:32
* NMEA baud rate = 4800
** Ship: R/V Endeavor
** Cruise: EN717
** Principal Investigator: David Smith
** Chief Scientist: David Smith
** Project: RITAS
** Cruise Start Date: 07 June 2024
** Ports: from and to GSO, Narragansett, RI
** Station:
** Bottom Depth (m):
** Operator:
# nquan = 25
# nvalues = 1108                                  
# units = specified
# name 0 = scan: Scan Count
# name 1 = timeJ: Julian Days
# name 2 = timeS: Time, Elapsed [seconds]
# name 3 = prDM: Pressure, Digiquartz [db]
# name 4 = t090C: Temperature [ITS-90, deg C]
# name 5 = t190C: Temperature, 2 [ITS-90, deg C]
# name 6 = T2-T190C: Temperature Difference, 2 - 1 [ITS-90, deg C]
# name 7 = c0S/m: Conductivity [S/m]
# name 8 = c1S/m: Conductivity, 2 [S/m]
# name 9 = CStarAt0: Beam Attenuation, WET Labs C-Star [1/m]
# name 10 = CStarTr0: Beam Transmission, WET Labs C-Star [%]
# name 11 = flECO-AFL: Fluorescence, WET Labs ECO-AFL/FL [mg/m^3]
# name 12 = altM: Altimeter [m]
# name 13 = sbeox0V: Oxygen raw, SBE 43 [V]
# name 14 = sbeox1V: Oxygen raw, SBE 43, 2 [V]
# name 15 = par: PAR/Irradiance, Biospherical/Licor [umol photons/m^2/sec]
# name 16 = cpar: CPAR/Corrected Irradiance [%]
# name 17 = spar: SPAR, Biospherical/Licor [umol photons/m^2/sec]
# name 18 = pumps: Pump Status
# name 19 = latitude: Latitude [deg]
# name 20 = longitude: Longitude [deg]
# name 21 = C2-C1S/m: Conductivity Difference, 2 - 1 [S/m]
# name 22 = depSM: Depth [salt water, m]
# name 23 = nbf: Bottles Fired
# name 24 = flag:  0.000e+00
# interval = seconds: 0.0416667
# start_time = Jun 07 2024 18:33:35 [System UTC, header]
# bad_flag = -9.990e-29
*END*
[from data line 754]
      28052 159.786849   1168.792     10.270    14.8465    14.9213     0.0748   3.837687   3.842376     0.8813    80.2257     1.0845      49.08     3.9258     2.6962 4.5602e+02 1.6609e+01 2.7456e+03          1   41.14522  -71.28190   0.004689     10.190         17  0.000e+00
      28053 159.786850   1168.833     10.370    14.8472    14.9131     0.0659   3.837698   3.841773     0.8813    80.2257     1.0845      49.08     3.9271     2.6962 4.5859e+02 1.6714e+01 2.7437e+03          1   41.14522  -71.28190   0.004075     10.289         17  0.000e+00
      28054 159.786850   1168.875     10.328    14.8564    14.9049     0.0485   3.837718   3.841401     0.8801    80.2494     1.0845      49.08     3.9271     2.6962 4.6247e+02 1.6856e+01 2.7437e+03          1   41.14522  -71.28190   0.003682     10.248         17  0.000e+00
      28055 159.786851   1168.917     10.328    14.8577    14.8965     0.0388   3.837701   3.841093     0.8825    80.2020     1.0845      49.08     3.9271     2.6962 4.6378e+02 1.6903e+01 2.7437e+03          1   41.14522  -71.28190   0.003391     10.248         17  0.000e+00
      28056 159.786851   1168.958     10.304    14.8518    14.8892     0.0374   3.837788   3.840553     0.8837    80.1783     1.0845      49.06     3.9271     2.6962 4.6639e+02 1.7010e+01 2.7419e+03          1   41.14522  -71.28190   0.002766     10.223         17  0.000e+00
      28057 159.786852   1169.000     10.329    14.8504    14.8827     0.0323   3.837746   3.840117     0.8825    80.2020     1.0845      49.04     3.9271     2.6962 4.7835e+02 1.7446e+01 2.7419e+03          1   41.14522  -71.28190   0.002371     10.248         17  0.000e+00
      28058 159.786852   1169.042     10.395    14.8485    14.8765     0.0280   3.837663   3.839636     0.8825    80.2020     1.0845      48.99     3.9271     2.6962 4.8376e+02 1.7655e+01 2.7401e+03          1   41.14522  -71.28190   0.001972     10.314         17  0.000e+00
      28059 159.786853   1169.083     10.304    14.8490    14.8725     0.0234   3.837525   3.839142     0.8813    80.2257     1.0845      48.99     3.9271     2.6974 4.8240e+02 1.7605e+01 2.7401e+03          1   41.14522  -71.28190   0.001617     10.223         17  0.000e+00
      28060 159.786853   1169.125     10.329    14.8494    14.8667     0.0173   3.837425   3.838699     0.8801    80.2494     1.0845      48.99     3.9283     2.6974 4.7034e+02 1.7177e+01 2.7382e+03          1   41.14522  -71.28190   0.001274     10.248         17  0.000e+00
      28061 159.786854   1169.167     10.395    14.8472    14.8621     0.0149   3.837376   3.838327     0.8801    80.2494     1.0845      48.99     3.9271     2.6974 4.6247e+02 1.6901e+01 2.7364e+03          1   41.14522  -71.28190   0.000950     10.314         17  0.000e+00
      28062 159.786854   1169.208     10.370    14.8422    14.8592     0.0170   3.837726   3.838243     0.8789    80.2731     1.0845      48.99     3.9271     2.6962 4.6247e+02 1.6901e+01 2.7364e+03          1   41.14522  -71.28190   0.000518     10.289         17  0.000e+00
      28063 159.786855   1169.250     10.329    14.8346    14.8573     0.0227   3.838175   3.838295     0.8778    80.2968     1.0845      48.96     3.9271     2.6974 4.4587e+02 1.6305e+01 2.7345e+03          1   41.14522  -71.28190   0.000119     10.248         17  0.000e+00
      28064 159.786855   1169.292     10.395    14.8334    14.8556     0.0222   3.838286   3.838462     0.8778    80.2968     1.0845      48.96     3.9271     2.6974 4.3718e+02 1.5998e+01 2.7327e+03          1   41.14522  -71.28190   0.000175     10.314         17  0.000e+00
      28065 159.786856   1169.333     10.370    14.8337    14.8542     0.0205   3.838130   3.838417     0.8789    80.2731     1.0845      48.94     3.9271     2.6974 4.3473e+02 1.5919e+01 2.7308e+03          1   41.14522  -71.28190   0.000286     10.289         17  0.000e+00
      28066 159.786856   1169.375     10.395    14.8317    14.8532     0.0215   3.837971   3.838192     0.8778    80.2968     1.0919      48.96     3.9271     2.6974 4.2386e+02 1.5521e+01 2.7308e+03          1   41.14522  -71.28190   0.000221     10.314         17  0.000e+00
      28067 159.786857   1169.417     10.329    14.8313    14.8525     0.0212   3.837864   3.837961     0.8789    80.2731     1.1065      48.96     3.9271     2.6986 4.1443e+02 1.5186e+01 2.7290e+03          1   41.14522  -71.28190   0.000097     10.248         17  0.000e+00
      28068 159.786857   1169.458     10.428    14.8326    14.8515     0.0189   3.837753   3.837768     0.8789    80.2731     1.1139      48.94     3.9271     2.6986 4.1211e+02 1.5101e+01 2.7290e+03          1   41.14522  -71.28190   0.000015     10.347         17  0.000e+00
      28069 159.786858   1169.500     10.329    14.8358    14.8508     0.0151   3.837705   3.837653     0.8801    80.2494     1.1139      48.96     3.9271     2.6986 4.1327e+02 1.5154e+01 2.7271e+03          1   41.14522  -71.28190  -0.000052     10.249         17  0.000e+00
      28070 159.786858   1169.542     10.395    14.8371    14.8496     0.0125   3.837695   3.837589     0.8813    80.2257     1.1139      48.96     3.9271     2.6986 4.1560e+02 1.5250e+01 2.7253e+03          1   41.14522  -71.28190  -0.000106     10.314         17  0.000e+00
      28071 159.786859   1169.583     10.371    14.8390    14.8491     0.0101   3.837632   3.837499     0.8813    80.2257     1.1139      48.96     3.9258     2.6986 4.1560e+02 1.5260e+01 2.7234e+03          1   41.14522  -71.28190  -0.000133     10.290         17  0.000e+00
      28072 159.786859   1169.625     10.395    14.8419    14.8473     0.0054   3.837539   3.837416     0.8813    80.2257     1.1139      48.96     3.9271     2.6998 4.2030e+02 1.5443e+01 2.7216e+03          1   41.14522  -71.28190  -0.000123     10.314         17  0.000e+00
      28073 159.786860   1169.667     10.395    14.8378    14.8440     0.0062   3.837411   3.837384     0.8825    80.2020     1.1139      48.96     3.9258     2.6998 4.2745e+02 1.5717e+01 2.7197e+03          1   41.14522  -71.28190  -0.000027     10.314         17  0.000e+00
      28074 159.786860   1169.708     10.371    14.8330    14.8418     0.0088   3.837283   3.837294     0.8837    80.1783     1.1139      48.96     3.9271     2.6998 4.2866e+02 1.5761e+01 2.7197e+03          1   41.14522  -71.28190   0.000011     10.290         17  0.000e+00
      28075 159.786861   1169.750     10.329    14.8305    14.8408     0.0103   3.837079   3.837146     0.8837    80.1783     1.1139      48.94     3.9258     2.6998 4.2987e+02 1.5816e+01 2.7179e+03          1   41.14522  -71.28190   0.000067     10.249         17  0.000e+00
      28076 159.786861   1169.792     10.454    14.8293    14.8389     0.0096   3.836906   3.836992     0.8849    80.1546     1.1139      48.91     3.9258     2.6998 4.3229e+02 1.5916e+01 2.7161e+03          1   41.14522  -71.28190   0.000086     10.372         17  0.000e+00
      28077 159.786861   1169.833     10.371    14.8286    14.8365     0.0079   3.836889   3.836947     0.8837    80.1783     1.1139      48.94     3.9271     2.7011 4.3473e+02 1.6006e+01 2.7161e+03          1   41.14522  -71.28190   0.000059     10.290         17  0.000e+00
      28078 159.786862   1169.875     10.396    14.8284    14.8350     0.0066   3.837100   3.836915     0.8813    80.2257     1.1139      48.94     3.9271     2.7011 4.3718e+02 1.6107e+01 2.7142e+03          1   41.14522  -71.28190  -0.000184     10.315         17  0.000e+00
      28079 159.786862   1169.917     10.396    14.8456    14.8338    -0.0118   3.837698   3.836825     0.8801    80.2494     1.0992      48.94     3.9271     2.7011 4.4839e+02 1.6520e+01 2.7142e+03          1   41.14522  -71.28190  -0.000873     10.315         17  0.000e+00
      28080 159.786863   1169.958     10.305    14.8782    14.8331    -0.0451   3.838320   3.836845     0.8801    80.2494     1.0845      48.91     3.9271     2.7011 4.5346e+02 1.6707e+01 2.7142e+03          1   41.14522  -71.28190  -0.001476     10.224         17  0.000e+00
      28081 159.786863   1170.000     10.396    14.8809    14.8333    -0.0476   3.838798   3.836813     0.8789    80.2731     1.0772      48.94     3.9271     2.6998 4.5346e+02 1.6718e+01 2.7124e+03          1   41.14522  -71.28190  -0.001985     10.315         18  0.000e+00
      28082 159.786864   1170.042     10.396    14.9064    14.8340    -0.0724   3.839465   3.836890     0.8789    80.2731     1.0772      48.96     3.9307     2.7011 4.5219e+02 1.6671e+01 2.7124e+03          1   41.14522  -71.28190  -0.002575     10.315         18  0.000e+00
      28083 159.786864   1170.083     10.429    14.9215    14.8345    -0.0870   3.840717   3.837050     0.8789    80.2731     1.0772      48.96     3.9271     2.6998 4.5092e+02 1.6624e+01 2.7124e+03          1   41.14522  -71.28190  -0.003667     10.348         18  0.000e+00
      28084 159.786865   1170.125     10.330    14.9361    14.8348    -0.1012   3.841845   3.837114     0.8801    80.2494     1.0772      48.96     3.9271     2.7011 4.4965e+02 1.6589e+01 2.7105e+03          1   41.14522  -71.28190  -0.004731     10.249         18  0.000e+00
      28085 159.786865   1170.167     10.330    14.9222    14.8343    -0.0879   3.842032   3.837095     0.8860    80.1309     1.0772      48.96     3.9283     2.6998 4.4587e+02 1.6450e+01 2.7105e+03          1   41.14522  -71.28190  -0.004938     10.249         18  0.000e+00
      28086 159.786866   1170.208     10.371    14.8989    14.8341    -0.0648   3.841458   3.837114     0.8872    80.1072     1.0845      48.94     3.9283     2.7011 4.4337e+02 1.6357e+01 2.7105e+03          1   41.14522  -71.28190  -0.004344     10.290         18  0.000e+00
      28087 159.786866   1170.250     10.330    14.8819    14.8347    -0.0473   3.840673   3.837185     0.8884    80.0836     1.0772      48.91     3.9283     2.6998 4.4337e+02 1.6357e+01 2.7105e+03          1   41.14522  -71.28190  -0.003488     10.249         18  0.000e+00
      28088 159.786867   1170.292     10.396    14.8695    14.8384    -0.0311   3.840230   3.837396     0.8884    80.0836     1.0772      48.89     3.9283     2.6998 4.3841e+02 1.6175e+01 2.7105e+03          1   41.14522  -71.28190  -0.002834     10.315         18  0.000e+00
      28089 159.786867   1170.333     10.371    14.8635    14.8445    -0.0190   3.839929   3.837826     0.8849    80.1546     1.0772      48.86     3.9283     2.6998 4.3718e+02 1.6129e+01 2.7105e+03          1   41.14522  -71.28190  -0.002103     10.291         18  0.000e+00
      28090 159.786868   1170.375     10.330    14.8599    14.8500    -0.0100   3.839365   3.838263     0.8837    80.1783     1.0772      48.86     3.9283     2.6998 4.3595e+02 1.6084e+01 2.7105e+03          1   41.14522  -71.28190  -0.001103     10.250         18  0.000e+00
      28091 159.786868   1170.417     10.396    14.8535    14.8520    -0.0015   3.838850   3.838686     0.8837    80.1783     1.0772      48.89     3.9283     2.6998 4.3841e+02 1.6163e+01 2.7124e+03          1   41.14522  -71.28190  -0.000164     10.315         18  0.000e+00
      28092 159.786869   1170.458     10.305    14.8480    14.8510     0.0030   3.838642   3.838667     0.8849    80.1546     1.0699      48.86     3.9295     2.6998 4.4088e+02 1.6255e+01 2.7124e+03          1   41.14522  -71.28190   0.000025     10.225         18  0.000e+00
      28093 159.786869   1170.500     10.330    14.8446    14.8496     0.0050   3.838390   3.838635     0.8837    80.1783     1.0626      48.91     3.9283     2.6998 4.4088e+02 1.6255e+01 2.7124e+03          1   41.14522  -71.28190   0.000245     10.250         18  0.000e+00
      28094 159.786870   1170.542     10.330    14.8410    14.8510     0.0100   3.838186   3.838583     0.8825    80.2020     1.0626      48.94     3.9283     2.6986 4.4462e+02 1.6392e+01 2.7124e+03          1   41.14522  -71.28190   0.000398     10.250         18  0.000e+00
      28095 159.786870   1170.583     10.305    14.8412    14.8529     0.0117   3.838137   3.838635     0.8825    80.2020     1.0626      48.94     3.9283     2.6986 4.4965e+02 1.6567e+01 2.7142e+03          1   41.14522  -71.28190   0.000498     10.225         18  0.000e+00
      28096 159.786871   1170.625     10.330    14.8419    14.8544     0.0125   3.838054   3.838532     0.8825    80.2020     1.0626      48.94     3.9295     2.6986 4.5092e+02 1.6613e+01 2.7142e+03          1   41.14522  -71.28190   0.000478     10.250         18  0.000e+00
      28097 159.786871   1170.667     10.272    14.8426    14.8544     0.0118   3.837954   3.838346     0.8825    80.2020     1.0626      48.94     3.9283     2.6986 4.5474e+02 1.6754e+01 2.7142e+03          1   41.14522  -71.28190   0.000392     10.192         18  0.000e+00
      28098 159.786872   1170.708     10.372    14.8487    14.8539     0.0052   3.838265   3.838025     0.8837    80.1783     1.0626      48.94     3.9283     2.6986 4.6378e+02 1.7087e+01 2.7142e+03          1   41.14522  -71.28190  -0.000240     10.291         18  0.000e+00
      28099 159.786872   1170.750     10.272    14.8571    14.8539    -0.0032   3.839043   3.837788     0.8825    80.2020     1.0626      48.94     3.9295     2.6986 4.6771e+02 1.7220e+01 2.7161e+03          1   41.14522  -71.28190  -0.001256     10.192         18  0.000e+00
      28100 159.786873   1170.792     10.331    14.8574    14.8541    -0.0033   3.839241   3.837871     0.8825    80.2020     1.0626      48.91     3.9283     2.6986 4.7300e+02 1.7415e+01 2.7161e+03          1   41.14522  -71.28190  -0.001370     10.250         18  0.000e+00
      28101 159.786873   1170.833     10.248    14.8545    14.8546     0.0001   3.838608   3.838057     0.8825    80.2020     1.0626      48.91     3.9295     2.6986 4.9199e+02 1.8114e+01 2.7161e+03          1   41.14522  -71.28190  -0.000550     10.168         18  0.000e+00
      28102 159.786874   1170.875     10.331    14.8528    14.8549     0.0021   3.838006   3.838230     0.8825    80.2020     1.0626      48.91     3.9295     2.6986 4.9896e+02 1.8358e+01 2.7179e+03          1   41.14522  -71.28190   0.000225     10.250         18  0.000e+00
      28103 159.786874   1170.917     10.215    14.8521    14.8544     0.0023   3.837833   3.838275     0.8849    80.1546     1.0626      48.91     3.9295     2.6986 5.0036e+02 1.8410e+01 2.7179e+03          1   41.14522  -71.28190   0.000443     10.135         18  0.000e+00
      28104 159.786875   1170.958     10.306    14.8514    14.8529     0.0014   3.838480   3.838192     0.8872    80.1072     1.0919      48.91     3.9295     2.6986 5.0318e+02 1.8501e+01 2.7197e+03          1   41.14522  -71.28190  -0.000288     10.226         18  0.000e+00
      28105 159.786875   1171.000     10.273    14.8509    14.8520     0.0011   3.839569   3.838057     0.8896    80.0599     1.1139      48.96     3.9295     2.6974 5.0602e+02 1.8593e+01 2.7216e+03          1   41.14522  -71.28190  -0.001512     10.193         18  0.000e+00
      28106 159.786875   1171.042     10.273    14.8531    14.8527    -0.0004   3.840009   3.837942     0.8908    80.0362     1.1285      48.99     3.9295     2.6986 5.0460e+02 1.8528e+01 2.7234e+03          1   41.14522  -71.28190  -0.002067     10.193         18  0.000e+00
      28107 159.786876   1171.083     10.248    14.8550    14.8556     0.0006   3.839839   3.837922     0.8919    80.0125     1.1212      49.01     3.9295     2.6986 4.8649e+02 1.7863e+01 2.7234e+03          1   41.14522  -71.28190  -0.001917     10.168         18  0.000e+00
      28108 159.786876   1171.125     10.273    14.8553    14.8578     0.0025   3.839632   3.838192     0.8896    80.0599     1.1212      49.01     3.9295     2.6986 4.7566e+02 1.7442e+01 2.7271e+03          1   41.14522  -71.28190  -0.001440     10.193         18  0.000e+00
