ctd/raw/EN717_01.ros
* Sea-Bird SBE 9 Data File:
* FileName = D:\ctd\raw\EN717_01.hdr
* Software Version Seasave V 7.26.7.121
* Temperature SN = 4695
* Conductivity SN = 0618
* Number of Bytes Per Scan = 40
* Number of Voltage Words = 5
* Number of Scans Averaged by the Deck Unit = 1
* NMEA Latitude = 41 08.84 N
* NMEA Longitude = 071 16.87 W
* NMEA UTC (Time) = Jun 07 2024  18:33:32
* NMEA baud rate = 4800
** Ship: R/V Endeavor
** Cruise: EN717
** Principal Investigator: David Smith
** Chief Scientist: David Smith
** Project: RITAS
** Cruise Start Date: 07 June 2024
** Ports: from and to GSO, Narragansett, RI
** Station:
** Bottom Depth (m):
** Operator:
# nquan = 25
# nvalues = 1108                                  
# units = specified
# name 0 = scan: Scan Count
# name 1 = timeJ: Julian Days
# name 2 = timeS: Time, Elapsed [seconds]
# name 3 = prDM: Pressure, Digiquartz [db]
# name 4 = t090C: Temperature [ITS-90, deg C]
# name 5 = t190C: Temperature, 2 [ITS-90, deg C]
# name 6 = T2-T190C: Temperature Difference, 2 - 1 [ITS-90, deg C]
# name 7 = c0S/m: Conductivity [S/m]
# name 8 = c1S/m: Conductivity, 2 [S/m]
# name 9 = CStarAt0: Beam Attenuation, WET Labs C-Star [1/m]
# name 10 = CStarTr0: Beam Transmission, WET Labs C-Star [%]
# name 11 = flECO-AFL: Fluorescence, WET Labs ECO-AFL/FL [mg/m^3]
# name 12 = altM: Altimeter [m]
# name 13 = sbeox0V: Oxygen raw, SBE 43 [V]
# name 14 = sbeox1V: Oxygen raw, SBE 43, 2 [V]
# name 15 = par: PAR/Irradiance, Biospherical/Licor [umol photons/m^2/sec]
# name 16 = cpar: CPAR/Corrected Irradiance [%]
# name 17 = spar: SPAR, Biospherical/Licor [umol photons/m^2/sec]
# name 18 = pumps: Pump Status
# name 19 = latitude: Latitude [deg]
# name 20 = longitude: Longitude [deg]
# name 21 = C2-C1S/m: Conductivity Difference, 2 - 1 [S/m]
# name 22 = depSM: Depth [salt water, m]
# name 23 = nbf: Bottles Fired
# name 24 = flag:  0.000e+00
# interval = seconds: 0.0416667
# start_time = Jun 07 2024 18:33:35 [System UTC, header]
# bad_flag = -9.990e-29
*END*
[from data line 174]
      14629 159.780376    609.500     40.172     8.8324     8.8329     0.0004   3.371857   3.371915     0.9086    79.6808     0.2567      18.36     3.3628     2.2467 2.5209e+00 9.5145e-02 2.6496e+03          1   41.14642  -71.28154   0.000057     39.857          4  0.000e+00
      14630 159.780377    609.542     40.048     8.8323     8.8329     0.0005   3.371857   3.371853     0.9074    79.7045     0.2640      18.36     3.3628     2.2467 2.5135e+00 9.5397e-02 2.6348e+03          1   41.14642  -71.28154  -0.000004     39.733          4  0.000e+00
      14631 159.780377    609.583     40.156     8.8321     8.8329     0.0007   3.371864   3.371884     0.9062    79.7282     0.2640      18.36     3.3628     2.2467 2.5135e+00 9.5935e-02 2.6200e+03          1   41.14642  -71.28154   0.000020     39.840          4  0.000e+00
      14632 159.780378    609.625     40.106     8.8323     8.8327     0.0004   3.371883   3.371884     0.9038    79.7756     0.2640      18.36     3.3604     2.2455 2.4767e+00 9.5066e-02 2.6053e+03          1   41.14642  -71.28154 8.4930e-07     39.791          4  0.000e+00
      14633 159.780378    609.667     40.106     8.8323     8.8325     0.0002   3.371886   3.371884     0.9014    79.8230     0.2640      18.36     3.3628     2.2455 2.4621e+00 9.5045e-02 2.5905e+03          1   41.14642  -71.28154  -0.000002     39.791          4  0.000e+00
      14634 159.780379    609.708     40.106     8.8321     8.8327     0.0005   3.371886   3.371854     0.9014    79.8230     0.2640      18.36     3.3628     2.2455 2.4549e+00 9.5309e-02 2.5757e+03          1   41.14642  -71.28154  -0.000033     39.791          4  0.000e+00
      14635 159.780379    609.750     40.106     8.8318     8.8327     0.0009   3.371870   3.371884     0.8991    79.8704     0.2640      18.36     3.3628     2.2467 2.4477e+00 9.5645e-02 2.5591e+03          1   41.14642  -71.28154   0.000014     39.791          4  0.000e+00
      14636 159.780380    609.792     40.106     8.8321     8.8329     0.0007   3.371883   3.371854     0.8991    79.8704     0.2640      18.39     3.3628     2.2455 2.4332e+00 9.5703e-02 2.5425e+03          1   41.14642  -71.28154  -0.000030     39.791          4  0.000e+00
      14637 159.780380    609.833     40.172     8.8318     8.8325     0.0007   3.371870   3.371884     0.8979    79.8940     0.2640      18.41     3.3616     2.2467 2.4404e+00 9.6618e-02 2.5259e+03          1   41.14642  -71.28154   0.000014     39.857          4  0.000e+00
      14638 159.780380    609.875     40.172     8.8318     8.8323     0.0005   3.371864   3.371884     0.8979    79.8940     0.2567      18.39     3.3628     2.2467 2.4189e+00 9.6399e-02 2.5093e+03          1   41.14642  -71.28154   0.000020     39.857          4  0.000e+00
      14639 159.780381    609.917     40.106     8.8321     8.8322     0.0001   3.371864   3.371854     0.8979    79.8940     0.2347      18.39     3.3628     2.2467 2.4118e+00 9.6828e-02 2.4908e+03          1   41.14642  -71.28154  -0.000010     39.791          4  0.000e+00
      14640 159.780381    609.958     40.106     8.8319     8.8322     0.0003   3.371883   3.371884     0.9014    79.8230     0.2274      18.39     3.3628     2.2467 2.4047e+00 9.7190e-02 2.4742e+03          1   41.14642  -71.28154 8.5081e-07     39.791          4  0.000e+00
      14641 159.780382    610.000     40.173     8.8321     8.8318    -0.0003   3.371851   3.371854     0.9026    79.7993     0.2201      18.39     3.3628     2.2467 2.3976e+00 9.7632e-02 2.4557e+03          1   41.14642  -71.28154   0.000003     39.857          4  0.000e+00
      14642 159.780382    610.042     40.173     8.8318     8.8320     0.0002   3.371873   3.371823     0.9050    79.7519     0.2274      18.39     3.3628     2.2467 2.3764e+00 9.7356e-02 2.4409e+03          1   41.14642  -71.28154  -0.000050     39.857          4  0.000e+00
      14643 159.780383    610.083     40.173     8.8319     8.8320     0.0001   3.371886   3.371884     0.9050    79.7519     0.2274      18.39     3.3616     2.2467 2.3694e+00 9.7734e-02 2.4243e+03          1   41.14642  -71.28154  -0.000002     39.857          4  0.000e+00
      14644 159.780383    610.125     40.173     8.8323     8.8318    -0.0005   3.371909   3.371823     0.9050    79.7519     0.2274      18.39     3.3628     2.2467 2.3624e+00 9.8117e-02 2.4077e+03          1   41.14642  -71.28154  -0.000086     39.857          4  0.000e+00
      14645 159.780384    610.167     40.156     8.8321     8.8320    -0.0001   3.371896   3.371884     0.9038    79.7756     0.2274      18.39     3.3616     2.2467 2.3484e+00 9.8141e-02 2.3929e+03          1   41.14642  -71.28154  -0.000012     39.840          4  0.000e+00
      14646 159.780384    610.208     40.173     8.8326     8.8320    -0.0006   3.371909   3.371854     0.9026    79.7993     0.2274      18.39     3.3628     2.2467 2.3415e+00 9.8459e-02 2.3782e+03          1   41.14642  -71.28154  -0.000056     39.857          4  0.000e+00
      14647 159.780385    610.250     40.231     8.8326     8.8318    -0.0008   3.371935   3.371854     0.9026    79.7993     0.2274      18.36     3.3616     2.2480 2.3415e+00 9.9074e-02 2.3634e+03          1   41.14642  -71.28154  -0.000082     39.914          4  0.000e+00
      14648 159.780385    610.292     40.231     8.8328     8.8318    -0.0009   3.371945   3.371884     0.9014    79.8230     0.2274      18.36     3.3616     2.2467 2.3346e+00 9.9324e-02 2.3505e+03          1   41.14642  -71.28154  -0.000061     39.914          4  0.000e+00
      14649 159.780386    610.333     40.231     8.8331     8.8315    -0.0016   3.371945   3.371823     0.9014    79.8230     0.2274      18.34     3.3616     2.2467 2.3277e+00 9.9578e-02 2.3375e+03          1   41.14642  -71.28154  -0.000122     39.914          4  0.000e+00
      14650 159.780386    610.375     40.231     8.8331     8.8312    -0.0019   3.371945   3.371793     0.9002    79.8467     0.2274      18.34     3.3616     2.2480 2.3208e+00 9.9836e-02 2.3246e+03          1   41.14642  -71.28154  -0.000153     39.914          4  0.000e+00
      17435 159.781729    726.417     30.266     8.9535     8.9578     0.0043   3.379113   3.379349     0.7695    82.4999     0.2714      28.60     3.3812     2.2614 1.5860e+01 5.4853e-01 2.8915e+03          1   41.14620  -71.28158   0.000236     30.029          5  0.000e+00
      17436 159.781730    726.458     30.208     8.9530     8.9572     0.0042   3.379060   3.379349     0.7718    82.4525     0.2714      28.60     3.3812     2.2614 1.5860e+01 5.4818e-01 2.8933e+03          1   41.14620  -71.28158   0.000288     29.971          5  0.000e+00
      17437 159.781730    726.500     30.266     8.9525     8.9566     0.0041   3.379024   3.379263     0.7718    82.4525     0.2714      28.55     3.3812     2.2614 1.5816e+01 5.4697e-01 2.8915e+03          1   41.14620  -71.28158   0.000239     30.029          5  0.000e+00
      17438 159.781731    726.542     30.249     8.9520     8.9559     0.0039   3.378959   3.379288     0.7706    82.4762     0.2860      28.55     3.3812     2.2614 1.5816e+01 5.4697e-01 2.8915e+03          1   41.14620  -71.28158   0.000328     30.012          5  0.000e+00
      17439 159.781731    726.583     30.266     8.9509     8.9549     0.0040   3.378930   3.379166     0.7695    82.4999     0.2860      28.55     3.3824     2.2614 1.5816e+01 5.4697e-01 2.8915e+03          1   41.14620  -71.28158   0.000236     30.029          5  0.000e+00
      17440 159.781732    726.625     30.266     8.9497     8.9542     0.0044   3.378858   3.379104     0.7695    82.4999     0.2933      28.57     3.3812     2.2614 1.5816e+01 5.4697e-01 2.8915e+03          1   41.14620  -71.28158   0.000247     30.029          5  0.000e+00
      17441 159.781732    726.667     30.266     8.9495     8.9541     0.0046   3.378737   3.378988     0.7706    82.4762     0.2933      28.55     3.3812     2.2614 1.5771e+01 5.4508e-01 2.8933e+03          1   41.14620  -71.28158   0.000251     30.029          5  0.000e+00
      17442 159.781733    726.708     30.307     8.9470     8.9548     0.0079   3.378545   3.379104     0.7695    82.4999     0.2933      28.55     3.3824     2.2614 1.5771e+01 5.4508e-01 2.8933e+03          1   41.14620  -71.28158   0.000560     30.070          5  0.000e+00
      17443 159.781733    726.750     30.332     8.9429     8.9551     0.0122   3.378313   3.379196     0.7718    82.4525     0.2933      28.55     3.3824     2.2626 1.5771e+01 5.4508e-01 2.8933e+03          1   41.14620  -71.28158   0.000883     30.095          5  0.000e+00
      17444 159.781734    726.792     30.266     8.9406     8.9547     0.0141   3.378225   3.379233     0.7729    82.4289     0.2933      28.55     3.3824     2.2626 1.5726e+01 5.4354e-01 2.8933e+03          1   41.14620  -71.28158   0.001008     30.029          5  0.000e+00
      17445 159.781734    726.833     30.266     8.9412     8.9547     0.0134   3.378186   3.379135     0.7718    82.4525     0.2933      28.55     3.3824     2.2626 1.5682e+01 5.4200e-01 2.8933e+03          1   41.14620  -71.28158   0.000949     30.029          5  0.000e+00
      17446 159.781735    726.875     30.308     8.9406     8.9547     0.0141   3.378195   3.379013     0.7718    82.4525     0.2933      28.55     3.3812     2.2626 1.5726e+01 5.4354e-01 2.8933e+03          1   41.14620  -71.28158   0.000817     30.070          5  0.000e+00
      17447 159.781735    726.917     30.332     8.9437     8.9548     0.0111   3.378440   3.379043     0.7718    82.4525     0.2933      28.55     3.3812     2.2626 1.5637e+01 5.4046e-01 2.8933e+03          1   41.14620  -71.28158   0.000603     30.095          5  0.000e+00
      17448 159.781736    726.958     30.266     8.9473     8.9544     0.0071   3.378757   3.379050     0.7718    82.4525     0.2933      28.55     3.3824     2.2626 1.5593e+01 5.3894e-01 2.8933e+03          1   41.14620  -71.28158   0.000293     30.029          5  0.000e+00
      17449 159.781736    727.000     30.374     8.9515     8.9540     0.0026   3.379021   3.379013     0.7718    82.4525     0.2860      28.52     3.3824     2.2626 1.5593e+01 5.3894e-01 2.8933e+03          1   41.14620  -71.28158  -0.000008     30.136          5  0.000e+00
      17450 159.781737    727.042     30.266     8.9529     8.9528    -0.0001   3.379113   3.379013     0.7718    82.4525     0.2787      28.50     3.3824     2.2626 1.5549e+01 5.3741e-01 2.8933e+03          1   41.14620  -71.28158  -0.000100     30.029          5  0.000e+00
      17451 159.781737    727.083     30.332     8.9529     8.9514    -0.0014   3.379086   3.378921     0.7718    82.4525     0.2640      28.50     3.3824     2.2626 1.5549e+01 5.3707e-01 2.8952e+03          1   41.14620  -71.28158  -0.000165     30.095          5  0.000e+00
      17452 159.781738    727.125     30.332     8.9518     8.9498    -0.0020   3.378953   3.378891     0.7741    82.4052     0.2567      28.50     3.3824     2.2626 1.5505e+01 5.3589e-01 2.8933e+03          1   41.14620  -71.28158  -0.000062     30.095          5  0.000e+00
      17453 159.781738    727.167     30.308     8.9497     8.9490    -0.0008   3.378783   3.378708     0.7741    82.4052     0.2567      28.50     3.3836     2.2626 1.5461e+01 5.3403e-01 2.8952e+03          1   41.14620  -71.28158  -0.000075     30.070          5  0.000e+00
      17454 159.781739    727.208     30.333     8.9468     8.9489     0.0021   3.378613   3.378586     0.7741    82.4052     0.2640      28.47     3.3824     2.2639 1.5417e+01 5.3252e-01 2.8952e+03          1   41.14620  -71.28158  -0.000028     30.095          5  0.000e+00
      17455 159.781739    727.250     30.333     8.9440     8.9490     0.0050   3.378473   3.378616     0.7729    82.4289     0.2640      28.50     3.3824     2.2626 1.5461e+01 5.3403e-01 2.8952e+03          1   41.14620  -71.28158   0.000143     30.095          5  0.000e+00
      17456 159.781739    727.292     30.391     8.9433     8.9482     0.0048   3.378362   3.378708     0.7729    82.4289     0.2567      28.50     3.3836     2.2626 1.5374e+01 5.3101e-01 2.8952e+03          1   41.14620  -71.28158   0.000346     30.152          5  0.000e+00
      17457 159.781740    727.333     30.308     8.9425     8.9473     0.0048   3.378244   3.378677     0.7741    82.4052     0.2640      28.47     3.3836     2.2626 1.5330e+01 5.2951e-01 2.8952e+03          1   41.14620  -71.28158   0.000433     30.070          5  0.000e+00
      17458 159.781740    727.375     30.333     8.9412     8.9468     0.0056   3.378146   3.378616     0.7798    82.2867     0.2640      28.50     3.3824     2.2626 1.5287e+01 5.2801e-01 2.8952e+03          1   41.14620  -71.28158   0.000470     30.095          5  0.000e+00
      17459 159.781741    727.417     30.391     8.9388     8.9466     0.0079   3.378026   3.378616     0.7856    82.1683     0.2640      28.50     3.3824     2.2626 1.5287e+01 5.2801e-01 2.8952e+03          1   41.14620  -71.28158   0.000590     30.152          5  0.000e+00
      17460 159.781741    727.458     30.266     8.9366     8.9468     0.0102   3.377931   3.378586     0.7856    82.1683     0.2640      28.50     3.3836     2.2626 1.5244e+01 5.2652e-01 2.8952e+03          1   41.14620  -71.28158   0.000655     30.029          5  0.000e+00
      17461 159.781742    727.500     30.374     8.9363     8.9473     0.0110   3.377872   3.378555     0.7833    82.2156     0.2640      28.42     3.3824     2.2626 1.5200e+01 5.2503e-01 2.8952e+03          1   41.14620  -71.28158   0.000683     30.136          5  0.000e+00
      17462 159.781742    727.542     30.333     8.9358     8.9481     0.0123   3.377771   3.378616     0.7798    82.2867     0.2640      28.35     3.3836     2.2626 1.5200e+01 5.2536e-01 2.8933e+03          1   41.14620  -71.28158   0.000845     30.095          5  0.000e+00
      17463 159.781743    727.583     30.391     8.9345     8.9491     0.0146   3.377693   3.378647     0.7775    82.3341     0.2714      28.35     3.3836     2.2626 1.5157e+01 5.2388e-01 2.8933e+03          1   41.14620  -71.28158   0.000954     30.152          5  0.000e+00
      17464 159.781743    727.625     30.333     8.9324     8.9507     0.0184   3.377575   3.378799     0.7775    82.3341     0.2787      28.35     3.3836     2.2626 1.5114e+01 5.2239e-01 2.8933e+03          1   41.14620  -71.28158   0.001224     30.095          5  0.000e+00
      17465 159.781744    727.667     30.308     8.9320     8.9523     0.0203   3.377562   3.378891     0.7798    82.2867     0.2787      28.35     3.3836     2.2626 1.5072e+01 5.2092e-01 2.8933e+03          1   41.14620  -71.28158   0.001329     30.070          5  0.000e+00
      17466 159.781744    727.708     30.391     8.9322     8.9528     0.0206   3.377569   3.378921     0.7787    82.3104     0.2787      28.35     3.3824     2.2626 1.5029e+01 5.1944e-01 2.8933e+03          1   41.14620  -71.28158   0.001353     30.153          5  0.000e+00
      17467 159.781745    727.750     30.333     8.9324     8.9535     0.0212   3.377588   3.378958     0.7787    82.3104     0.2787      28.42     3.3824     2.2626 1.5029e+01 5.1944e-01 2.8933e+03          1   41.14620  -71.28158   0.001370     30.095          5  0.000e+00
      17468 159.781745    727.792     30.374     8.9319     8.9543     0.0224   3.377569   3.379013     0.7810    82.2630     0.2714      28.45     3.3824     2.2626 1.4986e+01 5.1797e-01 2.8933e+03          1   41.14620  -71.28158   0.001444     30.136          5  0.000e+00
      17469 159.781746    727.833     30.333     8.9324     8.9555     0.0232   3.377546   3.379074     0.7798    82.2867     0.2787      28.47     3.3824     2.2626 1.4986e+01 5.1797e-01 2.8933e+03          1   41.14620  -71.28158   0.001528     30.095          5  0.000e+00
