INSTRUMENT_TYPE=SBE3
SERIALNO=4695
TCALDATE=17-Jan-24
TG= 4.39681191e-003
TH= 6.43587395e-004
TI= 2.14764500e-005
TJ= 1.75272873e-006
TF0=1000.0
