INSTRUMENT_TYPE=SBE3
SERIALNO=4130
TCALDATE=18-Jan-24
TG= 4.40286038e-003
TH= 6.48727438e-004
TI= 2.40983035e-005
TJ= 2.23567839e-006
TF0=1000.0
